0 0.54609375 0.43472222222222223 0.046875 0.14166666666666666
0 0.0625 0.5951388888888889 0.07968750000000001 0.1736111111111111
0 0.117578125 0.6381944444444445 0.10859375 0.27083333333333337
0 0.338671875 0.6659722222222223 0.08984375 0.25972222222222224
0 0.34609375000000003 0.13680555555555557 0.0390625 0.051388888888888894
0 0.5886718750000001 0.18611111111111112 0.01640625 0.058333333333333334
0 0.6199218750000001 0.1875 0.017968750000000002 0.05
0 0.68125 0.18472222222222223 0.015625 0.03888888888888889
0 0.6507812500000001 0.19861111111111113 0.0171875 0.04166666666666667
0 0.650390625 0.2451388888888889 0.01953125 0.05694444444444444
0 0.6796875 0.23472222222222222 0.015625 0.05277777777777778
0 0.43984375000000003 0.31875000000000003 0.035937500000000004 0.10138888888888889
0 0.6203125 0.3388888888888889 0.03125 0.08888888888888889
