1 0.6683593750000001 0.5715277777777777 0.06015625 0.10972222222222222
1 0.257421875 0.6145833333333334 0.11484375000000001 0.10694444444444445
1 0.483984375 0.6708333333333334 0.06796875000000001 0.11111111111111112
1 0.15976562500000002 0.7138888888888889 0.15546875000000002 0.15833333333333333
0 0.34023437500000003 0.71875 0.05078125 0.13194444444444445
0 0.40234375 0.757638888888889 0.046875 0.12916666666666668
0 0.23945312500000002 0.8354166666666667 0.06015625 0.1486111111111111
0 0.5734375 0.8319444444444445 0.0421875 0.17222222222222222
0 0.44062500000000004 0.8673611111111111 0.05625 0.15694444444444444
0 0.9558593750000001 0.8805555555555555 0.04453125 0.18611111111111112
0 0.83203125 0.9305555555555556 0.043750000000000004 0.16111111111111112
1 0.6316406250000001 0.2986111111111111 0.02421875 0.036111111111111115
1 0.6570312500000001 0.30972222222222223 0.028125 0.036111111111111115
1 0.700390625 0.35694444444444445 0.03671875 0.07222222222222223
0 0.8375 0.35347222222222224 0.0140625 0.04861111111111111
1 0.60078125 0.36944444444444446 0.029687500000000002 0.04166666666666667
0 0.78671875 0.3680555555555556 0.0171875 0.04722222222222222
0 0.814453125 0.3715277777777778 0.01640625 0.04861111111111111
0 0.8621093750000001 0.38958333333333334 0.017968750000000002 0.043055555555555555
1 0.6421875 0.40972222222222227 0.0421875 0.061111111111111116
0 0.761328125 0.4277777777777778 0.01953125 0.05
0 0.6875 0.45069444444444445 0.025 0.0625
0 0.7312500000000001 0.44375000000000003 0.0203125 0.05694444444444444
0 0.8109375000000001 0.48125 0.0203125 0.06805555555555556
1 0.5390625 0.5 0.060937500000000006 0.07222222222222223
0 0.54453125 0.5618055555555556 0.025 0.08750000000000001
0 0.8234375 0.5965277777777778 0.026562500000000003 0.08750000000000001
0 0.7312500000000001 0.6618055555555555 0.028125 0.10138888888888889
0 0.66171875 0.6868055555555556 0.028125 0.11527777777777778
0 0.8125 0.6770833333333334 0.029687500000000002 0.10416666666666667
0 0.487109375 0.7173611111111111 0.03671875 0.1125
0 0.5417968750000001 0.71875 0.03359375 0.12083333333333333
0 0.8328125000000001 0.7125 0.028125 0.10833333333333334
0 0.702734375 0.732638888888889 0.030468750000000003 0.11805555555555557
