1 0.6875 0.4479166666666667 0.1 0.1486111111111111
1 0.4 0.4861111111111111 0.1484375 0.18055555555555555
1 0.176171875 0.5291666666666667 0.11328125 0.17222222222222222
0 0.41132812500000004 0.6826388888888889 0.057031250000000006 0.2013888888888889
1 0.84140625 0.7604166666666667 0.1921875 0.2763888888888889
1 0.21445312500000002 0.24166666666666667 0.047656250000000004 0.06666666666666667
0 0.11171875 0.26944444444444443 0.0171875 0.05277777777777778
0 0.12109375 0.26944444444444443 0.0171875 0.05277777777777778
0 0.162890625 0.2777777777777778 0.01640625 0.058333333333333334
0 0.143359375 0.2986111111111111 0.017968750000000002 0.06666666666666667
1 0.330078125 0.32569444444444445 0.07421875 0.08472222222222223
0 0.18203125 0.3576388888888889 0.0234375 0.09027777777777778
0 0.20468750000000002 0.35000000000000003 0.025 0.08055555555555556
0 0.226953125 0.425 0.032031250000000004 0.10555555555555556
