3 0.33671875 0.33958333333333335 0.05625 0.1513888888888889
3 0.507421875 0.4416666666666667 0.08203125 0.19722222222222224
1 0.7546875000000001 0.7854166666666667 0.17343750000000002 0.3041666666666667
0 0.9558593750000001 0.8006944444444445 0.06484375 0.15972222222222224
3 0.455859375 0.21319444444444446 0.039843750000000004 0.10416666666666667
1 0.508203125 0.2548611111111111 0.03515625 0.051388888888888894
0 0.586328125 0.2826388888888889 0.02109375 0.04583333333333334
0 0.246484375 0.32083333333333336 0.01640625 0.04722222222222222
1 0.553125 0.3597222222222222 0.053125000000000006 0.06944444444444445
0 0.798046875 0.5597222222222222 0.03359375 0.11944444444444445
0 0.141015625 0.5826388888888889 0.02734375 0.10416666666666667
0 0.061328125000000004 0.6395833333333334 0.03671875 0.11527777777777778
