2 0.494921875 0.525 0.14296875 0.24722222222222223
1 0.5515625000000001 0.6847222222222222 0.084375 0.10833333333333334
0 0.47773437500000004 0.7361111111111112 0.047656250000000004 0.13055555555555556
0 0.058984375000000006 0.8319444444444445 0.06953125 0.125
1 0.361328125 0.8604166666666667 0.12578125 0.20972222222222223
0 0.16484375 0.9020833333333333 0.0578125 0.16527777777777777
1 0.55703125 0.9 0.12187500000000001 0.2
1 0.6628906250000001 0.33125 0.030468750000000003 0.034722222222222224
1 0.7125 0.33958333333333335 0.03125 0.04583333333333334
1 0.6394531250000001 0.3770833333333333 0.03515625 0.04861111111111111
0 0.8234375 0.41111111111111115 0.015625 0.05555555555555556
0 0.8453125 0.40347222222222223 0.0171875 0.051388888888888894
1 0.66953125 0.4388888888888889 0.045312500000000006 0.075
1 0.597265625 0.45625000000000004 0.04453125 0.07083333333333333
0 0.70703125 0.47222222222222227 0.018750000000000003 0.06666666666666667
0 0.7562500000000001 0.46875 0.0171875 0.07083333333333333
0 0.866796875 0.4840277777777778 0.02109375 0.06527777777777778
0 0.8230468750000001 0.5444444444444445 0.01953125 0.08333333333333334
0 0.38906250000000003 0.6652777777777779 0.034375 0.10833333333333334
0 0.41914062500000004 0.6736111111111112 0.03359375 0.10833333333333334
