0 0.45859375 0.40625 0.0421875 0.14027777777777778
0 0.403125 0.5902777777777778 0.08281250000000001 0.2111111111111111
0 0.5339843750000001 0.788888888888889 0.07109375 0.25277777777777777
0 0.33710937500000004 0.8138888888888889 0.10859375 0.24444444444444446
0 0.5847656250000001 0.17847222222222223 0.01640625 0.04861111111111111
1 0.63984375 0.1798611111111111 0.0390625 0.05416666666666667
0 0.554296875 0.20625000000000002 0.017968750000000002 0.051388888888888894
0 0.6296875000000001 0.275 0.018750000000000003 0.058333333333333334
0 0.578515625 0.3388888888888889 0.025781250000000002 0.09444444444444444
0 0.6355468750000001 0.35000000000000003 0.02421875 0.07777777777777778
