0 0.4734375 0.7958333333333334 0.040625 0.14444444444444446
0 0.9574218750000001 0.8770833333333333 0.05078125 0.17916666666666667
0 0.24531250000000002 0.9409722222222222 0.0671875 0.10138888888888889
1 0.681640625 0.3013888888888889 0.030468750000000003 0.03888888888888889
1 0.66171875 0.33333333333333337 0.0328125 0.036111111111111115
1 0.60546875 0.35833333333333334 0.0328125 0.036111111111111115
0 0.810546875 0.37777777777777777 0.01953125 0.04722222222222222
1 0.625 0.39513888888888893 0.0421875 0.051388888888888894
0 0.7425781250000001 0.3979166666666667 0.01640625 0.05416666666666667
0 0.84296875 0.38472222222222224 0.0203125 0.044444444444444446
1 0.525390625 0.4291666666666667 0.03828125 0.061111111111111116
0 0.77734375 0.4236111111111111 0.015625 0.05
0 0.81640625 0.42708333333333337 0.0171875 0.04583333333333334
0 0.84921875 0.43472222222222223 0.018750000000000003 0.05
1 0.560546875 0.45069444444444445 0.047656250000000004 0.06805555555555556
0 0.788671875 0.48541666666666666 0.017968750000000002 0.07083333333333333
0 0.83359375 0.49375 0.021875000000000002 0.06527777777777778
0 0.7453125 0.5097222222222222 0.0203125 0.06666666666666667
0 0.64765625 0.5479166666666667 0.0203125 0.07361111111111111
0 0.783203125 0.5715277777777777 0.022656250000000003 0.09027777777777778
0 0.7269531250000001 0.5840277777777778 0.022656250000000003 0.08750000000000001
0 0.52890625 0.6201388888888889 0.03125 0.09305555555555556
0 0.56875 0.6270833333333333 0.026562500000000003 0.10138888888888889
0 0.644140625 0.6361111111111112 0.02734375 0.1
0 0.70859375 0.6361111111111112 0.029687500000000002 0.1
0 0.5015625 0.6652777777777779 0.035937500000000004 0.10555555555555556
0 0.4546875 0.7333333333333334 0.037500000000000006 0.12222222222222223
