0 0.36757812500000003 0.39583333333333337 0.057031250000000006 0.12222222222222223
0 0.587890625 0.5833333333333334 0.04609375 0.17500000000000002
0 0.17890625000000002 0.17500000000000002 0.028125 0.075
0 0.6156250000000001 0.1826388888888889 0.015625 0.043055555555555555
0 0.6375000000000001 0.18125 0.0140625 0.04027777777777778
0 0.6023437500000001 0.2013888888888889 0.0140625 0.05
0 0.55234375 0.21666666666666667 0.018750000000000003 0.05555555555555556
0 0.59765625 0.21319444444444446 0.0171875 0.04583333333333334
0 0.675 0.22430555555555556 0.0140625 0.04583333333333334
0 0.51953125 0.25277777777777777 0.028125 0.0638888888888889
0 0.628125 0.3027777777777778 0.021875000000000002 0.07222222222222223
