2 0.63203125 0.48194444444444445 0.09843750000000001 0.1527777777777778
1 0.41914062500000004 0.5888888888888889 0.10234375000000001 0.11388888888888889
0 0.393359375 0.7743055555555556 0.04296875 0.14305555555555557
0 0.54140625 0.7916666666666667 0.040625 0.14722222222222223
0 0.8656250000000001 0.7979166666666667 0.040625 0.1513888888888889
0 0.8074218750000001 0.85 0.03515625 0.17222222222222222
0 0.85703125 0.9347222222222222 0.0484375 0.125
1 0.694921875 0.39375 0.03671875 0.0625
0 0.7800781250000001 0.4166666666666667 0.014843750000000001 0.058333333333333334
0 0.7371093750000001 0.425 0.014843750000000001 0.0638888888888889
0 0.85546875 0.42847222222222225 0.018750000000000003 0.051388888888888894
0 0.821875 0.44930555555555557 0.0171875 0.05416666666666667
0 0.8363281250000001 0.47361111111111115 0.01953125 0.06944444444444445
1 0.4578125 0.48194444444444445 0.0703125 0.06944444444444445
0 0.769140625 0.5097222222222222 0.01953125 0.07222222222222223
1 0.34882812500000004 0.5611111111111111 0.06953125 0.07777777777777778
0 0.745703125 0.5701388888888889 0.02109375 0.08194444444444444
0 0.676953125 0.6215277777777778 0.025781250000000002 0.08750000000000001
0 0.491015625 0.6375000000000001 0.030468750000000003 0.09444444444444444
0 0.5300781250000001 0.6381944444444445 0.02890625 0.10138888888888889
0 0.7125 0.6409722222222223 0.029687500000000002 0.09861111111111112
0 0.8363281250000001 0.6430555555555556 0.030468750000000003 0.11666666666666667
0 0.5890625 0.69375 0.0328125 0.10972222222222222
0 0.558984375 0.7229166666666667 0.030468750000000003 0.09583333333333334
0 0.79453125 0.725 0.03125 0.11666666666666667
