0 0.5398437500000001 0.7722222222222223 0.045312500000000006 0.13333333333333333
0 0.24140625000000002 0.9326388888888889 0.0734375 0.12638888888888888
1 0.630078125 0.3416666666666667 0.030468750000000003 0.044444444444444446
2 0.698828125 0.33333333333333337 0.03515625 0.08611111111111111
1 0.68125 0.39583333333333337 0.0390625 0.05
0 0.872265625 0.4326388888888889 0.017968750000000002 0.05416666666666667
0 0.69296875 0.46458333333333335 0.021875000000000002 0.0625
0 0.847265625 0.46458333333333335 0.017968750000000002 0.05694444444444444
1 0.523046875 0.4902777777777778 0.06328125 0.08333333333333334
0 0.80390625 0.4861111111111111 0.0171875 0.07222222222222223
0 0.630078125 0.5083333333333333 0.01953125 0.06944444444444445
0 0.689453125 0.525 0.022656250000000003 0.08055555555555556
0 0.7210937500000001 0.5340277777777778 0.021875000000000002 0.08472222222222223
0 0.59921875 0.5527777777777778 0.028125 0.08055555555555556
0 0.6507812500000001 0.5402777777777777 0.021875000000000002 0.08055555555555556
0 0.8500000000000001 0.5472222222222223 0.0234375 0.08055555555555556
0 0.73828125 0.5618055555555556 0.0203125 0.0763888888888889
0 0.82421875 0.5722222222222223 0.0234375 0.08333333333333334
0 0.52890625 0.5826388888888889 0.029687500000000002 0.08472222222222223
0 0.766796875 0.5875 0.022656250000000003 0.08333333333333334
0 0.54609375 0.6097222222222223 0.03125 0.08611111111111111
0 0.693359375 0.6291666666666667 0.025781250000000002 0.10277777777777779
0 0.599609375 0.6430555555555556 0.030468750000000003 0.09166666666666667
0 0.78515625 0.6375000000000001 0.028125 0.10277777777777779
0 0.633984375 0.6659722222222223 0.032031250000000004 0.10416666666666667
0 0.47578125000000004 0.6833333333333333 0.035937500000000004 0.11944444444444445
0 0.521875 0.6854166666666667 0.035937500000000004 0.10972222222222222
0 0.7035156250000001 0.7201388888888889 0.02890625 0.12638888888888888
0 0.8375 0.7402777777777778 0.034375 0.13055555555555556
