0 0.256640625 0.37569444444444444 0.07109375 0.14027777777777778
0 0.25703125 0.4902777777777778 0.07187500000000001 0.18333333333333335
0 0.19609375 0.6694444444444445 0.1125 0.25833333333333336
0 0.177734375 0.18055555555555555 0.02734375 0.07777777777777778
0 0.6394531250000001 0.17847222222222223 0.013281250000000001 0.04027777777777778
0 0.68125 0.20347222222222222 0.0140625 0.043055555555555555
0 0.6179687500000001 0.21458333333333335 0.0171875 0.05416666666666667
0 0.56171875 0.24166666666666667 0.0203125 0.06666666666666667
0 0.578515625 0.30208333333333337 0.025781250000000002 0.08750000000000001
0 0.6292968750000001 0.36944444444444446 0.032031250000000004 0.11388888888888889
