0 0.28828125 0.4277777777777778 0.0671875 0.18333333333333335
0 0.556640625 0.47847222222222224 0.047656250000000004 0.17083333333333334
0 0.294140625 0.7180555555555556 0.10546875 0.25833333333333336
0 0.178125 0.17916666666666667 0.028125 0.075
0 0.36835937500000004 0.2326388888888889 0.03515625 0.0763888888888889
0 0.40078125000000003 0.2701388888888889 0.035937500000000004 0.09305555555555556
0 0.49648437500000003 0.2798611111111111 0.030468750000000003 0.0763888888888889
0 0.553125 0.29375 0.029687500000000002 0.09861111111111112
0 0.649609375 0.29097222222222224 0.02109375 0.07916666666666666
0 0.35000000000000003 0.3076388888888889 0.035937500000000004 0.08194444444444444
0 0.596875 0.31180555555555556 0.03125 0.09861111111111112
