2 0.535546875 0.43680555555555556 0.09453125000000001 0.13472222222222222
1 0.2328125 0.6333333333333333 0.1125 0.11388888888888889
0 0.5652343750000001 0.7840277777777778 0.039843750000000004 0.14027777777777778
0 0.40351562500000004 0.8090277777777778 0.04453125 0.15694444444444444
0 0.11992187500000001 0.8534722222222223 0.06484375 0.14583333333333334
0 0.32460937500000003 0.8486111111111111 0.047656250000000004 0.16666666666666669
0 0.51015625 0.8625 0.05 0.14722222222222223
0 0.6218750000000001 0.8743055555555556 0.0421875 0.1513888888888889
1 0.734375 0.875 0.12187500000000001 0.20833333333333334
0 0.156640625 0.9076388888888889 0.07109375 0.17083333333333334
0 0.84765625 0.9111111111111111 0.037500000000000006 0.1638888888888889
0 0.2734375 0.9437500000000001 0.0703125 0.1125
1 0.6292968750000001 0.31527777777777777 0.01953125 0.030555555555555558
0 0.833203125 0.3354166666666667 0.014843750000000001 0.034722222222222224
1 0.591796875 0.36944444444444446 0.03515625 0.036111111111111115
1 0.6746093750000001 0.3770833333333333 0.03671875 0.05694444444444444
1 0.6410156250000001 0.44236111111111115 0.047656250000000004 0.0625
0 0.8289062500000001 0.4513888888888889 0.018750000000000003 0.06666666666666667
1 0.6488281250000001 0.5055555555555555 0.041406250000000006 0.06944444444444445
1 0.40468750000000003 0.5208333333333334 0.078125 0.07777777777777778
0 0.8562500000000001 0.5319444444444444 0.0234375 0.07777777777777778
0 0.6394531250000001 0.5673611111111111 0.02421875 0.08750000000000001
0 0.47265625 0.5909722222222222 0.029687500000000002 0.09027777777777778
0 0.56875 0.5777777777777778 0.026562500000000003 0.08055555555555556
0 0.602734375 0.6 0.022656250000000003 0.08333333333333334
0 0.358984375 0.6361111111111112 0.03671875 0.11111111111111112
0 0.7449218750000001 0.6458333333333334 0.02890625 0.09166666666666667
0 0.796484375 0.6402777777777778 0.02734375 0.09722222222222222
0 0.869140625 0.6486111111111111 0.02890625 0.09722222222222222
0 0.62421875 0.7159722222222222 0.034375 0.09583333333333334
0 0.6843750000000001 0.7159722222222222 0.034375 0.10972222222222222
0 0.5105468750000001 0.7625000000000001 0.03671875 0.10833333333333334
0 0.6292968750000001 0.7756944444444445 0.03671875 0.12083333333333333
0 0.880859375 0.7826388888888889 0.03671875 0.13472222222222222
0 0.8367187500000001 0.8118055555555556 0.0328125 0.12361111111111112
