3 0.44179687500000003 0.2923611111111111 0.04609375 0.12361111111111112
3 0.55625 0.3277777777777778 0.06406250000000001 0.16944444444444445
1 0.412109375 0.4173611111111111 0.05859375 0.12638888888888888
0 0.23203125000000002 0.6326388888888889 0.034375 0.16527777777777777
1 0.41875 0.6618055555555555 0.0921875 0.2763888888888889
0 0.568359375 0.6687500000000001 0.049218750000000006 0.1763888888888889
0 0.8609375 0.6847222222222222 0.053125000000000006 0.14166666666666666
1 0.770703125 0.7090277777777778 0.13203125000000002 0.19583333333333333
0 0.5281250000000001 0.7611111111111112 0.0421875 0.15833333333333333
0 0.095703125 0.7743055555555556 0.047656250000000004 0.18194444444444446
0 0.35976562500000003 0.37777777777777777 0.022656250000000003 0.08888888888888889
0 0.6785156250000001 0.3680555555555556 0.01953125 0.07222222222222223
0 0.3296875 0.3861111111111111 0.021875000000000002 0.08611111111111111
0 0.6546875000000001 0.39583333333333337 0.021875000000000002 0.07222222222222223
0 0.29140625000000003 0.4375 0.028125 0.09444444444444444
0 0.7035156250000001 0.42847222222222225 0.025781250000000002 0.09027777777777778
0 0.511328125 0.47222222222222227 0.025781250000000002 0.11111111111111112
0 0.29375 0.5472222222222223 0.03125 0.1277777777777778
0 0.78125 0.5409722222222222 0.040625 0.10138888888888889
0 0.6648437500000001 0.6048611111111112 0.0328125 0.13194444444444445
