0 0.41171875 0.6965277777777779 0.037500000000000006 0.1736111111111111
0 0.36640625000000004 0.9041666666666667 0.0734375 0.17777777777777778
1 0.6351562500000001 0.2972222222222222 0.029687500000000002 0.036111111111111115
0 0.6746093750000001 0.39513888888888893 0.017968750000000002 0.04861111111111111
1 0.7171875000000001 0.41458333333333336 0.043750000000000004 0.06805555555555556
0 0.87265625 0.41944444444444445 0.0203125 0.05277777777777778
0 0.697265625 0.49583333333333335 0.01953125 0.07777777777777778
0 0.6671875 0.5083333333333333 0.0203125 0.06666666666666667
0 0.598046875 0.5201388888888889 0.025781250000000002 0.07916666666666666
0 0.790234375 0.5333333333333333 0.02421875 0.08055555555555556
0 0.8187500000000001 0.525 0.025 0.08333333333333334
0 0.8656250000000001 0.5388888888888889 0.025 0.08611111111111111
0 0.5417968750000001 0.5597222222222222 0.02890625 0.08611111111111111
0 0.8109375000000001 0.5590277777777778 0.0234375 0.08194444444444444
0 0.6511718750000001 0.5909722222222222 0.02734375 0.09583333333333334
0 0.7000000000000001 0.6083333333333334 0.026562500000000003 0.11111111111111112
0 0.744140625 0.5972222222222222 0.02890625 0.08888888888888889
0 0.586328125 0.6291666666666667 0.03671875 0.10277777777777779
0 0.773046875 0.6368055555555556 0.02890625 0.09861111111111112
0 0.80390625 0.6861111111111111 0.026562500000000003 0.10555555555555556
0 0.33828125000000003 0.6930555555555555 0.040625 0.11388888888888889
0 0.455859375 0.7222222222222222 0.03671875 0.13055555555555556
0 0.496875 0.7368055555555556 0.0390625 0.11805555555555557
