3 0.7937500000000001 0.3979166666666667 0.07187500000000001 0.1736111111111111
0 0.5984375000000001 0.6222222222222222 0.0421875 0.14166666666666666
0 0.521875 0.6645833333333333 0.060937500000000006 0.14583333333333334
0 0.790234375 0.6736111111111112 0.03359375 0.16944444444444445
0 0.60546875 0.7444444444444445 0.0484375 0.16666666666666669
0 0.4390625 0.78125 0.0921875 0.1902777777777778
0 0.63984375 0.8173611111111111 0.0578125 0.1736111111111111
0 0.54921875 0.4916666666666667 0.035937500000000004 0.075
0 0.7132812500000001 0.6027777777777777 0.03125 0.08888888888888889
0 0.637890625 0.6625 0.03671875 0.11111111111111112
