1 0.080078125 0.5576388888888889 0.13359375 0.1375
0 0.23203125000000002 0.6034722222222223 0.0671875 0.10138888888888889
0 0.45625000000000004 0.5902777777777778 0.0703125 0.10555555555555556
0 0.11796875000000001 0.6569444444444444 0.084375 0.10555555555555556
0 0.5964843750000001 0.8368055555555556 0.049218750000000006 0.1902777777777778
0 0.65390625 0.3479166666666667 0.0203125 0.06805555555555556
0 0.26992187500000003 0.4138888888888889 0.030468750000000003 0.06944444444444445
0 0.5066406250000001 0.45 0.03515625 0.08333333333333334
0 0.35000000000000003 0.48680555555555555 0.045312500000000006 0.07083333333333333
0 0.321875 0.6451388888888889 0.08281250000000001 0.08472222222222223
