0 0.349609375 0.31180555555555556 0.04609375 0.12638888888888888
0 0.5421875 0.5833333333333334 0.053125000000000006 0.2
0 0.257421875 0.7798611111111111 0.10546875 0.2763888888888889
0 0.178515625 0.17777777777777778 0.02890625 0.07777777777777778
0 0.628515625 0.21458333333333335 0.01953125 0.04861111111111111
0 0.505859375 0.25277777777777777 0.02734375 0.075
0 0.55078125 0.25 0.0234375 0.06944444444444445
0 0.66796875 0.2590277777777778 0.0203125 0.05694444444444444
0 0.40742187500000004 0.3354166666666667 0.03828125 0.11527777777777778
0 0.648046875 0.36736111111111114 0.02890625 0.09861111111111112
0 0.5578125 0.4236111111111111 0.03125 0.10833333333333334
