1 0.7562500000000001 0.59375 0.1640625 0.11527777777777778
0 0.323046875 0.7416666666666667 0.04453125 0.15
0 0.374609375 0.757638888888889 0.039843750000000004 0.1513888888888889
0 0.44648437500000004 0.8715277777777778 0.055468750000000004 0.15416666666666667
1 0.669921875 0.3125 0.02890625 0.04166666666666667
1 0.706640625 0.30972222222222223 0.022656250000000003 0.030555555555555558
1 0.62421875 0.33125 0.03125 0.03194444444444445
0 0.7312500000000001 0.4131944444444445 0.018750000000000003 0.05694444444444444
0 0.7820312500000001 0.41597222222222224 0.015625 0.05694444444444444
0 0.85703125 0.4152777777777778 0.018750000000000003 0.058333333333333334
0 0.753515625 0.42986111111111114 0.017968750000000002 0.05694444444444444
0 0.6996093750000001 0.45069444444444445 0.01953125 0.07083333333333333
0 0.7644531250000001 0.4708333333333333 0.02109375 0.06666666666666667
0 0.6796875 0.48541666666666666 0.0203125 0.07083333333333333
0 0.8359375 0.4930555555555556 0.0234375 0.075
1 0.5105468750000001 0.49930555555555556 0.05390625 0.06805555555555556
0 0.6390625000000001 0.5520833333333334 0.026562500000000003 0.07916666666666666
0 0.523046875 0.5576388888888889 0.025781250000000002 0.08750000000000001
0 0.57421875 0.5972222222222222 0.0328125 0.09722222222222222
0 0.42109375000000004 0.6875 0.035937500000000004 0.11944444444444445
0 0.56015625 0.7118055555555556 0.0328125 0.11527777777777778
0 0.464453125 0.7451388888888889 0.041406250000000006 0.11805555555555557
