3 0.12187500000000001 0.27222222222222225 0.26875 0.5305555555555556
3 0.44609375 0.25 0.045312500000000006 0.11944444444444445
1 0.36171875000000003 0.40972222222222227 0.1296875 0.11111111111111112
1 0.06796875000000001 0.5333333333333333 0.1328125 0.11388888888888889
1 0.37148437500000003 0.5243055555555556 0.16484375 0.11805555555555557
0 0.67578125 0.5458333333333334 0.059375000000000004 0.13611111111111113
0 0.540625 0.6020833333333333 0.059375000000000004 0.10694444444444445
1 0.041015625 0.7194444444444444 0.08828125 0.19722222222222224
0 0.61875 0.2916666666666667 0.015625 0.061111111111111116
0 0.5730468750000001 0.30972222222222223 0.017968750000000002 0.06944444444444445
0 0.6015625 0.4048611111111111 0.0328125 0.08750000000000001
0 0.8621093750000001 0.4256944444444445 0.03671875 0.08750000000000001
0 0.5703125 0.5444444444444445 0.043750000000000004 0.08611111111111111
0 0.8875000000000001 0.5409722222222222 0.046875 0.09583333333333334
