2 0.416015625 0.3236111111111111 0.055468750000000004 0.13055555555555556
4 0.1 0.46875 0.1234375 0.09583333333333334
2 0.39765625000000004 0.48194444444444445 0.0890625 0.18888888888888888
1 0.22578125000000002 0.5270833333333333 0.1328125 0.13194444444444445
0 0.28515625 0.6097222222222223 0.05625 0.11944444444444445
0 0.479296875 0.6444444444444445 0.03671875 0.15555555555555556
0 0.7914062500000001 0.65625 0.045312500000000006 0.15416666666666667
0 0.37812500000000004 0.7381944444444445 0.1015625 0.16805555555555557
1 0.533203125 0.3145833333333333 0.08515625 0.06527777777777778
0 0.34218750000000003 0.3993055555555556 0.0171875 0.09027777777777778
0 0.6453125000000001 0.4131944444444445 0.021875000000000002 0.08472222222222223
0 0.68671875 0.4104166666666667 0.0234375 0.09027777777777778
0 0.32070312500000003 0.4277777777777778 0.017968750000000002 0.09444444444444444
0 0.273046875 0.4451388888888889 0.02421875 0.09027777777777778
0 0.7273437500000001 0.46597222222222223 0.029687500000000002 0.09861111111111112
0 0.30117187500000003 0.4840277777777778 0.02734375 0.1125
0 0.46953125 0.5319444444444444 0.035937500000000004 0.11111111111111112
4 0.851171875 0.5284722222222222 0.032031250000000004 0.10694444444444445
