1 0.33242187500000003 0.5701388888888889 0.10703125000000001 0.11805555555555557
1 0.669921875 0.5784722222222223 0.06171875 0.1125
1 0.5421875 0.7048611111111112 0.09062500000000001 0.11527777777777778
1 0.09140625000000001 0.7986111111111112 0.17343750000000002 0.2138888888888889
0 0.37343750000000003 0.8256944444444445 0.05 0.1625
0 0.48750000000000004 0.8368055555555556 0.0484375 0.16527777777777777
0 0.405859375 0.86875 0.047656250000000004 0.1625
0 0.673828125 0.8645833333333334 0.04296875 0.1513888888888889
0 0.75 0.8694444444444445 0.0390625 0.1527777777777778
0 0.19765625 0.8909722222222223 0.07187500000000001 0.16805555555555557
0 0.5613281250000001 0.9166666666666667 0.04453125 0.1638888888888889
0 0.816015625 0.9284722222222223 0.041406250000000006 0.1486111111111111
0 0.894140625 0.9361111111111111 0.047656250000000004 0.13333333333333333
1 0.6742187500000001 0.2916666666666667 0.029687500000000002 0.02777777777777778
1 0.615234375 0.3402777777777778 0.030468750000000003 0.03888888888888889
1 0.6585937500000001 0.3354166666666667 0.03125 0.0375
1 0.5859375 0.39166666666666666 0.0421875 0.05277777777777778
0 0.79453125 0.3902777777777778 0.015625 0.04722222222222222
0 0.784765625 0.4361111111111111 0.017968750000000002 0.058333333333333334
0 0.74765625 0.4430555555555556 0.018750000000000003 0.05277777777777778
0 0.8148437500000001 0.44930555555555557 0.0171875 0.05694444444444444
0 0.6820312500000001 0.47361111111111115 0.018750000000000003 0.058333333333333334
0 0.835546875 0.4715277777777778 0.02109375 0.06527777777777778
1 0.453125 0.48750000000000004 0.07187500000000001 0.08333333333333334
0 0.5671875000000001 0.5118055555555556 0.0234375 0.06527777777777778
0 0.71484375 0.5048611111111111 0.0203125 0.06805555555555556
0 0.794140625 0.5243055555555556 0.02421875 0.0763888888888889
0 0.8480468750000001 0.525 0.02421875 0.07222222222222223
0 0.62109375 0.5444444444444445 0.025 0.08333333333333334
0 0.8132812500000001 0.5694444444444444 0.0234375 0.08333333333333334
0 0.78125 0.6027777777777777 0.0234375 0.09166666666666667
0 0.8375 0.6159722222222223 0.025 0.08194444444444444
0 0.511328125 0.6381944444444445 0.030468750000000003 0.08750000000000001
0 0.7214843750000001 0.6618055555555555 0.02734375 0.12083333333333333
0 0.801953125 0.6618055555555555 0.025781250000000002 0.10416666666666667
0 0.85546875 0.6805555555555556 0.028125 0.1
0 0.75703125 0.7041666666666667 0.03125 0.11111111111111112
0 0.693359375 0.7208333333333333 0.032031250000000004 0.11666666666666667
0 0.8582031250000001 0.7715277777777778 0.03515625 0.12638888888888888
0 0.815625 0.8284722222222223 0.037500000000000006 0.12638888888888888
0 0.693359375 0.9701388888888889 0.04296875 0.059722222222222225
