1 0.221484375 0.3763888888888889 0.07265625 0.09166666666666667
1 0.465625 0.4048611111111111 0.1078125 0.12361111111111112
1 0.36562500000000003 0.43333333333333335 0.11093750000000001 0.13611111111111113
1 0.28984375 0.4840277777777778 0.1203125 0.1902777777777778
1 0.773046875 0.6652777777777779 0.21484375 0.29444444444444445
0 0.30898437500000003 0.23472222222222222 0.03515625 0.061111111111111116
1 0.189453125 0.25625000000000003 0.03828125 0.059722222222222225
0 0.13671875 0.3284722222222222 0.018750000000000003 0.05694444444444444
0 0.6687500000000001 0.3770833333333333 0.0328125 0.08750000000000001
0 0.17343750000000002 0.3944444444444445 0.0234375 0.08611111111111111
0 0.142578125 0.40902777777777777 0.025781250000000002 0.08750000000000001
0 0.6390625000000001 0.4173611111111111 0.03125 0.10138888888888889
0 0.84296875 0.4256944444444445 0.03125 0.07083333333333333
