2 0.739453125 0.7097222222222223 0.26953125 0.5
3 0.26171875 0.3576388888888889 0.146875 0.1625
3 0.567578125 0.35208333333333336 0.05390625 0.10972222222222222
1 0.45546875000000003 0.4131944444444445 0.065625 0.1125
0 0.20039062500000002 0.7097222222222223 0.04296875 0.16666666666666669
0 0.095703125 0.7583333333333334 0.05078125 0.17500000000000002
0 0.74375 0.49097222222222225 0.029687500000000002 0.10416666666666667
0 0.823828125 0.5493055555555556 0.039843750000000004 0.10972222222222222
0 0.784375 0.5833333333333334 0.037500000000000006 0.10833333333333334
0 0.553125 0.6840277777777778 0.0390625 0.11527777777777778
