3 0.9128906250000001 0.2888888888888889 0.16171875000000002 0.18055555555555555
3 0.495703125 0.33263888888888893 0.06484375 0.18194444444444446
3 0.452734375 0.20347222222222222 0.039843750000000004 0.08750000000000001
0 0.5734375 0.2576388888888889 0.0140625 0.04027777777777778
0 0.59765625 0.28055555555555556 0.0171875 0.044444444444444446
0 0.28554687500000003 0.3 0.014843750000000001 0.05277777777777778
0 0.608984375 0.32222222222222224 0.017968750000000002 0.05
0 0.7312500000000001 0.3576388888888889 0.029687500000000002 0.07916666666666666
0 0.259375 0.36736111111111114 0.015625 0.059722222222222225
0 0.625 0.37986111111111115 0.025 0.07361111111111111
0 0.669921875 0.4041666666666667 0.025781250000000002 0.08055555555555556
0 0.21484375 0.44930555555555557 0.0203125 0.07083333333333333
0 0.169921875 0.4673611111111111 0.02109375 0.08194444444444444
0 0.7234375000000001 0.48333333333333334 0.03125 0.09444444444444444
0 0.7425781250000001 0.6201388888888889 0.03828125 0.11805555555555557
