0 0.567578125 0.8145833333333333 0.04296875 0.15694444444444444
0 0.567578125 0.9416666666666667 0.049218750000000006 0.1277777777777778
1 0.697265625 0.3180555555555556 0.02734375 0.036111111111111115
1 0.532421875 0.33472222222222225 0.03828125 0.044444444444444446
1 0.6042968750000001 0.3625 0.03359375 0.03888888888888889
1 0.654296875 0.3527777777777778 0.032031250000000004 0.05277777777777778
1 0.5671875000000001 0.3993055555555556 0.040625 0.05416666666666667
1 0.7156250000000001 0.3902777777777778 0.040625 0.05
0 0.7699218750000001 0.40694444444444444 0.01640625 0.04722222222222222
0 0.85859375 0.40347222222222223 0.018750000000000003 0.04583333333333334
0 0.7933593750000001 0.4326388888888889 0.01640625 0.05694444444444444
0 0.6726562500000001 0.45555555555555555 0.018750000000000003 0.058333333333333334
0 0.8390625 0.4534722222222222 0.0171875 0.05694444444444444
0 0.8796875000000001 0.45416666666666666 0.018750000000000003 0.05555555555555556
0 0.8148437500000001 0.4708333333333333 0.0203125 0.0638888888888889
0 0.6101562500000001 0.5013888888888889 0.018750000000000003 0.07222222222222223
0 0.6296875000000001 0.5111111111111112 0.0203125 0.07222222222222223
0 0.88046875 0.513888888888889 0.021875000000000002 0.07777777777777778
0 0.642578125 0.5319444444444444 0.022656250000000003 0.08055555555555556
0 0.7125 0.5493055555555556 0.021875000000000002 0.08472222222222223
0 0.56953125 0.5597222222222222 0.026562500000000003 0.08611111111111111
0 0.78515625 0.5604166666666667 0.018750000000000003 0.08472222222222223
0 0.6019531250000001 0.5777777777777778 0.025781250000000002 0.09444444444444444
0 0.65625 0.6381944444444445 0.0328125 0.10138888888888889
0 0.435546875 0.6777777777777778 0.039843750000000004 0.11944444444444445
0 0.694921875 0.6805555555555556 0.032031250000000004 0.10555555555555556
0 0.5261718750000001 0.7375 0.03671875 0.125
