3 0.61640625 0.4513888888888889 0.08281250000000001 0.19166666666666668
1 0.34921875 0.5548611111111111 0.07968750000000001 0.14583333333333334
0 0.17109375000000002 0.6243055555555556 0.037500000000000006 0.1513888888888889
0 0.248046875 0.6486111111111111 0.03671875 0.15555555555555556
0 0.860546875 0.6847222222222222 0.047656250000000004 0.14166666666666666
0 0.022265625 0.7215277777777778 0.04453125 0.1486111111111111
0 0.17890625000000002 0.7486111111111111 0.0484375 0.16666666666666669
3 0.37890625 0.7583333333333334 0.15781250000000002 0.45
0 0.08671875000000001 0.7861111111111111 0.051562500000000004 0.18333333333333335
2 0.680859375 0.7784722222222222 0.15390625000000002 0.30694444444444446
1 0.5437500000000001 0.2916666666666667 0.045312500000000006 0.07777777777777778
0 0.27773437500000003 0.5131944444444445 0.030468750000000003 0.10694444444444445
0 0.49296875 0.5125000000000001 0.037500000000000006 0.09722222222222222
0 0.43281250000000004 0.5194444444444445 0.03125 0.08888888888888889
0 0.22187500000000002 0.5409722222222222 0.034375 0.11527777777777778
