2 0.642578125 0.35625 0.06015625 0.09027777777777778
1 0.7933593750000001 0.5576388888888889 0.12265625000000001 0.12638888888888888
0 0.36015625 0.7138888888888889 0.045312500000000006 0.1277777777777778
0 0.43476562500000004 0.7118055555555556 0.041406250000000006 0.1375
0 0.333984375 0.7930555555555556 0.05078125 0.15
0 0.5066406250000001 0.7819444444444444 0.039843750000000004 0.14166666666666666
0 0.37109375 0.8361111111111111 0.053125000000000006 0.1527777777777778
0 0.258984375 0.9423611111111111 0.07890625000000001 0.10694444444444445
1 0.7074218750000001 0.3201388888888889 0.032031250000000004 0.0375
0 0.706640625 0.3854166666666667 0.014843750000000001 0.04583333333333334
1 0.6804687500000001 0.4118055555555556 0.037500000000000006 0.051388888888888894
0 0.75 0.4291666666666667 0.0203125 0.05555555555555556
0 0.783203125 0.4326388888888889 0.01953125 0.05694444444444444
0 0.823828125 0.45208333333333334 0.01953125 0.07361111111111111
0 0.8699218750000001 0.4715277777777778 0.022656250000000003 0.06527777777777778
0 0.6882812500000001 0.49097222222222225 0.0203125 0.07083333333333333
0 0.7000000000000001 0.6111111111111112 0.026562500000000003 0.09722222222222222
0 0.7546875000000001 0.6020833333333333 0.026562500000000003 0.09583333333333334
0 0.559765625 0.6180555555555556 0.032031250000000004 0.09722222222222222
0 0.6468750000000001 0.6159722222222223 0.025 0.09305555555555556
0 0.512890625 0.7000000000000001 0.039843750000000004 0.11666666666666667
