3 0.72578125 0.8701388888888889 0.37031250000000004 0.2569444444444445
3 0.36367187500000003 0.29583333333333334 0.05390625 0.16111111111111112
3 0.253125 0.4256944444444445 0.08125 0.2013888888888889
1 0.31562500000000004 0.5180555555555556 0.0734375 0.14444444444444446
3 0.136328125 0.6604166666666667 0.15703125 0.3402777777777778
0 0.37148437500000003 0.9375 0.055468750000000004 0.11944444444444445
3 0.46132812500000003 0.21875 0.03828125 0.10138888888888889
0 0.548046875 0.22083333333333335 0.013281250000000001 0.03888888888888889
0 0.5964843750000001 0.2972222222222222 0.01953125 0.04722222222222222
1 0.32109375 0.32083333333333336 0.0390625 0.07777777777777778
0 0.630859375 0.30972222222222223 0.017968750000000002 0.04722222222222222
0 0.623046875 0.34652777777777777 0.01953125 0.05416666666666667
0 0.20625000000000002 0.3729166666666667 0.015625 0.05694444444444444
0 0.18046875 0.43680555555555556 0.0203125 0.06805555555555556
0 0.7734375 0.48958333333333337 0.029687500000000002 0.10138888888888889
