1 0.2109375 0.7263888888888889 0.134375 0.1277777777777778
0 0.18906250000000002 0.8972222222222223 0.0625 0.16666666666666669
0 0.251953125 0.9152777777777779 0.06953125 0.15555555555555556
1 0.6820312500000001 0.29375 0.028125 0.03194444444444445
1 0.603125 0.3625 0.03125 0.05
1 0.6511718750000001 0.36944444444444446 0.03359375 0.05
0 0.8203125 0.3888888888888889 0.018750000000000003 0.05
0 0.74609375 0.4118055555555556 0.018750000000000003 0.05416666666666667
0 0.7855468750000001 0.40555555555555556 0.017968750000000002 0.05277777777777778
0 0.67109375 0.4354166666666667 0.0171875 0.059722222222222225
0 0.688671875 0.47222222222222227 0.01953125 0.06666666666666667
0 0.7601562500000001 0.47500000000000003 0.018750000000000003 0.06944444444444445
1 0.478125 0.5270833333333333 0.07187500000000001 0.08194444444444444
0 0.78125 0.5479166666666667 0.025 0.08472222222222223
0 0.616796875 0.5715277777777777 0.02421875 0.08472222222222223
0 0.67890625 0.5652777777777778 0.0234375 0.08611111111111111
0 0.704296875 0.68125 0.032031250000000004 0.10972222222222222
0 0.4078125 0.725 0.0421875 0.12222222222222223
0 0.1 0.9569444444444445 0.07500000000000001 0.08055555555555556
