0 0.6414062500000001 0.16527777777777777 0.015625 0.036111111111111115
0 0.590234375 0.21319444444444446 0.01953125 0.04861111111111111
0 0.677734375 0.22291666666666668 0.013281250000000001 0.04583333333333334
0 0.644140625 0.23680555555555557 0.01953125 0.04583333333333334
0 0.65546875 0.2604166666666667 0.018750000000000003 0.051388888888888894
0 0.397265625 0.28194444444444444 0.03359375 0.06666666666666667
0 0.507421875 0.2847222222222222 0.022656250000000003 0.05277777777777778
0 0.44375000000000003 0.3145833333333333 0.029687500000000002 0.07361111111111111
0 0.6414062500000001 0.3076388888888889 0.025 0.07083333333333333
0 0.587890625 0.35347222222222224 0.02734375 0.09583333333333334
0 0.39960937500000004 0.3729166666666667 0.03359375 0.08472222222222223
0 0.4734375 0.37569444444444444 0.0390625 0.09861111111111112
