1 0.58828125 0.6305555555555555 0.08281250000000001 0.1277777777777778
0 0.31015625 0.7312500000000001 0.045312500000000006 0.13472222222222222
0 0.462890625 0.732638888888889 0.039843750000000004 0.14583333333333334
0 0.548828125 0.757638888888889 0.039843750000000004 0.15972222222222224
0 0.25 0.8388888888888889 0.0578125 0.14722222222222223
0 0.8343750000000001 0.8243055555555556 0.035937500000000004 0.16805555555555557
1 0.072265625 0.8583333333333334 0.14609375 0.19444444444444445
0 0.499609375 0.8569444444444445 0.047656250000000004 0.16111111111111112
0 0.5652343750000001 0.86875 0.041406250000000006 0.1625
0 0.28164062500000003 0.9125000000000001 0.05859375 0.1638888888888889
1 0.687109375 0.3770833333333333 0.03515625 0.04861111111111111
1 0.6257812500000001 0.39375 0.040625 0.04861111111111111
0 0.740234375 0.42638888888888893 0.01640625 0.058333333333333334
0 0.7734375 0.4354166666666667 0.018750000000000003 0.05694444444444444
0 0.804296875 0.4236111111111111 0.017968750000000002 0.05555555555555556
0 0.8621093750000001 0.42291666666666666 0.02109375 0.051388888888888894
1 0.6390625000000001 0.44236111111111115 0.046875 0.05694444444444444
0 0.683203125 0.4840277777777778 0.017968750000000002 0.06527777777777778
0 0.7125 0.4847222222222222 0.018750000000000003 0.06666666666666667
0 0.800390625 0.5347222222222222 0.022656250000000003 0.08333333333333334
0 0.5640625 0.5416666666666667 0.025 0.08888888888888889
0 0.538671875 0.5756944444444445 0.02421875 0.09305555555555556
0 0.7734375 0.6819444444444445 0.026562500000000003 0.11111111111111112
0 0.5300781250000001 0.7138888888888889 0.039843750000000004 0.1277777777777778
0 0.6410156250000001 0.7430555555555556 0.032031250000000004 0.12222222222222223
