0 0.36250000000000004 0.41250000000000003 0.059375000000000004 0.15
4 0.16523437500000002 0.5430555555555556 0.09296875 0.14166666666666666
0 0.513671875 0.6951388888888889 0.07265625 0.22361111111111112
0 0.35000000000000003 0.1840277777777778 0.03125 0.059722222222222225
0 0.57421875 0.22430555555555556 0.0203125 0.06805555555555556
0 0.6667968750000001 0.23680555555555557 0.014843750000000001 0.04583333333333334
0 0.6585937500000001 0.28125 0.0171875 0.07916666666666666
0 0.3671875 0.2902777777777778 0.040625 0.075
0 0.436328125 0.30208333333333337 0.03828125 0.08194444444444444
0 0.589453125 0.2986111111111111 0.02421875 0.08888888888888889
0 0.625 0.2888888888888889 0.021875000000000002 0.08055555555555556
0 0.516015625 0.3104166666666667 0.03359375 0.08750000000000001
