1 0.28671875 0.3479166666666667 0.0765625 0.09027777777777778
1 0.40390625 0.37222222222222223 0.1 0.1
0 0.21015625000000002 0.5319444444444444 0.0421875 0.14722222222222223
0 0.28671875 0.5923611111111111 0.0421875 0.1736111111111111
0 0.24570312500000002 0.7201388888888889 0.05859375 0.20694444444444446
0 0.8324218750000001 0.7006944444444445 0.06171875 0.1736111111111111
1 0.1390625 0.225 0.034375 0.05
1 0.19492187500000002 0.23402777777777778 0.03671875 0.04861111111111111
0 0.109765625 0.2729166666666667 0.01953125 0.043055555555555555
1 0.184375 0.2798611111111111 0.05 0.059722222222222225
4 0.12382812500000001 0.3576388888888889 0.08515625 0.07361111111111111
0 0.17421875 0.4118055555555556 0.05 0.09027777777777778
