1 0.666015625 0.2916666666666667 0.02109375 0.03333333333333333
1 0.630078125 0.3145833333333333 0.025781250000000002 0.043055555555555555
1 0.6984375 0.3388888888888889 0.0328125 0.04722222222222222
0 0.853125 0.39375 0.0171875 0.051388888888888894
0 0.704296875 0.4138888888888889 0.01640625 0.05555555555555556
0 0.7582031250000001 0.4166666666666667 0.014843750000000001 0.05555555555555556
0 0.818359375 0.41111111111111115 0.014843750000000001 0.058333333333333334
0 0.681640625 0.4340277777777778 0.017968750000000002 0.059722222222222225
0 0.72578125 0.43194444444444446 0.018750000000000003 0.06666666666666667
0 0.83359375 0.45069444444444445 0.0203125 0.06527777777777778
1 0.541015625 0.46597222222222223 0.055468750000000004 0.07916666666666666
0 0.71484375 0.4951388888888889 0.018750000000000003 0.07083333333333333
0 0.73984375 0.5090277777777777 0.021875000000000002 0.07083333333333333
0 0.78046875 0.5076388888888889 0.0203125 0.07361111111111111
0 0.8773437500000001 0.5437500000000001 0.026562500000000003 0.11527777777777778
0 0.61484375 0.5576388888888889 0.029687500000000002 0.07916666666666666
0 0.7371093750000001 0.5805555555555556 0.02421875 0.09722222222222222
