3 0.5281250000000001 0.40555555555555556 0.084375 0.11944444444444445
1 0.3671875 0.5569444444444445 0.08281250000000001 0.08611111111111111
1 0.636328125 0.6659722222222223 0.08671875000000001 0.12361111111111112
0 0.4 0.8020833333333334 0.051562500000000004 0.1486111111111111
0 0.6257812500000001 0.8013888888888889 0.0390625 0.1527777777777778
0 0.5234375 0.8090277777777778 0.045312500000000006 0.15416666666666667
0 0.31796875 0.8909722222222223 0.0625 0.17916666666666667
1 0.598828125 0.9527777777777778 0.14453125 0.09722222222222222
1 0.6273437500000001 0.3159722222222222 0.025 0.04027777777777778
1 0.63984375 0.3736111111111111 0.0328125 0.03888888888888889
1 0.677734375 0.3840277777777778 0.03515625 0.0375
1 0.5847656250000001 0.4173611111111111 0.049218750000000006 0.08194444444444444
0 0.870703125 0.43472222222222223 0.01953125 0.05277777777777778
0 0.7609375 0.5006944444444444 0.0203125 0.06527777777777778
0 0.84296875 0.5048611111111111 0.021875000000000002 0.06805555555555556
0 0.615234375 0.5236111111111111 0.01953125 0.07777777777777778
0 0.584375 0.5506944444444445 0.0234375 0.08194444444444444
0 0.6410156250000001 0.5402777777777777 0.01953125 0.075
0 0.7058593750000001 0.5472222222222223 0.02109375 0.08055555555555556
0 0.6703125000000001 0.5576388888888889 0.021875000000000002 0.07916666666666666
0 0.7347656250000001 0.5770833333333334 0.022656250000000003 0.08472222222222223
0 0.5906250000000001 0.6048611111111112 0.026562500000000003 0.08750000000000001
0 0.766796875 0.6215277777777778 0.02734375 0.09861111111111112
0 0.841015625 0.6381944444444445 0.03515625 0.09583333333333334
0 0.798046875 0.6659722222222223 0.025781250000000002 0.11527777777777778
0 0.443359375 0.6861111111111111 0.039843750000000004 0.10833333333333334
0 0.8656250000000001 0.6826388888888889 0.0328125 0.1125
0 0.6570312500000001 0.7513888888888889 0.0390625 0.10833333333333334
0 0.8289062500000001 0.7506944444444444 0.029687500000000002 0.11805555555555557
