2 0.35234375 0.2986111111111111 0.0546875 0.11666666666666667
1 0.41953125 0.4173611111111111 0.059375000000000004 0.10694444444444445
1 0.5578125 0.4048611111111111 0.0578125 0.10972222222222222
1 0.64453125 0.40069444444444446 0.06875 0.10416666666666667
0 0.2515625 0.6 0.037500000000000006 0.15555555555555556
0 0.562109375 0.6840277777777778 0.041406250000000006 0.14305555555555557
0 0.5925781250000001 0.7923611111111112 0.04453125 0.18194444444444446
0 0.9011718750000001 0.7868055555555555 0.055468750000000004 0.15972222222222224
0 0.9417968750000001 0.7763888888888889 0.05859375 0.16666666666666669
0 0.541015625 0.8347222222222223 0.04296875 0.17777777777777778
1 0.43125 0.17569444444444446 0.025 0.0375
1 0.45742187500000003 0.28055555555555556 0.041406250000000006 0.08333333333333334
0 0.299609375 0.4104166666666667 0.02109375 0.08194444444444444
0 0.7453125 0.42708333333333337 0.028125 0.08194444444444444
0 0.8609375 0.425 0.034375 0.08611111111111111
0 0.328125 0.46944444444444444 0.028125 0.09444444444444444
0 0.740234375 0.5013888888888889 0.032031250000000004 0.1
0 0.642578125 0.53125 0.030468750000000003 0.12361111111111112
0 0.7046875 0.5236111111111111 0.029687500000000002 0.10555555555555556
0 0.7625000000000001 0.5868055555555556 0.035937500000000004 0.12361111111111112
