3 0.555078125 0.3104166666666667 0.06796875000000001 0.1486111111111111
1 0.408203125 0.5243055555555556 0.07890625000000001 0.14305555555555557
0 0.6628906250000001 0.5645833333333333 0.06484375 0.12361111111111112
0 0.48515625 0.6013888888888889 0.05 0.13333333333333333
0 0.7734375 0.6451388888888889 0.0546875 0.11805555555555557
0 0.8640625000000001 0.6479166666666667 0.059375000000000004 0.12916666666666668
3 0.63984375 0.7201388888888889 0.1328125 0.25972222222222224
1 0.140625 0.7333333333333334 0.1328125 0.2638888888888889
0 0.22109375 0.7458333333333333 0.040625 0.17222222222222222
3 0.32578125 0.7791666666666667 0.171875 0.43333333333333335
0 0.870703125 0.7777777777777778 0.06328125 0.14444444444444446
1 0.5421875 0.83125 0.1875 0.3125
0 0.118359375 0.9118055555555555 0.06953125 0.17083333333333334
0 0.195703125 0.9006944444444445 0.06171875 0.17916666666666667
1 0.45546875000000003 0.29097222222222224 0.037500000000000006 0.09861111111111112
1 0.389453125 0.3541666666666667 0.041406250000000006 0.09444444444444444
0 0.308203125 0.5423611111111112 0.032031250000000004 0.09583333333333334
0 0.259375 0.6277777777777778 0.0328125 0.1388888888888889
