1 0.226953125 0.6347222222222223 0.11328125 0.11388888888888889
0 0.5875 0.7395833333333334 0.046875 0.13194444444444445
0 0.36835937500000004 0.7937500000000001 0.049218750000000006 0.1486111111111111
0 0.702734375 0.795138888888889 0.039843750000000004 0.1513888888888889
0 0.931640625 0.7972222222222223 0.04296875 0.1527777777777778
0 0.602734375 0.8375 0.04296875 0.14722222222222223
0 0.443359375 0.8763888888888889 0.057031250000000006 0.16944444444444445
0 0.172265625 0.888888888888889 0.07421875 0.17500000000000002
0 0.294921875 0.9173611111111112 0.06953125 0.15972222222222224
0 0.508203125 0.9256944444444445 0.057031250000000006 0.1513888888888889
1 0.6433593750000001 0.36041666666666666 0.03671875 0.04583333333333334
1 0.6996093750000001 0.34652777777777777 0.032031250000000004 0.05416666666666667
1 0.6273437500000001 0.41458333333333336 0.05 0.06805555555555556
1 0.705078125 0.40625 0.03671875 0.05416666666666667
0 0.794921875 0.42430555555555555 0.01640625 0.051388888888888894
0 0.6687500000000001 0.4666666666666667 0.018750000000000003 0.06666666666666667
0 0.728125 0.4729166666666667 0.018750000000000003 0.07083333333333333
0 0.7738281250000001 0.4729166666666667 0.01953125 0.07361111111111111
0 0.8703125 0.47222222222222227 0.0203125 0.06666666666666667
0 0.7976562500000001 0.4826388888888889 0.018750000000000003 0.06805555555555556
0 0.8191406250000001 0.48680555555555555 0.02109375 0.06805555555555556
0 0.7074218750000001 0.5215277777777778 0.02109375 0.07083333333333333
0 0.8542968750000001 0.5520833333333334 0.02734375 0.08194444444444444
0 0.508203125 0.6097222222222223 0.03359375 0.09722222222222222
0 0.5613281250000001 0.607638888888889 0.032031250000000004 0.10138888888888889
0 0.62265625 0.5951388888888889 0.028125 0.08750000000000001
0 0.720703125 0.6020833333333333 0.02734375 0.09027777777777778
0 0.6664062500000001 0.6284722222222222 0.03125 0.09861111111111112
0 0.77890625 0.6743055555555556 0.026562500000000003 0.10972222222222222
