2 0.49140625000000004 0.4666666666666667 0.1390625 0.19444444444444445
1 0.5945312500000001 0.5347222222222222 0.0703125 0.09166666666666667
1 0.34218750000000003 0.5520833333333334 0.08281250000000001 0.09583333333333334
1 0.171875 0.6569444444444444 0.1453125 0.14444444444444446
0 0.829296875 0.7923611111111112 0.039843750000000004 0.15416666666666667
0 0.9539062500000001 0.8 0.040625 0.16111111111111112
1 0.409765625 0.8138888888888889 0.11953125 0.2
0 0.7210937500000001 0.8965277777777778 0.0390625 0.16805555555555557
1 0.6253906250000001 0.9548611111111112 0.16328125000000002 0.08194444444444444
0 0.8421875000000001 0.9347222222222222 0.046875 0.13333333333333333
1 0.6371093750000001 0.3013888888888889 0.02890625 0.04166666666666667
1 0.6609375000000001 0.3472222222222222 0.0328125 0.03333333333333333
0 0.74140625 0.3805555555555556 0.0171875 0.04722222222222222
0 0.710546875 0.39861111111111114 0.02109375 0.044444444444444446
0 0.800390625 0.41458333333333336 0.017968750000000002 0.04861111111111111
0 0.841796875 0.4083333333333333 0.017968750000000002 0.044444444444444446
0 0.745703125 0.43472222222222223 0.017968750000000002 0.04722222222222222
0 0.8460937500000001 0.44583333333333336 0.018750000000000003 0.05277777777777778
1 0.6414062500000001 0.4638888888888889 0.045312500000000006 0.0638888888888889
0 0.7761718750000001 0.4652777777777778 0.017968750000000002 0.06944444444444445
0 0.87421875 0.5472222222222223 0.025 0.09722222222222222
0 0.8078125 0.5583333333333333 0.025 0.08055555555555556
0 0.574609375 0.6256944444444444 0.02890625 0.10416666666666667
0 0.704296875 0.6472222222222223 0.030468750000000003 0.11388888888888889
0 0.48085937500000003 0.6847222222222222 0.03828125 0.11111111111111112
0 0.747265625 0.7423611111111111 0.03828125 0.12361111111111112
