1 0.594921875 0.5076388888888889 0.055468750000000004 0.10972222222222222
0 0.8500000000000001 0.7993055555555556 0.037500000000000006 0.16527777777777777
0 0.12578125 0.8229166666666667 0.059375000000000004 0.12361111111111112
0 0.59296875 0.9298611111111111 0.059375000000000004 0.13472222222222222
0 0.659765625 0.3763888888888889 0.01953125 0.04166666666666667
0 0.6414062500000001 0.3965277777777778 0.0203125 0.04583333333333334
1 0.323046875 0.46944444444444444 0.06171875 0.06666666666666667
0 0.7605468750000001 0.5465277777777778 0.022656250000000003 0.0763888888888889
0 0.6671875 0.5826388888888889 0.026562500000000003 0.08750000000000001
0 0.790625 0.5784722222222223 0.028125 0.09861111111111112
0 0.644140625 0.64375 0.032031250000000004 0.10138888888888889
0 0.6921875000000001 0.7333333333333334 0.034375 0.11388888888888889
0 0.7425781250000001 0.7305555555555556 0.03359375 0.1277777777777778
