3 0.669141 0.773611 0.266406 0.452778
3 0.719531 0.477778 0.123438 0.233333
0 0.133203 0.540278 0.039844 0.155556
1 0.398828 0.545833 0.096094 0.188889
0 0.028906 0.694444 0.046875 0.169444
0 0.073438 0.778472 0.059375 0.209722
0 0.970703 0.763889 0.058594 0.194444
3 0.464844 0.134028 0.037500 0.098611
0 0.331250 0.304167 0.021875 0.072222
0 0.657813 0.290278 0.020313 0.069444
0 0.289844 0.320139 0.021875 0.081944
0 0.258594 0.350000 0.023438 0.083333
0 0.205469 0.422917 0.031250 0.104167
