0 0.41718750000000004 0.7625000000000001 0.05 0.1527777777777778
0 0.5398437500000001 0.7652777777777778 0.040625 0.14722222222222223
0 0.6117187500000001 0.8104166666666667 0.043750000000000004 0.15972222222222224
1 0.6664062500000001 0.27847222222222223 0.028125 0.0375
1 0.544921875 0.3111111111111111 0.039843750000000004 0.030555555555555558
1 0.701171875 0.33958333333333335 0.02890625 0.0375
0 0.8285156250000001 0.33194444444444443 0.013281250000000001 0.03333333333333333
1 0.52578125 0.3493055555555556 0.037500000000000006 0.04583333333333334
1 0.608984375 0.36041666666666666 0.032031250000000004 0.043055555555555555
1 0.579296875 0.3861111111111111 0.03359375 0.05277777777777778
1 0.650390625 0.3902777777777778 0.03828125 0.05555555555555556
0 0.83203125 0.39513888888888893 0.0171875 0.05416666666666667
1 0.6003906250000001 0.41944444444444445 0.03671875 0.058333333333333334
0 0.761328125 0.41805555555555557 0.014843750000000001 0.058333333333333334
0 0.773046875 0.41111111111111115 0.017968750000000002 0.05277777777777778
0 0.804296875 0.40347222222222223 0.017968750000000002 0.04861111111111111
1 0.534375 0.4236111111111111 0.0484375 0.061111111111111116
0 0.86640625 0.43472222222222223 0.0203125 0.05277777777777778
1 0.696875 0.4638888888888889 0.0421875 0.08055555555555556
0 0.654296875 0.5111111111111112 0.02109375 0.075
0 0.8382812500000001 0.5270833333333333 0.026562500000000003 0.07916666666666666
0 0.65625 0.5458333333333334 0.0203125 0.09166666666666667
1 0.79296875 0.5680555555555555 0.0765625 0.08333333333333334
0 0.562890625 0.6243055555555556 0.030468750000000003 0.09861111111111112
0 0.6453125000000001 0.6472222222222223 0.028125 0.10555555555555556
0 0.509765625 0.6652777777777779 0.03359375 0.10555555555555556
0 0.7132812500000001 0.6805555555555556 0.028125 0.10833333333333334
0 0.436328125 0.6993055555555556 0.03828125 0.10972222222222222
