0 0.246875 0.3909722222222222 0.059375000000000004 0.14305555555555557
0 0.32343750000000004 0.4138888888888889 0.059375000000000004 0.1527777777777778
0 0.578515625 0.4534722222222222 0.04609375 0.15694444444444444
0 0.44843750000000004 0.5972222222222222 0.06406250000000001 0.20555555555555557
3 0.23671875 0.07777777777777778 0.0484375 0.09722222222222222
0 0.17734375000000002 0.1763888888888889 0.025 0.07777777777777778
0 0.61484375 0.18611111111111112 0.015625 0.05
0 0.47578125000000004 0.2590277777777778 0.028125 0.08472222222222223
0 0.516796875 0.2555555555555556 0.025781250000000002 0.08611111111111111
0 0.567578125 0.25069444444444444 0.02421875 0.07361111111111111
0 0.634765625 0.25972222222222224 0.022656250000000003 0.06944444444444445
0 0.648046875 0.3513888888888889 0.02890625 0.09722222222222222
0 0.6570312500000001 0.4638888888888889 0.034375 0.11388888888888889
0 0.6804687500000001 0.4701388888888889 0.03125 0.12083333333333333
