3 0.745703125 0.7263888888888889 0.38984375000000004 0.47500000000000003
0 0.28945312500000003 0.6458333333333334 0.06015625 0.19444444444444445
0 0.401171875 0.8326388888888889 0.08046875 0.2013888888888889
1 0.158203125 0.23819444444444446 0.039843750000000004 0.0625
1 0.19375 0.23611111111111113 0.037500000000000006 0.05
0 0.26992187500000003 0.23541666666666666 0.03515625 0.05416666666666667
0 0.405078125 0.2555555555555556 0.03515625 0.0638888888888889
0 0.08984375 0.27847222222222223 0.015625 0.05416666666666667
0 0.11289062500000001 0.2729166666666667 0.01640625 0.051388888888888894
0 0.168359375 0.31527777777777777 0.032031250000000004 0.061111111111111116
1 0.230859375 0.3111111111111111 0.06640625 0.06944444444444445
1 0.783203125 0.31875000000000003 0.05234375 0.059722222222222225
0 0.122265625 0.33611111111111114 0.02109375 0.07222222222222223
0 0.134375 0.40625 0.025 0.09861111111111112
0 0.10507812500000001 0.46875 0.02421875 0.11527777777777778
