1 0.168359375 0.6944444444444444 0.15078125 0.13333333333333333
0 0.34218750000000003 0.7944444444444445 0.046875 0.14166666666666666
0 0.40742187500000004 0.8006944444444445 0.039843750000000004 0.15416666666666667
0 0.22578125000000002 0.8215277777777779 0.059375000000000004 0.14305555555555557
0 0.8125 0.857638888888889 0.035937500000000004 0.15972222222222224
0 0.04609375 0.9125000000000001 0.0859375 0.1638888888888889
0 0.43515625 0.9520833333333334 0.0671875 0.10138888888888889
0 0.53359375 0.945138888888889 0.0546875 0.12638888888888888
1 0.68125 0.3791666666666667 0.035937500000000004 0.04722222222222222
0 0.74765625 0.3965277777777778 0.015625 0.04027777777777778
1 0.59921875 0.4083333333333333 0.029687500000000002 0.04166666666666667
0 0.8738281250000001 0.41458333333333336 0.01640625 0.04583333333333334
1 0.63046875 0.4326388888888889 0.0390625 0.05694444444444444
0 0.675390625 0.49444444444444446 0.02109375 0.06666666666666667
0 0.753515625 0.4916666666666667 0.022656250000000003 0.07222222222222223
0 0.8171875000000001 0.4881944444444445 0.0203125 0.06805555555555556
0 0.60703125 0.5236111111111111 0.021875000000000002 0.07222222222222223
0 0.8671875 0.5208333333333334 0.025 0.07777777777777778
0 0.7699218750000001 0.5472222222222223 0.02109375 0.08055555555555556
0 0.8269531250000001 0.5402777777777777 0.022656250000000003 0.07777777777777778
0 0.56953125 0.5618055555555556 0.026562500000000003 0.08194444444444444
0 0.78828125 0.56875 0.0234375 0.08472222222222223
0 0.48085937500000003 0.6173611111111111 0.032031250000000004 0.08750000000000001
0 0.590234375 0.6270833333333333 0.025781250000000002 0.10138888888888889
0 0.8269531250000001 0.6159722222222223 0.02890625 0.08194444444444444
0 0.50546875 0.6402777777777778 0.029687500000000002 0.08611111111111111
0 0.5476562500000001 0.64375 0.03125 0.11527777777777778
0 0.72578125 0.6361111111111112 0.026562500000000003 0.1
0 0.8367187500000001 0.6819444444444445 0.028125 0.11388888888888889
0 0.390625 0.7041666666666667 0.040625 0.11666666666666667
0 0.46914062500000003 0.7048611111111112 0.03359375 0.12638888888888888
0 0.6375000000000001 0.6930555555555555 0.0328125 0.11388888888888889
0 0.501953125 0.7236111111111111 0.030468750000000003 0.11944444444444445
0 0.5320312500000001 0.7416666666666667 0.035937500000000004 0.11944444444444445
