2 0.84921875 0.7541666666666667 0.2625 0.4527777777777778
2 0.68515625 0.44930555555555557 0.1609375 0.3541666666666667
1 0.44609375 0.48888888888888893 0.084375 0.1527777777777778
1 0.56796875 0.48541666666666666 0.078125 0.14305555555555557
0 0.13398437500000002 0.64375 0.04296875 0.14583333333333334
0 0.212890625 0.6951388888888889 0.047656250000000004 0.14583333333333334
2 0.4 0.7319444444444445 0.19687500000000002 0.33611111111111114
0 0.09453125000000001 0.8333333333333334 0.053125000000000006 0.19166666666666668
0 0.016015625000000002 0.8569444444444445 0.03359375 0.22222222222222224
1 0.54609375 0.3541666666666667 0.046875 0.09166666666666667
0 0.2984375 0.39861111111111114 0.021875000000000002 0.10833333333333334
0 0.33320312500000004 0.40625 0.02421875 0.09861111111111112
0 0.8609375 0.4291666666666667 0.03125 0.08611111111111111
0 0.2265625 0.48888888888888893 0.0390625 0.09722222222222222
0 0.265625 0.5263888888888889 0.0390625 0.10277777777777779
0 0.23750000000000002 0.5791666666666667 0.037500000000000006 0.11666666666666667
0 0.611328125 0.5777777777777778 0.03671875 0.125
