3 0.542578125 0.2513888888888889 0.04296875 0.13055555555555556
2 0.408984375 0.3229166666666667 0.08203125 0.1902777777777778
1 0.45351562500000003 0.4618055555555556 0.07734375 0.15694444444444444
0 0.131640625 0.5604166666666667 0.06171875 0.10694444444444445
1 0.35664062500000004 0.5826388888888889 0.16640625 0.1513888888888889
0 0.25859375 0.4118055555555556 0.026562500000000003 0.10972222222222222
0 0.3046875 0.41111111111111115 0.021875000000000002 0.08888888888888889
0 0.32890625 0.4375 0.021875000000000002 0.1
0 0.35976562500000003 0.4451388888888889 0.025781250000000002 0.10416666666666667
0 0.02890625 0.5597222222222222 0.045312500000000006 0.10555555555555556
