3 0.41445312500000003 0.4166666666666667 0.06796875000000001 0.19722222222222224
1 0.63671875 0.4104166666666667 0.0625 0.09027777777777778
1 0.72578125 0.5715277777777777 0.09531250000000001 0.14027777777777778
3 0.618359375 0.5875 0.11484375000000001 0.27222222222222225
1 0.369921875 0.7055555555555556 0.10234375000000001 0.27222222222222225
0 0.19687500000000002 0.8138888888888889 0.046875 0.18333333333333335
0 0.110546875 0.8756944444444444 0.05234375 0.1875
1 0.43515625 0.2263888888888889 0.034375 0.075
3 0.5281250000000001 0.22291666666666668 0.046875 0.10138888888888889
0 0.35234375 0.43125 0.028125 0.09027777777777778
0 0.311328125 0.4451388888888889 0.02421875 0.09861111111111112
