1 0.256640625 0.6833333333333333 0.14140625 0.1388888888888889
1 0.103515625 0.6951388888888889 0.16640625 0.15694444444444444
0 0.8582031250000001 0.8125 0.047656250000000004 0.14444444444444446
0 0.13203125000000002 0.8652777777777778 0.0703125 0.16666666666666669
0 0.9578125000000001 0.8784722222222222 0.05 0.1763888888888889
0 0.7953125000000001 0.8868055555555556 0.035937500000000004 0.17916666666666667
1 0.6390625000000001 0.29791666666666666 0.028125 0.03194444444444445
1 0.6664062500000001 0.31527777777777777 0.026562500000000003 0.04166666666666667
1 0.6984375 0.3138888888888889 0.025 0.03333333333333333
1 0.61875 0.33125 0.029687500000000002 0.034722222222222224
1 0.6511718750000001 0.3597222222222222 0.030468750000000003 0.03888888888888889
1 0.625 0.3902777777777778 0.040625 0.04722222222222222
1 0.5796875 0.4375 0.0546875 0.07222222222222223
0 0.802734375 0.43194444444444446 0.017968750000000002 0.04722222222222222
0 0.7699218750000001 0.4513888888888889 0.01640625 0.05
0 0.697265625 0.4708333333333333 0.017968750000000002 0.061111111111111116
0 0.8597656250000001 0.46944444444444444 0.02109375 0.05555555555555556
0 0.8152343750000001 0.49097222222222225 0.017968750000000002 0.07083333333333333
0 0.667578125 0.5069444444444444 0.02109375 0.06944444444444445
0 0.7921875 0.5131944444444445 0.018750000000000003 0.07361111111111111
0 0.8386718750000001 0.5201388888888889 0.02109375 0.07083333333333333
1 0.45820312500000004 0.5513888888888889 0.08828125 0.07777777777777778
0 0.6511718750000001 0.5381944444444444 0.022656250000000003 0.08194444444444444
0 0.736328125 0.5409722222222222 0.02109375 0.07916666666666666
0 0.7765625 0.5611111111111111 0.0234375 0.08888888888888889
0 0.849609375 0.5701388888888889 0.025781250000000002 0.07916666666666666
0 0.573828125 0.5847222222222223 0.02421875 0.08888888888888889
0 0.587890625 0.6194444444444445 0.02890625 0.09444444444444444
0 0.6394531250000001 0.638888888888889 0.02890625 0.08888888888888889
0 0.688671875 0.6402777777777778 0.02890625 0.10555555555555556
0 0.4234375 0.6604166666666667 0.037500000000000006 0.09861111111111112
0 0.81171875 0.65625 0.029687500000000002 0.10694444444444445
0 0.5 0.6861111111111111 0.037500000000000006 0.10555555555555556
0 0.567578125 0.6930555555555555 0.03515625 0.11111111111111112
0 0.6351562500000001 0.7173611111111111 0.037500000000000006 0.11527777777777778
0 0.790234375 0.7152777777777778 0.032031250000000004 0.11666666666666667
0 0.310546875 0.7430555555555556 0.04609375 0.11111111111111112
