1 0.628515625 0.5152777777777778 0.06015625 0.09444444444444444
0 0.36171875000000003 0.7416666666666667 0.05 0.15
0 0.5398437500000001 0.795138888888889 0.0421875 0.13472222222222222
1 0.6625000000000001 0.3111111111111111 0.029687500000000002 0.03333333333333333
0 0.7742187500000001 0.3548611111111111 0.015625 0.04027777777777778
0 0.7449218750000001 0.375 0.01640625 0.044444444444444446
0 0.8347656250000001 0.3784722222222222 0.01640625 0.04861111111111111
0 0.759375 0.39166666666666666 0.015625 0.04722222222222222
0 0.68671875 0.40972222222222227 0.018750000000000003 0.04722222222222222
1 0.587890625 0.4305555555555556 0.05078125 0.061111111111111116
1 0.731640625 0.48680555555555555 0.05078125 0.0625
0 0.8347656250000001 0.4840277777777778 0.02109375 0.06805555555555556
0 0.7984375 0.5152777777777778 0.0203125 0.075
0 0.50234375 0.5520833333333334 0.026562500000000003 0.07916666666666666
0 0.6875 0.5506944444444445 0.021875000000000002 0.08194444444444444
0 0.759765625 0.5458333333333334 0.02109375 0.07777777777777778
0 0.878125 0.5583333333333333 0.0234375 0.08055555555555556
0 0.585546875 0.5895833333333333 0.025781250000000002 0.08750000000000001
0 0.728125 0.5805555555555556 0.0234375 0.08888888888888889
0 0.6410156250000001 0.5986111111111111 0.025781250000000002 0.09166666666666667
0 0.482421875 0.6159722222222223 0.032031250000000004 0.09861111111111112
0 0.598828125 0.6291666666666667 0.032031250000000004 0.09444444444444444
0 0.5613281250000001 0.7055555555555556 0.041406250000000006 0.11111111111111112
0 0.66796875 0.7333333333333334 0.03125 0.125
