0 0.162109375 0.5798611111111112 0.041406250000000006 0.1375
0 0.823828125 0.6854166666666667 0.047656250000000004 0.14027777777777778
0 0.299609375 0.7041666666666667 0.04609375 0.18055555555555555
0 0.91015625 0.7479166666666667 0.0625 0.15972222222222224
1 0.669140625 0.7777777777777778 0.12578125 0.23055555555555557
0 0.24531250000000002 0.8562500000000001 0.0484375 0.1875
1 0.562109375 0.22291666666666668 0.03828125 0.05694444444444444
1 0.443359375 0.28055555555555556 0.03515625 0.08888888888888889
1 0.551171875 0.34861111111111115 0.055468750000000004 0.08611111111111111
0 0.61875 0.3472222222222222 0.0171875 0.06944444444444445
0 0.244921875 0.40694444444444444 0.025781250000000002 0.08611111111111111
0 0.28046875 0.4152777777777778 0.0234375 0.1
0 0.4296875 0.43680555555555556 0.025 0.09583333333333334
0 0.689453125 0.4256944444444445 0.02421875 0.08750000000000001
0 0.30859375 0.45555555555555555 0.025 0.09444444444444444
0 0.351171875 0.44583333333333336 0.02890625 0.09444444444444444
0 0.38515625000000003 0.45 0.021875000000000002 0.10555555555555556
0 0.6468750000000001 0.44236111111111115 0.026562500000000003 0.09027777777777778
0 0.25625000000000003 0.49236111111111114 0.028125 0.09861111111111112
0 0.221484375 0.5333333333333333 0.032031250000000004 0.13055555555555556
0 0.339453125 0.5215277777777778 0.02890625 0.11805555555555557
0 0.290234375 0.5423611111111112 0.02734375 0.12083333333333333
0 0.409765625 0.5409722222222222 0.032031250000000004 0.12083333333333333
0 0.7058593750000001 0.5625 0.03828125 0.1
0 0.8328125000000001 0.56875 0.037500000000000006 0.1125
0 0.37031250000000004 0.5902777777777778 0.03125 0.1277777777777778
0 0.25546875 0.6013888888888889 0.03125 0.1277777777777778
0 0.7796875000000001 0.6020833333333333 0.037500000000000006 0.12638888888888888
0 0.7136718750000001 0.6659722222222223 0.03359375 0.12361111111111112
