1 0.6000000000000001 0.39861111111111114 0.07968750000000001 0.10833333333333334
1 0.3359375 0.5694444444444444 0.09843750000000001 0.1
0 0.495703125 0.7854166666666667 0.04453125 0.15416666666666667
0 0.44843750000000004 0.9090277777777778 0.060937500000000006 0.16805555555555557
0 0.8171875000000001 0.37986111111111115 0.015625 0.05694444444444444
0 0.716796875 0.4041666666666667 0.02109375 0.04722222222222222
0 0.7890625 0.40902777777777777 0.015625 0.05416666666666667
0 0.802734375 0.4430555555555556 0.01953125 0.05555555555555556
0 0.852734375 0.4444444444444445 0.017968750000000002 0.05277777777777778
0 0.6292968750000001 0.5270833333333333 0.025781250000000002 0.07916666666666666
0 0.560546875 0.5895833333333333 0.03359375 0.09861111111111112
0 0.67734375 0.5861111111111111 0.026562500000000003 0.09444444444444444
0 0.7562500000000001 0.6166666666666667 0.025 0.09166666666666667
0 0.57734375 0.675 0.034375 0.11111111111111112
