1 0.448828125 0.5041666666666667 0.14921875 0.1
0 0.330859375 0.5534722222222223 0.06796875000000001 0.1125
0 0.58984375 0.55625 0.051562500000000004 0.1125
0 0.6609375000000001 0.5465277777777778 0.0484375 0.12361111111111112
0 0.7390625000000001 0.5673611111111111 0.0578125 0.13194444444444445
0 0.54140625 0.6 0.07500000000000001 0.10277777777777779
1 0.5828125000000001 0.2263888888888889 0.040625 0.058333333333333334
1 0.548046875 0.30972222222222223 0.05078125 0.08611111111111111
0 0.6218750000000001 0.3354166666666667 0.018750000000000003 0.07083333333333333
0 0.44179687500000003 0.35000000000000003 0.030468750000000003 0.06944444444444445
0 0.584375 0.3875 0.025 0.08611111111111111
0 0.72578125 0.3840277777777778 0.0234375 0.06805555555555556
