3 0.338671875 0.32222222222222224 0.06640625 0.16944444444444445
2 0.260546875 0.4041666666666667 0.06484375 0.13333333333333333
3 0.3046875 0.5069444444444444 0.07500000000000001 0.225
1 0.18671875000000002 0.6048611111111112 0.09062500000000001 0.1486111111111111
0 0.405859375 0.7465277777777778 0.03515625 0.1625
3 0.45625000000000004 0.20347222222222222 0.0328125 0.07083333333333333
0 0.609375 0.2743055555555556 0.0203125 0.04861111111111111
0 0.20820312500000002 0.3763888888888889 0.017968750000000002 0.058333333333333334
0 0.7132812500000001 0.4666666666666667 0.0328125 0.08888888888888889
0 0.148046875 0.5006944444444444 0.032031250000000004 0.08194444444444444
