1 0.7195312500000001 0.8354166666666667 0.2828125 0.30694444444444446
1 0.18710937500000002 0.3388888888888889 0.06171875 0.09444444444444444
1 0.2390625 0.44097222222222227 0.07968750000000001 0.12083333333333333
1 0.32578125 0.44583333333333336 0.0890625 0.1277777777777778
1 0.6820312500000001 0.4430555555555556 0.1203125 0.14444444444444446
0 0.270703125 0.5513888888888889 0.04609375 0.16944444444444445
0 0.11992187500000001 0.28194444444444444 0.01953125 0.04722222222222222
1 0.24960937500000002 0.2833333333333333 0.04453125 0.06666666666666667
1 0.21445312500000002 0.3076388888888889 0.049218750000000006 0.06527777777777778
1 0.32851562500000003 0.33472222222222225 0.06953125 0.08611111111111111
0 0.11875000000000001 0.3729166666666667 0.018750000000000003 0.0763888888888889
0 0.475390625 0.3652777777777778 0.05234375 0.06666666666666667
