3 0.745703125 0.775 0.31953125000000004 0.425
2 0.44570312500000003 0.2611111111111111 0.04296875 0.125
0 0.2578125 0.6020833333333333 0.037500000000000006 0.15416666666666667
0 0.17539062500000002 0.6604166666666667 0.049218750000000006 0.14027777777777778
0 0.87109375 0.6583333333333333 0.0484375 0.13611111111111113
0 0.20234375000000002 0.7805555555555556 0.0546875 0.16111111111111112
0 0.0703125 0.8715277777777778 0.051562500000000004 0.19861111111111113
1 0.5066406250000001 0.14791666666666667 0.022656250000000003 0.0375
0 0.3125 0.39722222222222225 0.025 0.09722222222222222
0 0.43281250000000004 0.39375 0.026562500000000003 0.09583333333333334
0 0.6101562500000001 0.3861111111111111 0.0234375 0.08611111111111111
0 0.263671875 0.41597222222222224 0.025781250000000002 0.09861111111111112
0 0.342578125 0.41458333333333336 0.022656250000000003 0.10138888888888889
0 0.89375 0.4930555555555556 0.051562500000000004 0.08888888888888889
0 0.392578125 0.5048611111111111 0.032031250000000004 0.11527777777777778
0 0.23750000000000002 0.5236111111111111 0.034375 0.11388888888888889
0 0.7445312500000001 0.5256944444444445 0.037500000000000006 0.09305555555555556
0 0.796484375 0.5291666666666667 0.03515625 0.11666666666666667
0 0.31328125 0.5430555555555556 0.034375 0.1277777777777778
