1 0.409765625 0.6159722222222223 0.12421875 0.13472222222222222
0 0.8480468750000001 0.71875 0.04296875 0.1375
1 0.41718750000000004 0.7611111111111112 0.146875 0.16666666666666669
0 0.6117187500000001 0.757638888888889 0.037500000000000006 0.15694444444444444
0 0.73828125 0.8284722222222223 0.043750000000000004 0.1625
0 0.821875 0.8368055555555556 0.045312500000000006 0.16527777777777777
0 0.6312500000000001 0.9166666666666667 0.053125000000000006 0.15833333333333333
0 0.6781250000000001 0.40694444444444444 0.021875000000000002 0.044444444444444446
0 0.703125 0.5604166666666667 0.03125 0.09861111111111112
0 0.7609375 0.6402777777777778 0.03125 0.11111111111111112
0 0.6449218750000001 0.6590277777777778 0.032031250000000004 0.11527777777777778
0 0.6878906250000001 0.7145833333333333 0.03359375 0.14583333333333334
