4 0.619140625 0.4881944444444445 0.057031250000000006 0.1513888888888889
1 0.47187500000000004 0.6041666666666667 0.09062500000000001 0.10277777777777779
2 0.21601562500000002 0.7375 0.17890625000000002 0.23611111111111113
0 0.46718750000000003 0.74375 0.0484375 0.13194444444444445
1 0.623046875 0.8777777777777778 0.15859375 0.22777777777777777
1 0.251953125 0.45416666666666666 0.04453125 0.05555555555555556
1 0.09921875000000001 0.5208333333333334 0.07500000000000001 0.06666666666666667
0 0.8269531250000001 0.5680555555555555 0.025781250000000002 0.075
0 0.7800781250000001 0.6284722222222222 0.02890625 0.10416666666666667
0 0.723828125 0.6458333333333334 0.03359375 0.11388888888888889
0 0.593359375 0.6743055555555556 0.03515625 0.12361111111111112
0 0.8140625 0.7125 0.034375 0.13611111111111113
