1 0.6683593750000001 0.545138888888889 0.057031250000000006 0.10416666666666667
1 0.44179687500000003 0.6180555555555556 0.10703125000000001 0.11111111111111112
1 0.397265625 0.8541666666666667 0.16640625 0.20277777777777778
0 0.7781250000000001 0.9006944444444445 0.0484375 0.18472222222222223
0 0.48945312500000004 0.9326388888888889 0.06796875000000001 0.12361111111111112
0 0.6296875000000001 0.9395833333333333 0.0578125 0.1125
1 0.2984375 0.44375000000000003 0.046875 0.04583333333333334
1 0.5261718750000001 0.5069444444444444 0.055468750000000004 0.08055555555555556
0 0.753515625 0.5604166666666667 0.025781250000000002 0.08750000000000001
0 0.7937500000000001 0.6013888888888889 0.025 0.1
0 0.8304687500000001 0.6152777777777778 0.029687500000000002 0.10277777777777779
0 0.607421875 0.7215277777777778 0.03515625 0.13194444444444445
0 0.7203125 0.7125 0.0328125 0.11944444444444445
0 0.7937500000000001 0.7145833333333333 0.029687500000000002 0.1375
