3 0.22109375 0.27361111111111114 0.07187500000000001 0.13055555555555556
1 0.303515625 0.3784722222222222 0.10078125 0.12361111111111112
0 0.115234375 0.26875 0.014843750000000001 0.04583333333333334
0 0.14375000000000002 0.2902777777777778 0.0171875 0.061111111111111116
0 0.109375 0.3180555555555556 0.018750000000000003 0.06944444444444445
1 0.334765625 0.30833333333333335 0.06328125 0.075
1 0.7933593750000001 0.3284722222222222 0.05390625 0.05694444444444444
0 0.20273437500000002 0.42638888888888893 0.02890625 0.1
0 0.6839843750000001 0.43472222222222223 0.03359375 0.09444444444444444
0 0.2703125 0.4638888888888889 0.0328125 0.11111111111111112
