0 0.16640625 0.4652777777777778 0.0625 0.1638888888888889
0 0.6078125000000001 0.47847222222222224 0.0390625 0.15972222222222224
0 0.23125 0.1638888888888889 0.0328125 0.07777777777777778
0 0.62265625 0.17777777777777778 0.0171875 0.04166666666666667
0 0.666015625 0.17708333333333334 0.01640625 0.04027777777777778
0 0.6828125 0.20486111111111113 0.015625 0.05416666666666667
0 0.6609375000000001 0.22013888888888888 0.018750000000000003 0.04861111111111111
0 0.32851562500000003 0.2791666666666667 0.041406250000000006 0.075
0 0.6453125000000001 0.2791666666666667 0.0234375 0.07222222222222223
0 0.30312500000000003 0.3576388888888889 0.0390625 0.09305555555555556
0 0.5796875 0.35000000000000003 0.0328125 0.11666666666666667
