1 0.398438 0.751389 0.145313 0.161111
0 0.733984 0.759722 0.036719 0.138889
1 0.438281 0.849306 0.175000 0.218056
0 0.539062 0.861111 0.046875 0.163889
1 0.635938 0.888194 0.159375 0.201389
0 0.755469 0.931250 0.050000 0.137500
0 0.619531 0.379167 0.017188 0.050000
0 0.666016 0.399306 0.022656 0.051389
1 0.303906 0.434722 0.043750 0.055556
0 0.572656 0.532639 0.026562 0.084722
0 0.694531 0.536806 0.025000 0.084722
0 0.658203 0.565972 0.027344 0.087500
0 0.612109 0.588194 0.032031 0.098611
0 0.725391 0.596528 0.028906 0.093056
0 0.828906 0.597222 0.026562 0.091667
0 0.778125 0.646528 0.034375 0.120833
0 0.687891 0.655556 0.030469 0.108333
0 0.569922 0.734722 0.036719 0.122222
