1 0.8933593750000001 0.8347222222222223 0.25078125 0.34444444444444444
2 0.5437500000000001 0.23680555555555557 0.0765625 0.09861111111111112
3 0.599609375 0.5083333333333333 0.18828125 0.25
0 0.280078125 0.30347222222222225 0.014843750000000001 0.051388888888888894
1 0.33437500000000003 0.29583333333333334 0.0390625 0.0638888888888889
0 0.48085937500000003 0.29930555555555555 0.02109375 0.051388888888888894
0 0.24570312500000002 0.31875000000000003 0.014843750000000001 0.051388888888888894
0 0.9070312500000001 0.30972222222222223 0.035937500000000004 0.0638888888888889
0 0.765234375 0.3340277777777778 0.039843750000000004 0.06527777777777778
0 0.11015625000000001 0.6090277777777778 0.035937500000000004 0.12083333333333333
0 0.25820312500000003 0.607638888888889 0.041406250000000006 0.12083333333333333
