1 0.420703 0.294444 0.053906 0.108333
1 0.558203 0.409722 0.071094 0.133333
1 0.686328 0.457639 0.085156 0.126389
0 0.906250 0.608333 0.053125 0.147222
2 0.585156 0.170139 0.051562 0.098611
0 0.385156 0.221528 0.014063 0.051389
1 0.526563 0.216667 0.035937 0.061111
0 0.348438 0.284722 0.020313 0.075000
1 0.548047 0.272222 0.044531 0.086111
0 0.312500 0.302778 0.020313 0.091667
0 0.638281 0.295833 0.025000 0.091667
0 0.603125 0.311111 0.023438 0.094444
0 0.753516 0.393056 0.025781 0.094444
0 0.551562 0.503472 0.026562 0.104167
0 0.827734 0.528472 0.036719 0.109722
