4 0.5890625 0.36597222222222225 0.0859375 0.16805555555555557
0 0.547265625 0.5284722222222222 0.04296875 0.15416666666666667
4 0.087890625 0.5618055555555556 0.09765625 0.22361111111111112
0 0.43359375 0.5652777777777778 0.0625 0.18611111111111112
0 0.6121093750000001 0.5861111111111111 0.047656250000000004 0.17777777777777778
0 0.23359375000000002 0.6833333333333333 0.09375 0.28055555555555556
0 0.17929687500000002 0.17777777777777778 0.025781250000000002 0.08055555555555556
0 0.5417968750000001 0.2326388888888889 0.022656250000000003 0.06527777777777778
0 0.294921875 0.32708333333333334 0.039843750000000004 0.11805555555555557
0 0.44296875 0.33125 0.03125 0.11527777777777778
