0 0.4421875 0.6069444444444445 0.034375 0.17222222222222222
0 0.5007812500000001 0.83125 0.0546875 0.1763888888888889
0 0.48125 0.25833333333333336 0.018750000000000003 0.04166666666666667
0 0.446875 0.29930555555555555 0.018750000000000003 0.051388888888888894
0 0.41171875 0.33819444444444446 0.0203125 0.0625
0 0.223046875 0.3979166666666667 0.017968750000000002 0.06805555555555556
0 0.2703125 0.40555555555555556 0.03125 0.0638888888888889
0 0.25703125 0.45555555555555555 0.037500000000000006 0.075
0 0.32851562500000003 0.5284722222222222 0.04609375 0.08750000000000001
0 0.42812500000000003 0.5423611111111112 0.034375 0.09861111111111112
0 0.17421875 0.5888888888888889 0.0421875 0.1
