0 0.1875 0.55625 0.096875 0.2625
0 0.6640625 0.14375000000000002 0.010937500000000001 0.034722222222222224
0 0.62890625 0.16805555555555557 0.0125 0.03888888888888889
0 0.6199218750000001 0.17430555555555557 0.014843750000000001 0.0375
0 0.587890625 0.21666666666666667 0.022656250000000003 0.0638888888888889
0 0.6875 0.2215277777777778 0.015625 0.043055555555555555
0 0.515625 0.23611111111111113 0.025 0.06666666666666667
0 0.68359375 0.2611111111111111 0.015625 0.05555555555555556
0 0.6292968750000001 0.36736111111111114 0.02421875 0.08472222222222223
0 0.56484375 0.39305555555555555 0.035937500000000004 0.11944444444444445
