1 0.16171875000000002 0.39583333333333337 0.1328125 0.09722222222222222
3 0.6273437500000001 0.44236111111111115 0.08281250000000001 0.16805555555555557
1 0.37148437500000003 0.5048611111111111 0.10390625 0.1625
1 0.530859375 0.6062500000000001 0.10390625 0.17916666666666667
0 0.205859375 0.6777777777777778 0.04609375 0.17222222222222222
1 0.6824218750000001 0.7201388888888889 0.11328125 0.23750000000000002
0 0.105859375 0.7416666666666667 0.05234375 0.18611111111111112
0 0.35078125000000004 0.7493055555555556 0.040625 0.1736111111111111
0 0.878515625 0.7944444444444445 0.05859375 0.15
0 0.08867187500000001 0.9076388888888889 0.05859375 0.1736111111111111
1 0.40625 0.24375000000000002 0.0328125 0.06805555555555556
1 0.5546875 0.3159722222222222 0.043750000000000004 0.07361111111111111
1 0.45156250000000003 0.32916666666666666 0.05 0.10555555555555556
0 0.27265625 0.35694444444444445 0.021875000000000002 0.08055555555555556
0 0.32656250000000003 0.36736111111111114 0.018750000000000003 0.0763888888888889
0 0.5457031250000001 0.4173611111111111 0.030468750000000003 0.11527777777777778
0 0.740234375 0.53125 0.030468750000000003 0.10416666666666667
0 0.271484375 0.5506944444444445 0.03828125 0.13472222222222222
0 0.6859375000000001 0.5590277777777778 0.0328125 0.09583333333333334
0 0.8285156250000001 0.5576388888888889 0.04296875 0.10694444444444445
0 0.8988281250000001 0.5847222222222223 0.03671875 0.11666666666666667
0 0.7699218750000001 0.6041666666666667 0.03515625 0.11111111111111112
