2 0.5890625 0.49930555555555556 0.07500000000000001 0.12638888888888888
0 0.358984375 0.7541666666666667 0.04453125 0.14722222222222223
1 0.6175781250000001 0.75625 0.08828125 0.14583333333333334
0 0.193359375 0.7923611111111112 0.049218750000000006 0.13472222222222222
0 0.11953125 0.9048611111111111 0.078125 0.1736111111111111
0 0.36640625000000004 0.9111111111111111 0.0671875 0.16666666666666669
0 0.58828125 0.9256944444444445 0.0546875 0.14583333333333334
1 0.5203125000000001 0.35555555555555557 0.040625 0.058333333333333334
1 0.684765625 0.36875 0.030468750000000003 0.034722222222222224
0 0.794140625 0.37083333333333335 0.014843750000000001 0.04722222222222222
0 0.8363281250000001 0.37986111111111115 0.01640625 0.051388888888888894
0 0.69453125 0.39166666666666666 0.015625 0.05277777777777778
0 0.7757812500000001 0.3854166666666667 0.015625 0.05416666666666667
0 0.7468750000000001 0.41458333333333336 0.0171875 0.0625
0 0.808203125 0.40972222222222227 0.01640625 0.044444444444444446
1 0.6421875 0.4527777777777778 0.043750000000000004 0.07777777777777778
0 0.8210937500000001 0.5076388888888889 0.021875000000000002 0.07361111111111111
0 0.53125 0.5895833333333333 0.0234375 0.08194444444444444
0 0.6355468750000001 0.5916666666666667 0.02734375 0.08611111111111111
0 0.466796875 0.6263888888888889 0.03359375 0.09444444444444444
0 0.58828125 0.6166666666666667 0.0328125 0.09444444444444444
0 0.67109375 0.6173611111111111 0.026562500000000003 0.09861111111111112
0 0.70625 0.6152777777777778 0.026562500000000003 0.09444444444444444
0 0.7582031250000001 0.6222222222222222 0.02890625 0.11388888888888889
0 0.8523437500000001 0.6284722222222222 0.028125 0.09861111111111112
0 0.4140625 0.6423611111111112 0.03125 0.10138888888888889
0 0.516015625 0.64375 0.02734375 0.09583333333333334
0 0.554296875 0.6666666666666667 0.03359375 0.09722222222222222
0 0.818359375 0.6986111111111112 0.03359375 0.12222222222222223
0 0.464453125 0.7388888888888889 0.03671875 0.1277777777777778
0 0.523828125 0.7333333333333334 0.032031250000000004 0.11944444444444445
