1 0.36953125000000003 0.5694444444444444 0.0890625 0.10555555555555556
0 0.38593750000000004 0.7256944444444444 0.0421875 0.13194444444444445
0 0.42617187500000003 0.8111111111111111 0.05234375 0.15555555555555556
0 0.49531250000000004 0.888888888888889 0.0421875 0.17777777777777778
0 0.539453125 0.9298611111111111 0.05078125 0.14027777777777778
3 0.665234375 0.31527777777777777 0.03515625 0.08055555555555556
1 0.596875 0.36875 0.037500000000000006 0.04583333333333334
0 0.733984375 0.375 0.013281250000000001 0.04166666666666667
0 0.855078125 0.3680555555555556 0.01640625 0.04166666666666667
1 0.645703125 0.3993055555555556 0.03671875 0.05416666666666667
1 0.5925781250000001 0.4131944444444445 0.039843750000000004 0.0625
0 0.8578125000000001 0.42430555555555555 0.0171875 0.04583333333333334
1 0.648046875 0.45069444444444445 0.047656250000000004 0.07361111111111111
1 0.43476562500000004 0.4930555555555556 0.06640625 0.075
0 0.68125 0.4902777777777778 0.018750000000000003 0.07222222222222223
1 0.509375 0.5006944444444444 0.07187500000000001 0.09305555555555556
0 0.7117187500000001 0.5097222222222222 0.0203125 0.07222222222222223
0 0.645703125 0.5277777777777778 0.02421875 0.075
0 0.853125 0.5256944444444445 0.0234375 0.07361111111111111
0 0.7468750000000001 0.5520833333333334 0.018750000000000003 0.08472222222222223
0 0.8109375000000001 0.5493055555555556 0.018750000000000003 0.0763888888888889
0 0.774609375 0.5583333333333333 0.01953125 0.08333333333333334
0 0.564453125 0.5819444444444445 0.022656250000000003 0.08611111111111111
0 0.6953125 0.5798611111111112 0.021875000000000002 0.09027777777777778
0 0.63046875 0.6416666666666667 0.028125 0.10277777777777779
0 0.512109375 0.6979166666666667 0.03515625 0.10416666666666667
0 0.54140625 0.7402777777777778 0.034375 0.11666666666666667
