1 0.22734375 0.3229166666666667 0.06875 0.09861111111111112
1 0.30898437500000003 0.41597222222222224 0.09765625 0.12361111111111112
1 0.42812500000000003 0.40625 0.11875000000000001 0.14027777777777778
1 0.7074218750000001 0.43125 0.11328125 0.10416666666666667
0 0.20039062500000002 0.5208333333333334 0.039843750000000004 0.15
1 0.534375 0.5861111111111111 0.1609375 0.21666666666666667
0 0.75390625 0.5798611111111112 0.0390625 0.15694444444444444
1 0.178515625 0.23611111111111113 0.03359375 0.05
0 0.259375 0.23333333333333334 0.028125 0.05555555555555556
3 0.14453125 0.2611111111111111 0.0421875 0.08333333333333334
1 0.335546875 0.3263888888888889 0.07421875 0.08055555555555556
0 0.158984375 0.3784722222222222 0.022656250000000003 0.08194444444444444
0 0.7738281250000001 0.4465277777777778 0.03671875 0.09305555555555556
