1 0.314453125 0.4027777777777778 0.09453125000000001 0.11666666666666667
1 0.692578125 0.45625000000000004 0.09140625000000001 0.1486111111111111
1 0.5625 0.525 0.16718750000000002 0.18333333333333335
1 0.34765625 0.5458333333333334 0.1375 0.19166666666666668
0 0.32656250000000003 0.7020833333333334 0.0703125 0.2152777777777778
1 0.1640625 0.24583333333333335 0.043750000000000004 0.06944444444444445
0 0.125390625 0.28125 0.017968750000000002 0.051388888888888894
1 0.8128906250000001 0.33125 0.05234375 0.06527777777777778
0 0.7546875000000001 0.44375000000000003 0.0328125 0.09861111111111112
0 0.1625 0.4666666666666667 0.029687500000000002 0.125
0 0.236328125 0.5125000000000001 0.03359375 0.14166666666666666
