1 0.719921875 0.7229166666666667 0.25859375 0.3375
4 0.784765625 0.3340277777777778 0.07578125000000001 0.1125
1 0.34218750000000003 0.4 0.11406250000000001 0.14722222222222223
1 0.6875 0.47500000000000003 0.0734375 0.14722222222222223
0 0.140234375 0.5034722222222222 0.04453125 0.13472222222222222
0 0.24609375 0.5423611111111112 0.040625 0.15416666666666667
1 0.156640625 0.23472222222222222 0.03828125 0.058333333333333334
1 0.23359375000000002 0.23611111111111113 0.05625 0.05277777777777778
1 0.21835937500000002 0.2951388888888889 0.05234375 0.07083333333333333
0 0.155078125 0.31875000000000003 0.01953125 0.0763888888888889
0 0.44570312500000003 0.3597222222222222 0.05390625 0.07777777777777778
0 0.63671875 0.42430555555555555 0.037500000000000006 0.10416666666666667
