1 0.34804687500000003 0.4777777777777778 0.16328125000000002 0.11388888888888889
0 0.29726562500000003 0.6208333333333333 0.049218750000000006 0.14166666666666666
0 0.37148437500000003 0.6381944444444445 0.057031250000000006 0.12083333333333333
0 0.8402343750000001 0.6486111111111111 0.047656250000000004 0.13333333333333333
0 0.48828125 0.6652777777777779 0.051562500000000004 0.13333333333333333
0 0.41484375 0.7229166666666667 0.05625 0.1486111111111111
1 0.7640625000000001 0.7145833333333333 0.1296875 0.20694444444444446
0 0.58359375 0.7465277777777778 0.059375000000000004 0.14583333333333334
0 0.032421875 0.8319444444444445 0.05390625 0.19722222222222224
3 0.53515625 0.2013888888888889 0.035937500000000004 0.09444444444444444
0 0.649609375 0.37430555555555556 0.02109375 0.07916666666666666
0 0.48085937500000003 0.4076388888888889 0.02890625 0.09305555555555556
0 0.687109375 0.4451388888888889 0.02734375 0.10138888888888889
0 0.08164062500000001 0.4763888888888889 0.04609375 0.07777777777777778
0 0.739453125 0.47222222222222227 0.02890625 0.10277777777777779
0 0.18359375 0.49097222222222225 0.0421875 0.10138888888888889
0 0.58828125 0.5097222222222222 0.03125 0.11666666666666667
0 0.388671875 0.5305555555555556 0.04453125 0.10277777777777779
