0 0.3203125 0.7513888888888889 0.051562500000000004 0.13611111111111113
0 0.8203125 0.7534722222222222 0.034375 0.1736111111111111
1 0.0921875 0.8256944444444445 0.1875 0.15972222222222224
1 0.64765625 0.8208333333333334 0.1046875 0.19444444444444445
0 0.78828125 0.8375 0.0390625 0.15555555555555556
0 0.35273437500000004 0.8756944444444444 0.05859375 0.15694444444444444
0 0.962890625 0.9090277777777778 0.04453125 0.16805555555555557
1 0.6394531250000001 0.2798611111111111 0.032031250000000004 0.0375
1 0.679296875 0.27708333333333335 0.025781250000000002 0.034722222222222224
1 0.700390625 0.29930555555555555 0.02421875 0.03194444444444445
1 0.696484375 0.35555555555555557 0.032031250000000004 0.03888888888888889
1 0.5847656250000001 0.38819444444444445 0.039843750000000004 0.043055555555555555
1 0.521875 0.43125 0.0390625 0.05416666666666667
0 0.704296875 0.4375 0.01953125 0.05
0 0.8714843750000001 0.42847222222222225 0.01953125 0.051388888888888894
1 0.5515625000000001 0.46597222222222223 0.06406250000000001 0.07361111111111111
0 0.84296875 0.4743055555555556 0.018750000000000003 0.06805555555555556
1 0.427734375 0.49444444444444446 0.05234375 0.06944444444444445
0 0.733984375 0.4861111111111111 0.017968750000000002 0.05555555555555556
0 0.755859375 0.4916666666666667 0.02109375 0.0638888888888889
0 0.64609375 0.513888888888889 0.018750000000000003 0.07222222222222223
0 0.687109375 0.50625 0.02109375 0.07083333333333333
0 0.7921875 0.5020833333333333 0.018750000000000003 0.06527777777777778
1 0.47734375 0.5215277777777778 0.08125 0.08472222222222223
0 0.58984375 0.53125 0.021875000000000002 0.07361111111111111
0 0.809765625 0.5326388888888889 0.02109375 0.0763888888888889
0 0.6121093750000001 0.5729166666666667 0.02421875 0.08750000000000001
0 0.829296875 0.5576388888888889 0.022656250000000003 0.07916666666666666
0 0.6566406250000001 0.6020833333333333 0.02734375 0.08750000000000001
0 0.6957031250000001 0.6097222222222223 0.02890625 0.09444444444444444
0 0.7738281250000001 0.6201388888888889 0.02890625 0.09861111111111112
0 0.5859375 0.6583333333333333 0.034375 0.10833333333333334
0 0.45351562500000003 0.675 0.03828125 0.11388888888888889
0 0.63046875 0.6819444444444445 0.034375 0.10833333333333334
0 0.7601562500000001 0.9618055555555556 0.043750000000000004 0.0625
0 0.876171875 0.9659722222222222 0.04296875 0.05694444444444444
