1 0.49531250000000004 0.6291666666666667 0.08750000000000001 0.11944444444444445
1 0.6507812500000001 0.6486111111111111 0.078125 0.13055555555555556
1 0.17734375000000002 0.6645833333333333 0.140625 0.10416666666666667
4 0.8125 0.6659722222222223 0.060937500000000006 0.1375
0 0.32109375 0.7368055555555556 0.043750000000000004 0.12916666666666668
1 0.47773437500000004 0.8298611111111112 0.12421875 0.1625
0 0.18281250000000002 0.9388888888888889 0.0765625 0.11111111111111112
0 0.25039062500000003 0.9520833333333334 0.06796875000000001 0.09305555555555556
1 0.57265625 0.9354166666666667 0.1234375 0.12916666666666668
0 0.890234375 0.9347222222222222 0.049218750000000006 0.1277777777777778
1 0.5546875 0.4041666666666667 0.0421875 0.061111111111111116
1 0.58828125 0.43125 0.045312500000000006 0.05694444444444444
0 0.74609375 0.4340277777777778 0.0171875 0.05694444444444444
0 0.784765625 0.4326388888888889 0.017968750000000002 0.04861111111111111
0 0.6937500000000001 0.4534722222222222 0.018750000000000003 0.05694444444444444
0 0.7250000000000001 0.4451388888888889 0.0171875 0.05416666666666667
0 0.8324218750000001 0.4729166666666667 0.01953125 0.05416666666666667
1 0.43281250000000004 0.4930555555555556 0.08750000000000001 0.07222222222222223
0 0.640234375 0.4847222222222222 0.025781250000000002 0.06944444444444445
0 0.783203125 0.49236111111111114 0.02109375 0.06805555555555556
0 0.566796875 0.5194444444444445 0.022656250000000003 0.06944444444444445
0 0.8503906250000001 0.5208333333333334 0.02109375 0.075
1 0.451953125 0.545138888888889 0.07421875 0.06805555555555556
0 0.8289062500000001 0.5527777777777778 0.025 0.08333333333333334
0 0.60859375 0.5805555555555556 0.0234375 0.08333333333333334
0 0.841015625 0.61875 0.02109375 0.08750000000000001
0 0.4078125 0.7048611111111112 0.040625 0.11527777777777778
0 0.48828125 0.7048611111111112 0.035937500000000004 0.09305555555555556
0 0.5398437500000001 0.7222222222222222 0.040625 0.11111111111111112
0 0.7601562500000001 0.7770833333333333 0.028125 0.1375
0 0.7000000000000001 0.788888888888889 0.035937500000000004 0.13055555555555556
0 0.8230468750000001 0.8097222222222222 0.032031250000000004 0.13611111111111113
0 0.791015625 0.9659722222222222 0.039843750000000004 0.05694444444444444
