2 0.16328125000000002 0.7041666666666667 0.33437500000000003 0.3944444444444445
1 0.870703125 0.63125 0.15859375 0.10138888888888889
0 0.392578125 0.6951388888888889 0.04609375 0.12638888888888888
0 0.40742187500000004 0.7763888888888889 0.04453125 0.1388888888888889
0 0.5457031250000001 0.7819444444444444 0.04296875 0.15
0 0.162890625 0.9006944444444445 0.06796875000000001 0.1736111111111111
1 0.6628906250000001 0.29305555555555557 0.02734375 0.03333333333333333
1 0.628515625 0.32708333333333334 0.02734375 0.0375
1 0.59609375 0.3701388888888889 0.0390625 0.04861111111111111
0 0.7996093750000001 0.3854166666666667 0.01640625 0.043055555555555555
0 0.7703125000000001 0.42291666666666666 0.0171875 0.04583333333333334
0 0.8078125 0.4569444444444445 0.0171875 0.061111111111111116
0 0.7605468750000001 0.4618055555555556 0.01640625 0.05416666666666667
0 0.6125 0.4861111111111111 0.021875000000000002 0.06666666666666667
0 0.642578125 0.48541666666666666 0.02109375 0.06805555555555556
0 0.7796875000000001 0.4847222222222222 0.018750000000000003 0.06944444444444445
0 0.6843750000000001 0.5069444444444444 0.0203125 0.075
0 0.8402343750000001 0.5041666666666667 0.02109375 0.07222222222222223
0 0.7250000000000001 0.5270833333333333 0.021875000000000002 0.06805555555555556
0 0.6078125000000001 0.5576388888888889 0.025 0.08472222222222223
0 0.6316406250000001 0.5826388888888889 0.025781250000000002 0.08472222222222223
0 0.732421875 0.5951388888888889 0.02734375 0.09305555555555556
