2 0.22617187500000002 0.39166666666666666 0.13046875 0.28055555555555556
0 0.6589843750000001 0.6041666666666667 0.04453125 0.17222222222222222
0 0.7230468750000001 0.6006944444444444 0.04296875 0.16527777777777777
1 0.48085937500000003 0.6583333333333333 0.19140625 0.3111111111111111
1 0.15781250000000002 0.23402777777777778 0.037500000000000006 0.04861111111111111
0 0.273046875 0.24097222222222223 0.04296875 0.051388888888888894
1 0.35585937500000003 0.25277777777777777 0.09296875 0.058333333333333334
0 0.11875000000000001 0.2965277777777778 0.0171875 0.05694444444444444
0 0.098828125 0.30972222222222223 0.017968750000000002 0.06944444444444445
0 0.12460937500000001 0.3548611111111111 0.01953125 0.08194444444444444
0 0.32109375 0.36736111111111114 0.0546875 0.07916666666666666
0 0.138671875 0.4451388888888889 0.025781250000000002 0.10694444444444445
