2 0.649609375 0.3590277777777778 0.04609375 0.10416666666666667
1 0.606640625 0.6666666666666667 0.08828125 0.125
0 0.516015625 0.7826388888888889 0.04296875 0.15972222222222224
0 0.23945312500000002 0.8395833333333333 0.06171875 0.1513888888888889
0 0.36953125000000003 0.8111111111111111 0.05 0.15555555555555556
0 0.6195312500000001 0.8305555555555556 0.0390625 0.15
0 0.7449218750000001 0.8402777777777778 0.03671875 0.16111111111111112
0 0.7976562500000001 0.8256944444444445 0.035937500000000004 0.15694444444444444
0 0.6976562500000001 0.85 0.035937500000000004 0.1638888888888889
0 0.40664062500000003 0.9180555555555556 0.049218750000000006 0.15833333333333333
0 0.821484375 0.9076388888888889 0.03828125 0.17916666666666667
0 0.5484375 0.9256944444444445 0.0484375 0.15972222222222224
1 0.5925781250000001 0.3715277777777778 0.03515625 0.051388888888888894
1 0.565625 0.40694444444444444 0.0484375 0.0638888888888889
0 0.737890625 0.40555555555555556 0.01640625 0.04166666666666667
0 0.8187500000000001 0.4256944444444445 0.018750000000000003 0.05416666666666667
0 0.851171875 0.43819444444444444 0.01953125 0.06805555555555556
1 0.64375 0.45555555555555555 0.0390625 0.058333333333333334
0 0.744140625 0.4534722222222222 0.017968750000000002 0.0625
0 0.7898437500000001 0.45208333333333334 0.018750000000000003 0.06805555555555556
0 0.665234375 0.49930555555555556 0.022656250000000003 0.07361111111111111
0 0.689453125 0.5118055555555556 0.02109375 0.07361111111111111
0 0.719921875 0.5006944444444444 0.02109375 0.07361111111111111
0 0.81171875 0.5298611111111111 0.0234375 0.08194444444444444
0 0.788671875 0.5520833333333334 0.02421875 0.08194444444444444
0 0.5015625 0.5791666666666667 0.03125 0.09166666666666667
0 0.8230468750000001 0.58125 0.022656250000000003 0.08750000000000001
0 0.7523437500000001 0.6062500000000001 0.025 0.09861111111111112
0 0.78046875 0.6555555555555556 0.025 0.10277777777777779
0 0.845703125 0.6805555555555556 0.032031250000000004 0.11111111111111112
0 0.75390625 0.7131944444444445 0.029687500000000002 0.1125
0 0.7125 0.7368055555555556 0.029687500000000002 0.10972222222222222
0 0.7839843750000001 0.9534722222222223 0.04609375 0.09583333333333334
