2 0.16328125000000002 0.6965277777777779 0.265625 0.5625
3 0.35390625000000003 0.3680555555555556 0.0578125 0.16666666666666669
3 0.44257812500000004 0.5125000000000001 0.08515625 0.2916666666666667
1 0.6410156250000001 0.5541666666666667 0.09765625 0.14444444444444446
1 0.55625 0.625 0.09843750000000001 0.15555555555555556
0 0.8406250000000001 0.7020833333333334 0.046875 0.1513888888888889
0 0.9546875 0.7236111111111111 0.0484375 0.15
0 0.59375 0.7361111111111112 0.040625 0.15
3 0.373046875 0.7736111111111111 0.16796875 0.4166666666666667
3 0.716796875 0.820138888888889 0.13359375 0.2986111111111111
0 0.9167968750000001 0.8250000000000001 0.047656250000000004 0.15833333333333333
0 0.55078125 0.8541666666666667 0.046875 0.16111111111111112
0 0.88671875 0.8965277777777778 0.046875 0.16805555555555557
0 0.542578125 0.24305555555555555 0.013281250000000001 0.05
0 0.6890625 0.5006944444444444 0.028125 0.09861111111111112
0 0.736328125 0.5236111111111111 0.030468750000000003 0.10555555555555556
0 0.783203125 0.5326388888888889 0.03359375 0.08750000000000001
0 0.775390625 0.625 0.03828125 0.10555555555555556
0 0.87890625 0.6458333333333334 0.037500000000000006 0.11388888888888889
