1 0.683203125 0.5701388888888889 0.055468750000000004 0.10138888888888889
1 0.50625 0.6409722222222223 0.09375 0.10694444444444445
1 0.15976562500000002 0.6798611111111111 0.13046875 0.12083333333333333
1 0.716796875 0.6944444444444444 0.08203125 0.11944444444444445
0 0.358984375 0.7312500000000001 0.04296875 0.13194444444444445
0 0.303515625 0.8125 0.049218750000000006 0.13055555555555556
0 0.199609375 0.875 0.055468750000000004 0.17222222222222222
0 0.42421875000000003 0.8770833333333333 0.053125000000000006 0.1513888888888889
0 0.50234375 0.8645833333333334 0.0484375 0.14583333333333334
1 0.66015625 0.24305555555555555 0.028125 0.030555555555555558
1 0.6316406250000001 0.30069444444444443 0.02421875 0.034722222222222224
1 0.6648437500000001 0.3194444444444445 0.025 0.030555555555555558
0 0.833984375 0.33611111111111114 0.013281250000000001 0.03888888888888889
1 0.524609375 0.35625 0.03671875 0.04583333333333334
1 0.6046875 0.36041666666666666 0.0328125 0.0375
0 0.8519531250000001 0.3597222222222222 0.014843750000000001 0.044444444444444446
1 0.630859375 0.3875 0.03828125 0.05
1 0.6937500000000001 0.4041666666666667 0.0421875 0.0638888888888889
0 0.7515625 0.41944444444444445 0.018750000000000003 0.04722222222222222
0 0.7984375 0.40902777777777777 0.0171875 0.043055555555555555
0 0.837109375 0.41805555555555557 0.017968750000000002 0.04722222222222222
1 0.6515625 0.4430555555555556 0.040625 0.061111111111111116
1 0.456640625 0.4708333333333333 0.06328125 0.06666666666666667
1 0.516796875 0.4756944444444445 0.05859375 0.06527777777777778
1 0.590234375 0.4604166666666667 0.05390625 0.07083333333333333
1 0.712890625 0.47500000000000003 0.041406250000000006 0.0638888888888889
0 0.7542968750000001 0.4826388888888889 0.017968750000000002 0.05416666666666667
0 0.878125 0.5131944444444445 0.021875000000000002 0.0763888888888889
0 0.64609375 0.5402777777777777 0.0203125 0.07222222222222223
0 0.7703125000000001 0.5618055555555556 0.021875000000000002 0.07083333333333333
0 0.839453125 0.5673611111111111 0.022656250000000003 0.08194444444444444
0 0.80078125 0.6180555555555556 0.0234375 0.09166666666666667
0 0.597265625 0.7006944444444445 0.02734375 0.09861111111111112
0 0.42304687500000004 0.71875 0.03828125 0.10972222222222222
0 0.6371093750000001 0.7256944444444444 0.032031250000000004 0.11805555555555557
0 0.47773437500000004 0.7319444444444445 0.03515625 0.10555555555555556
0 0.6875 0.7777777777777778 0.0328125 0.13333333333333333
0 0.181640625 0.7909722222222223 0.03828125 0.12916666666666668
0 0.3953125 0.8097222222222222 0.035937500000000004 0.1388888888888889
0 0.5515625000000001 0.8166666666666667 0.040625 0.12222222222222223
0 0.611328125 0.8083333333333333 0.03671875 0.1277777777777778
