0 0.525 0.4291666666666667 0.0421875 0.16111111111111112
0 0.569921875 0.48333333333333334 0.041406250000000006 0.1527777777777778
0 0.41015625 0.6826388888888889 0.078125 0.22361111111111112
0 0.624609375 0.17291666666666666 0.013281250000000001 0.043055555555555555
0 0.58125 0.22430555555555556 0.0203125 0.06527777777777778
0 0.68359375 0.21319444444444446 0.015625 0.04583333333333334
0 0.633984375 0.2569444444444445 0.02109375 0.06944444444444445
0 0.6625000000000001 0.2652777777777778 0.018750000000000003 0.07222222222222223
0 0.587109375 0.33958333333333335 0.03359375 0.08750000000000001
0 0.634765625 0.39305555555555555 0.032031250000000004 0.10277777777777779
