0 0.2734375 0.37222222222222223 0.06875 0.125
0 0.350390625 0.40902777777777777 0.05390625 0.17083333333333334
0 0.049218750000000006 0.7722222222222223 0.11093750000000001 0.3194444444444445
0 0.17929687500000002 0.17500000000000002 0.030468750000000003 0.07777777777777778
0 0.6175781250000001 0.19444444444444445 0.01640625 0.04722222222222222
0 0.565625 0.23402777777777778 0.0203125 0.06527777777777778
0 0.669921875 0.2555555555555556 0.017968750000000002 0.05277777777777778
0 0.525390625 0.2833333333333333 0.02734375 0.08611111111111111
0 0.361328125 0.29583333333333334 0.04296875 0.08333333333333334
0 0.47500000000000003 0.2902777777777778 0.0328125 0.09166666666666667
0 0.4140625 0.3194444444444445 0.0390625 0.10833333333333334
0 0.610546875 0.3201388888888889 0.022656250000000003 0.09583333333333334
0 0.6570312500000001 0.3159722222222222 0.021875000000000002 0.08750000000000001
