0 0.56796875 0.6006944444444444 0.05625 0.1875
0 0.6109375 0.17500000000000002 0.0125 0.036111111111111115
0 0.625 0.1840277777777778 0.0140625 0.043055555555555555
0 0.649609375 0.20555555555555557 0.014843750000000001 0.05
0 0.5632812500000001 0.23472222222222222 0.018750000000000003 0.04722222222222222
0 0.665625 0.2513888888888889 0.018750000000000003 0.05277777777777778
0 0.48281250000000003 0.28194444444444444 0.026562500000000003 0.0638888888888889
0 0.366015625 0.2923611111111111 0.03828125 0.0763888888888889
0 0.508203125 0.3027777777777778 0.030468750000000003 0.06666666666666667
0 0.423828125 0.33958333333333335 0.030468750000000003 0.08472222222222223
