0 0.48046875 0.5215277777777778 0.0546875 0.1763888888888889
0 0.591015625 0.5055555555555555 0.03828125 0.1527777777777778
0 0.32890625 0.6222222222222222 0.0734375 0.21944444444444444
0 0.532421875 0.22569444444444445 0.02421875 0.0625
0 0.6585937500000001 0.22013888888888888 0.015625 0.051388888888888894
0 0.681640625 0.21666666666666667 0.013281250000000001 0.05277777777777778
0 0.58203125 0.23750000000000002 0.0234375 0.06944444444444445
0 0.427734375 0.33819444444444446 0.03671875 0.08472222222222223
0 0.6121093750000001 0.34861111111111115 0.030468750000000003 0.09444444444444444
0 0.6355468750000001 0.40694444444444444 0.02890625 0.11944444444444445
