1 0.4734375 0.4916666666666667 0.078125 0.14444444444444446
0 0.205078125 0.6368055555555556 0.04453125 0.13472222222222222
1 0.5320312500000001 0.6458333333333334 0.10312500000000001 0.275
0 0.251171875 0.7583333333333334 0.047656250000000004 0.1527777777777778
0 0.7816406250000001 0.7555555555555555 0.04609375 0.18611111111111112
0 0.14296875 0.7826388888888889 0.046875 0.16527777777777777
0 0.32109375 0.8 0.053125000000000006 0.16666666666666669
0 0.062890625 0.8104166666666667 0.05390625 0.1625
1 0.451171875 0.8159722222222222 0.16640625 0.24027777777777778
0 0.080078125 0.9493055555555556 0.06640625 0.10694444444444445
1 0.4546875 0.2715277777777778 0.040625 0.07361111111111111
0 0.328125 0.35833333333333334 0.021875000000000002 0.075
0 0.10234375000000001 0.6097222222222223 0.0390625 0.11388888888888889
0 0.27382812500000003 0.6576388888888889 0.032031250000000004 0.13194444444444445
0 0.31953125000000004 0.6666666666666667 0.037500000000000006 0.10555555555555556
