1 0.33906250000000004 0.6354166666666667 0.1234375 0.12638888888888888
0 0.35585937500000003 0.7736111111111111 0.05078125 0.1388888888888889
1 0.6683593750000001 0.31527777777777777 0.02890625 0.036111111111111115
1 0.62421875 0.3277777777777778 0.029687500000000002 0.03333333333333333
1 0.7136718750000001 0.3923611111111111 0.032031250000000004 0.0625
0 0.8679687500000001 0.45833333333333337 0.0234375 0.0638888888888889
0 0.714453125 0.4756944444444445 0.01953125 0.07083333333333333
0 0.75703125 0.46597222222222223 0.015625 0.05694444444444444
0 0.791015625 0.4666666666666667 0.017968750000000002 0.058333333333333334
0 0.60703125 0.49097222222222225 0.0203125 0.06805555555555556
0 0.6492187500000001 0.4902777777777778 0.0203125 0.06944444444444445
0 0.676953125 0.49097222222222225 0.01953125 0.06805555555555556
0 0.5828125000000001 0.49930555555555556 0.021875000000000002 0.07361111111111111
0 0.7761718750000001 0.5236111111111111 0.02109375 0.075
0 0.6179687500000001 0.5416666666666667 0.021875000000000002 0.08055555555555556
0 0.684765625 0.5784722222222223 0.02734375 0.08472222222222223
0 0.55234375 0.6041666666666667 0.028125 0.09722222222222222
0 0.591796875 0.6104166666666667 0.02734375 0.10416666666666667
0 0.636328125 0.6111111111111112 0.02890625 0.09722222222222222
0 0.5339843750000001 0.725 0.03515625 0.125
