0 0.408203125 0.6013888888888889 0.08046875 0.22222222222222224
0 0.11796875000000001 0.6215277777777778 0.11406250000000001 0.24861111111111112
0 0.524609375 0.6805555555555556 0.06640625 0.2388888888888889
0 0.38125000000000003 0.15763888888888888 0.0390625 0.05416666666666667
0 0.46328125000000003 0.18472222222222223 0.040625 0.05555555555555556
0 0.6664062500000001 0.22361111111111112 0.0140625 0.044444444444444446
0 0.681640625 0.23541666666666666 0.014843750000000001 0.04583333333333334
0 0.6277343750000001 0.2763888888888889 0.02109375 0.06944444444444445
0 0.653515625 0.2777777777777778 0.01953125 0.06944444444444445
0 0.5078125 0.2902777777777778 0.03125 0.06666666666666667
0 0.5964843750000001 0.2965277777777778 0.02421875 0.07916666666666666
0 0.683203125 0.39583333333333337 0.02109375 0.10277777777777779
0 0.5828125000000001 0.43194444444444446 0.0328125 0.12222222222222223
0 0.494921875 0.46597222222222223 0.039843750000000004 0.09027777777777778
