1 0.6640625 0.28194444444444444 0.026562500000000003 0.02777777777777778
1 0.6375000000000001 0.2902777777777778 0.03125 0.036111111111111115
0 0.808203125 0.33611111111111114 0.013281250000000001 0.03888888888888889
1 0.5796875 0.3965277777777778 0.040625 0.04861111111111111
1 0.697265625 0.38819444444444445 0.03671875 0.04583333333333334
0 0.73359375 0.39305555555555555 0.0171875 0.04722222222222222
1 0.54140625 0.4340277777777778 0.06875 0.08472222222222223
0 0.68671875 0.4256944444444445 0.0171875 0.05416666666666667
0 0.71640625 0.42638888888888893 0.0171875 0.05277777777777778
0 0.7546875000000001 0.43680555555555556 0.018750000000000003 0.059722222222222225
0 0.808203125 0.4881944444444445 0.02109375 0.07083333333333333
1 0.43671875000000004 0.5083333333333333 0.08125 0.08333333333333334
0 0.7140625 0.5 0.018750000000000003 0.06944444444444445
0 0.63828125 0.5194444444444445 0.021875000000000002 0.06944444444444445
0 0.66953125 0.5416666666666667 0.021875000000000002 0.08055555555555556
0 0.560546875 0.5965277777777778 0.02890625 0.08472222222222223
0 0.6312500000000001 0.6180555555555556 0.026562500000000003 0.1
0 0.7328125000000001 0.6236111111111111 0.026562500000000003 0.10277777777777779
0 0.78828125 0.6833333333333333 0.03125 0.11666666666666667
0 0.5703125 0.7243055555555555 0.035937500000000004 0.1375
