1 0.40703125 0.5034722222222222 0.08750000000000001 0.08750000000000001
1 0.5652343750000001 0.5965277777777778 0.07421875 0.09027777777777778
1 0.597265625 0.7027777777777778 0.08203125 0.1277777777777778
1 0.20703125 0.7319444444444445 0.171875 0.13333333333333333
0 0.40234375 0.7611111111111112 0.0421875 0.13611111111111113
0 0.453125 0.8222222222222223 0.043750000000000004 0.14444444444444446
0 0.318359375 0.8993055555555556 0.05234375 0.16527777777777777
1 0.5710937500000001 0.8854166666666667 0.109375 0.19305555555555556
0 0.37226562500000004 0.9458333333333334 0.057031250000000006 0.12222222222222223
0 0.455078125 0.9500000000000001 0.05234375 0.11111111111111112
1 0.540234375 0.33472222222222225 0.03671875 0.05
1 0.61875 0.3416666666666667 0.03125 0.036111111111111115
1 0.666015625 0.33611111111111114 0.032031250000000004 0.036111111111111115
1 0.58515625 0.38472222222222224 0.0421875 0.05555555555555556
1 0.6351562500000001 0.38680555555555557 0.0328125 0.04027777777777778
0 0.733984375 0.3875 0.01640625 0.04722222222222222
0 0.794140625 0.3993055555555556 0.01640625 0.051388888888888894
0 0.8328125000000001 0.3965277777777778 0.0171875 0.04861111111111111
1 0.6625000000000001 0.4291666666666667 0.043750000000000004 0.06944444444444445
1 0.511328125 0.4444444444444445 0.049218750000000006 0.061111111111111116
0 0.7578125 0.44583333333333336 0.0171875 0.05277777777777778
0 0.8367187500000001 0.4513888888888889 0.0234375 0.06666666666666667
1 0.585546875 0.4708333333333333 0.05234375 0.07777777777777778
1 0.6804687500000001 0.49375 0.0484375 0.07916666666666666
0 0.7390625000000001 0.5298611111111111 0.018750000000000003 0.07916666666666666
1 0.48164062500000004 0.5395833333333333 0.07109375 0.0763888888888889
0 0.6156250000000001 0.5381944444444444 0.025 0.06527777777777778
0 0.6742187500000001 0.5458333333333334 0.0203125 0.07222222222222223
0 0.718359375 0.5576388888888889 0.02109375 0.07916666666666666
0 0.8347656250000001 0.5708333333333333 0.02109375 0.08611111111111111
0 0.7878906250000001 0.6083333333333334 0.02109375 0.10277777777777779
0 0.86640625 0.6277777777777778 0.028125 0.09722222222222222
0 0.53515625 0.6493055555555556 0.03125 0.09305555555555556
0 0.7601562500000001 0.6375000000000001 0.021875000000000002 0.09722222222222222
0 0.46523437500000003 0.7423611111111111 0.039843750000000004 0.10694444444444445
