0 0.392578125 0.7715277777777778 0.05234375 0.1513888888888889
1 0.630859375 0.8333333333333334 0.10390625 0.15555555555555556
0 0.749609375 0.8277777777777778 0.03515625 0.16666666666666669
0 0.4421875 0.9263888888888889 0.060937500000000006 0.14722222222222223
0 0.555078125 0.9409722222222222 0.05859375 0.11805555555555557
1 0.640625 0.29305555555555557 0.025 0.030555555555555558
1 0.53515625 0.3298611111111111 0.0328125 0.04861111111111111
1 0.6707031250000001 0.33958333333333335 0.03515625 0.04583333333333334
1 0.644140625 0.3736111111111111 0.03671875 0.05
0 0.874609375 0.43333333333333335 0.01953125 0.06666666666666667
0 0.84375 0.44930555555555557 0.0171875 0.06805555555555556
0 0.765625 0.4756944444444445 0.021875000000000002 0.07361111111111111
0 0.6898437500000001 0.4826388888888889 0.0203125 0.07916666666666666
0 0.7937500000000001 0.48888888888888893 0.018750000000000003 0.075
0 0.59921875 0.5263888888888889 0.0234375 0.07777777777777778
0 0.67109375 0.5284722222222222 0.021875000000000002 0.08750000000000001
0 0.74140625 0.51875 0.0234375 0.08194444444444444
0 0.8269531250000001 0.5243055555555556 0.02421875 0.0763888888888889
0 0.727734375 0.5784722222222223 0.025781250000000002 0.10138888888888889
0 0.582421875 0.6 0.02734375 0.09722222222222222
0 0.482421875 0.6208333333333333 0.03828125 0.10277777777777779
0 0.606640625 0.6458333333333334 0.02734375 0.11666666666666667
0 0.829296875 0.6486111111111111 0.03359375 0.11111111111111112
0 0.7453125 0.6548611111111111 0.028125 0.10416666666666667
0 0.79609375 0.7625000000000001 0.035937500000000004 0.1277777777777778
