1 0.31289062500000003 0.6583333333333333 0.12265625000000001 0.11111111111111112
0 0.38789062500000004 0.74375 0.05390625 0.1125
0 0.234375 0.8 0.0578125 0.13611111111111113
0 0.60078125 0.8381944444444445 0.043750000000000004 0.16527777777777777
0 0.41250000000000003 0.8506944444444445 0.046875 0.16805555555555557
0 0.956640625 0.8777777777777778 0.047656250000000004 0.18055555555555555
1 0.63671875 0.2826388888888889 0.0234375 0.04027777777777778
1 0.6976562500000001 0.27847222222222223 0.026562500000000003 0.03194444444444445
1 0.6648437500000001 0.29097222222222224 0.028125 0.0375
1 0.6585937500000001 0.33333333333333337 0.03125 0.036111111111111115
1 0.6421875 0.37777777777777777 0.040625 0.05
1 0.51015625 0.43125 0.043750000000000004 0.05694444444444444
1 0.58984375 0.43194444444444446 0.046875 0.05555555555555556
0 0.7890625 0.4326388888888889 0.0140625 0.05694444444444444
0 0.878125 0.43333333333333335 0.018750000000000003 0.05555555555555556
0 0.6472656250000001 0.45763888888888893 0.017968750000000002 0.059722222222222225
0 0.81171875 0.45 0.018750000000000003 0.05555555555555556
0 0.60546875 0.4638888888888889 0.021875000000000002 0.06666666666666667
1 0.529296875 0.48125 0.055468750000000004 0.08194444444444444
0 0.6820312500000001 0.4847222222222222 0.0203125 0.06666666666666667
0 0.716796875 0.49236111111111114 0.01953125 0.07361111111111111
0 0.751953125 0.4861111111111111 0.02109375 0.075
0 0.8167968750000001 0.5229166666666667 0.022656250000000003 0.0763888888888889
0 0.650390625 0.5645833333333333 0.02421875 0.09027777777777778
0 0.60546875 0.5875 0.025 0.1
0 0.790234375 0.6006944444444444 0.022656250000000003 0.09027777777777778
