0 0.13203125000000002 0.5291666666666667 0.09062500000000001 0.16944444444444445
0 0.5859375 0.5111111111111112 0.045312500000000006 0.15555555555555556
0 0.494140625 0.5541666666666667 0.05859375 0.17777777777777778
0 0.60703125 0.17916666666666667 0.015625 0.04722222222222222
0 0.6375000000000001 0.1826388888888889 0.0140625 0.043055555555555555
0 0.568359375 0.20277777777777778 0.014843750000000001 0.05277777777777778
0 0.654296875 0.19305555555555556 0.014843750000000001 0.03888888888888889
0 0.6371093750000001 0.2951388888888889 0.022656250000000003 0.07916666666666666
0 0.59921875 0.3298611111111111 0.025 0.09027777777777778
0 0.6785156250000001 0.34861111111111115 0.022656250000000003 0.08611111111111111
