3 0.59609375 0.33819444444444446 0.078125 0.1625
1 0.29531250000000003 0.36944444444444446 0.084375 0.1
1 0.51875 0.5680555555555555 0.12812500000000002 0.1527777777777778
0 0.744140625 0.71875 0.039843750000000004 0.1486111111111111
0 0.48203125 0.7458333333333333 0.046875 0.15
0 0.54921875 0.7493055555555556 0.0390625 0.15416666666666667
0 0.59140625 0.7909722222222223 0.0421875 0.1736111111111111
0 0.665625 0.8520833333333334 0.05625 0.1736111111111111
0 0.451953125 0.39375 0.030468750000000003 0.09305555555555556
0 0.19687500000000002 0.42430555555555555 0.034375 0.08750000000000001
0 0.37343750000000003 0.42986111111111114 0.046875 0.08194444444444444
0 0.040234375 0.5083333333333333 0.049218750000000006 0.08611111111111111
0 0.667578125 0.5020833333333333 0.02890625 0.09305555555555556
0 0.72421875 0.51875 0.037500000000000006 0.09027777777777778
0 0.6058593750000001 0.5631944444444444 0.03515625 0.11527777777777778
0 0.732421875 0.6062500000000001 0.03359375 0.10694444444444445
0 0.7796875000000001 0.6215277777777778 0.035937500000000004 0.11805555555555557
