3 0.603515625 0.21180555555555555 0.05390625 0.13472222222222222
3 0.7566406250000001 0.46875 0.18359375 0.35694444444444445
3 0.524609375 0.15833333333333333 0.03671875 0.08888888888888889
1 0.446875 0.20555555555555557 0.03125 0.0638888888888889
0 0.6828125 0.2423611111111111 0.025 0.07083333333333333
0 0.31093750000000003 0.2833333333333333 0.021875000000000002 0.06666666666666667
0 0.35078125000000004 0.27361111111111114 0.0203125 0.06944444444444445
0 0.39375000000000004 0.2701388888888889 0.018750000000000003 0.07083333333333333
0 0.2546875 0.36944444444444446 0.0234375 0.075
0 0.232421875 0.4930555555555556 0.030468750000000003 0.11388888888888889
0 0.590234375 0.48680555555555555 0.025781250000000002 0.10972222222222222
0 0.860546875 0.5444444444444445 0.032031250000000004 0.11388888888888889
