1 0.53125 0.6868055555555556 0.10312500000000001 0.11527777777777778
0 0.6328125 0.7618055555555556 0.040625 0.14305555555555557
1 0.32539062500000004 0.7833333333333333 0.17421875 0.14166666666666666
0 0.56484375 0.8965277777777778 0.0484375 0.17916666666666667
0 0.8109375000000001 0.9111111111111111 0.037500000000000006 0.19166666666666668
0 0.6390625000000001 0.5069444444444444 0.0203125 0.06944444444444445
1 0.5078125 0.53125 0.065625 0.08472222222222223
0 0.6671875 0.5208333333333334 0.021875000000000002 0.06944444444444445
0 0.696875 0.5479166666666667 0.0234375 0.08750000000000001
0 0.8125 0.5666666666666667 0.029687500000000002 0.08333333333333334
0 0.755859375 0.6277777777777778 0.02734375 0.11111111111111112
0 0.45703125 0.6340277777777779 0.037500000000000006 0.09861111111111112
0 0.6761718750000001 0.6361111111111112 0.02734375 0.10555555555555556
0 0.791015625 0.6777777777777778 0.03515625 0.10833333333333334
0 0.86640625 0.6930555555555555 0.034375 0.11666666666666667
