1 0.564453125 0.5458333333333334 0.06796875000000001 0.1
1 0.625 0.75625 0.0921875 0.14583333333333334
0 0.45 0.8111111111111111 0.0484375 0.15833333333333333
0 0.48125 0.851388888888889 0.043750000000000004 0.17222222222222222
0 0.10703125000000001 0.9027777777777778 0.0671875 0.17222222222222222
0 0.41523437500000004 0.9298611111111111 0.047656250000000004 0.14305555555555557
1 0.7054687500000001 0.9409722222222222 0.2390625 0.10694444444444445
1 0.62265625 0.33263888888888893 0.028125 0.051388888888888894
1 0.69296875 0.3506944444444445 0.03125 0.051388888888888894
0 0.5964843750000001 0.39722222222222225 0.014843750000000001 0.044444444444444446
0 0.6488281250000001 0.4361111111111111 0.01953125 0.058333333333333334
0 0.7515625 0.42291666666666666 0.0171875 0.051388888888888894
0 0.8125 0.4465277777777778 0.0203125 0.06527777777777778
1 0.692578125 0.4743055555555556 0.04609375 0.07916666666666666
0 0.6359375 0.5048611111111111 0.021875000000000002 0.07083333333333333
0 0.5164062500000001 0.51875 0.026562500000000003 0.07916666666666666
0 0.6082031250000001 0.6263888888888889 0.030468750000000003 0.1
0 0.471484375 0.6444444444444445 0.030468750000000003 0.10555555555555556
0 0.49453125000000003 0.68125 0.034375 0.12361111111111112
