2 0.35273437500000004 0.3229166666666667 0.09453125000000001 0.1486111111111111
3 0.46601562500000004 0.4048611111111111 0.14140625 0.22916666666666669
1 0.341796875 0.47500000000000003 0.13515625 0.20833333333333334
0 0.225 0.5215277777777778 0.037500000000000006 0.15972222222222224
1 0.55078125 0.6194444444444445 0.16562500000000002 0.20833333333333334
1 0.15781250000000002 0.2520833333333333 0.040625 0.05694444444444444
1 0.29296875 0.2986111111111111 0.045312500000000006 0.08055555555555556
0 0.1484375 0.3111111111111111 0.0203125 0.06944444444444445
0 0.19296875000000002 0.45208333333333334 0.026562500000000003 0.12083333333333333
0 0.13515625 0.4715277777777778 0.029687500000000002 0.10972222222222222
