2 0.427734375 0.5097222222222222 0.14609375 0.2111111111111111
0 0.626953125 0.820138888888889 0.04296875 0.14583333333333334
0 0.23671875 0.9458333333333334 0.08125 0.10277777777777779
1 0.703125 0.2847222222222222 0.026562500000000003 0.036111111111111115
1 0.696484375 0.33472222222222225 0.030468750000000003 0.030555555555555558
1 0.5984375000000001 0.36944444444444446 0.037500000000000006 0.04166666666666667
1 0.55859375 0.41458333333333336 0.051562500000000004 0.059722222222222225
1 0.7132812500000001 0.40347222222222223 0.0390625 0.05416666666666667
0 0.78125 0.4083333333333333 0.015625 0.044444444444444446
1 0.659765625 0.4305555555555556 0.03671875 0.05555555555555556
0 0.851171875 0.4361111111111111 0.01953125 0.05555555555555556
0 0.78125 0.4513888888888889 0.015625 0.05555555555555556
0 0.7136718750000001 0.4618055555555556 0.01953125 0.06805555555555556
0 0.8265625000000001 0.46319444444444446 0.018750000000000003 0.05416666666666667
0 0.6351562500000001 0.4902777777777778 0.018750000000000003 0.075
0 0.6921875000000001 0.4902777777777778 0.018750000000000003 0.075
0 0.8046875 0.49583333333333335 0.018750000000000003 0.075
0 0.615234375 0.5263888888888889 0.01953125 0.07777777777777778
0 0.780859375 0.5291666666666667 0.01953125 0.07777777777777778
0 0.84765625 0.5277777777777778 0.0234375 0.07222222222222223
0 0.64609375 0.5680555555555555 0.026562500000000003 0.09444444444444444
0 0.88046875 0.5645833333333333 0.026562500000000003 0.07916666666666666
0 0.676953125 0.5916666666666667 0.02421875 0.08888888888888889
0 0.609375 0.6069444444444445 0.025 0.08333333333333334
0 0.5 0.6284722222222222 0.029687500000000002 0.09861111111111112
0 0.6015625 0.6604166666666667 0.028125 0.09861111111111112
0 0.38046875 0.7034722222222223 0.0390625 0.12361111111111112
0 0.6109375 0.6965277777777779 0.03125 0.10972222222222222
0 0.68671875 0.6965277777777779 0.034375 0.11527777777777778
