1 0.7375 0.8930555555555556 0.22812500000000002 0.20277777777777778
1 0.640234375 0.3763888888888889 0.06328125 0.09444444444444444
1 0.38007812500000004 0.4361111111111111 0.06640625 0.10555555555555556
1 0.36562500000000003 0.5784722222222223 0.1015625 0.22083333333333335
0 0.577734375 0.5826388888888889 0.049218750000000006 0.12638888888888888
0 0.76171875 0.5805555555555556 0.043750000000000004 0.13611111111111113
0 0.46328125000000003 0.7798611111111111 0.043750000000000004 0.15972222222222224
0 0.10117187500000001 0.9041666666666667 0.05859375 0.19166666666666668
0 0.212890625 0.9118055555555555 0.05234375 0.1736111111111111
3 0.521875 0.23472222222222222 0.0390625 0.10277777777777779
1 0.573828125 0.24444444444444446 0.03515625 0.061111111111111116
0 0.35273437500000004 0.31736111111111115 0.02109375 0.0763888888888889
0 0.319921875 0.40555555555555556 0.02421875 0.09166666666666667
0 0.7171875000000001 0.4618055555555556 0.021875000000000002 0.07083333333333333
0 0.468359375 0.5020833333333333 0.032031250000000004 0.09583333333333334
0 0.269140625 0.5388888888888889 0.032031250000000004 0.11666666666666667
0 0.487109375 0.5986111111111111 0.04296875 0.10555555555555556
