2 0.7933593750000001 0.5715277777777777 0.09453125000000001 0.17083333333333334
0 0.528515625 0.6416666666666667 0.05078125 0.15555555555555556
0 0.46914062500000003 0.7548611111111111 0.07890625000000001 0.18472222222222223
0 0.65625 0.42708333333333337 0.0140625 0.04583333333333334
0 0.8515625 0.43194444444444446 0.0140625 0.05277777777777778
0 0.6785156250000001 0.44375000000000003 0.01953125 0.051388888888888894
0 0.701171875 0.4465277777777778 0.01953125 0.051388888888888894
0 0.757421875 0.45 0.02109375 0.05277777777777778
0 0.794140625 0.4444444444444445 0.022656250000000003 0.04722222222222222
0 0.88828125 0.5673611111111111 0.0203125 0.09305555555555556
0 0.6214843750000001 0.6013888888888889 0.03828125 0.11388888888888889
0 0.687109375 0.5979166666666667 0.032031250000000004 0.10694444444444445
