1 0.45 0.4138888888888889 0.15156250000000002 0.13055555555555556
3 0.63984375 0.5576388888888889 0.1484375 0.2763888888888889
0 0.137109375 0.6055555555555556 0.041406250000000006 0.14722222222222223
0 0.81015625 0.6333333333333333 0.05625 0.1277777777777778
0 0.7503906250000001 0.6819444444444445 0.05078125 0.14166666666666666
0 0.04453125 0.7430555555555556 0.053125000000000006 0.18055555555555555
0 0.841796875 0.7819444444444444 0.055468750000000004 0.1527777777777778
0 0.95234375 0.7944444444444445 0.065625 0.15
0 0.4390625 0.8604166666666667 0.060937500000000006 0.1625
0 0.244921875 0.9381944444444444 0.06328125 0.1125
0 0.2578125 0.4340277777777778 0.029687500000000002 0.09027777777777778
0 0.2984375 0.43680555555555556 0.028125 0.09305555555555556
0 0.090234375 0.5097222222222222 0.03359375 0.10555555555555556
