1 0.440234375 0.4013888888888889 0.055468750000000004 0.11666666666666667
0 0.26640625 0.5673611111111111 0.037500000000000006 0.14583333333333334
1 0.434375 0.5541666666666667 0.0734375 0.15833333333333333
0 0.32109375 0.6319444444444444 0.045312500000000006 0.1638888888888889
3 0.6117187500000001 0.6416666666666667 0.15000000000000002 0.375
0 0.8562500000000001 0.6652777777777779 0.05 0.1388888888888889
0 0.17304687500000002 0.7965277777777778 0.04609375 0.20416666666666666
0 0.24453125 0.7736111111111111 0.0390625 0.18888888888888888
0 0.259765625 0.93125 0.06015625 0.12638888888888888
0 0.39140625 0.2791666666666667 0.015625 0.05555555555555556
1 0.432421875 0.30208333333333337 0.04453125 0.0763888888888889
0 0.6234375000000001 0.33194444444444443 0.021875000000000002 0.06666666666666667
0 0.34687500000000004 0.3513888888888889 0.0234375 0.07222222222222223
1 0.56171875 0.37569444444444444 0.053125000000000006 0.09305555555555556
0 0.2578125 0.4277777777777778 0.029687500000000002 0.08611111111111111
0 0.7000000000000001 0.43472222222222223 0.029687500000000002 0.08888888888888889
0 0.5085937500000001 0.4625 0.0234375 0.09444444444444444
0 0.7566406250000001 0.46944444444444444 0.030468750000000003 0.09722222222222222
0 0.323046875 0.4902777777777778 0.030468750000000003 0.09444444444444444
0 0.78125 0.5444444444444445 0.0390625 0.11388888888888889
