3 0.759765625 0.8291666666666667 0.26171875 0.3416666666666667
3 0.552734375 0.3763888888888889 0.07734375 0.17777777777777778
1 0.18710937500000002 0.4131944444444445 0.13359375 0.10694444444444445
1 0.4109375 0.47222222222222227 0.08125 0.15
1 0.696875 0.5944444444444444 0.1203125 0.14722222222222223
0 0.7984375 0.6006944444444444 0.046875 0.12916666666666668
1 0.44257812500000004 0.6833333333333333 0.08828125 0.24444444444444446
0 0.1484375 0.7097222222222223 0.0421875 0.15555555555555556
0 0.865234375 0.75625 0.05859375 0.14583333333333334
0 0.105859375 0.8159722222222222 0.06015625 0.18194444444444446
0 0.5875 0.2729166666666667 0.0171875 0.04861111111111111
0 0.4765625 0.3145833333333333 0.015625 0.0763888888888889
0 0.626171875 0.3215277777777778 0.017968750000000002 0.059722222222222225
0 0.29296875 0.37222222222222223 0.021875000000000002 0.08333333333333334
0 0.7453125 0.3791666666666667 0.021875000000000002 0.08055555555555556
1 0.37226562500000004 0.3861111111111111 0.047656250000000004 0.09444444444444444
0 0.6453125000000001 0.3993055555555556 0.026562500000000003 0.08194444444444444
0 0.815625 0.4479166666666667 0.045312500000000006 0.08194444444444444
0 0.7425781250000001 0.5048611111111111 0.03515625 0.11527777777777778
0 0.8089843750000001 0.5326388888888889 0.039843750000000004 0.09305555555555556
