1 0.24531250000000002 0.33472222222222225 0.0703125 0.09166666666666667
3 0.6449218750000001 0.37569444444444444 0.16328125000000002 0.15972222222222224
1 0.263671875 0.43819444444444444 0.11015625000000001 0.1513888888888889
3 0.47187500000000004 0.4756944444444445 0.203125 0.3236111111111111
0 0.32343750000000004 0.6756944444444445 0.06406250000000001 0.1902777777777778
0 0.878515625 0.7208333333333333 0.06640625 0.14166666666666666
0 0.10078125 0.23402777777777778 0.0140625 0.0375
1 0.22031250000000002 0.23819444444444446 0.040625 0.051388888888888894
1 0.16757812500000002 0.2833333333333333 0.04453125 0.07777777777777778
0 0.12617187500000002 0.36736111111111114 0.01953125 0.08194444444444444
0 0.16953125000000002 0.4291666666666667 0.026562500000000003 0.11111111111111112
0 0.21445312500000002 0.5208333333333334 0.03671875 0.1277777777777778
