0 0.339453125 0.7708333333333334 0.049218750000000006 0.13611111111111113
1 0.558203125 0.8194444444444445 0.10078125 0.15555555555555556
0 0.39960937500000004 0.8486111111111111 0.05078125 0.14722222222222223
0 0.284765625 0.9041666666666667 0.06015625 0.18333333333333335
1 0.6882812500000001 0.90625 0.115625 0.18472222222222223
0 0.849609375 0.9097222222222222 0.039843750000000004 0.16666666666666669
0 0.39609375 0.9465277777777779 0.059375000000000004 0.10694444444444445
1 0.616796875 0.34652777777777777 0.030468750000000003 0.03194444444444445
1 0.6433593750000001 0.37083333333333335 0.039843750000000004 0.06666666666666667
0 0.87890625 0.3680555555555556 0.015625 0.04166666666666667
1 0.572265625 0.39305555555555555 0.03671875 0.04722222222222222
1 0.684765625 0.3875 0.03828125 0.05277777777777778
0 0.80234375 0.39375 0.015625 0.043055555555555555
0 0.7214843750000001 0.4118055555555556 0.014843750000000001 0.04861111111111111
0 0.8464843750000001 0.40694444444444444 0.01640625 0.05
0 0.705078125 0.42291666666666666 0.01640625 0.05416666666666667
0 0.783203125 0.425 0.01640625 0.04166666666666667
1 0.529296875 0.4763888888888889 0.05390625 0.058333333333333334
0 0.7777343750000001 0.47500000000000003 0.02109375 0.06666666666666667
1 0.64609375 0.48125 0.051562500000000004 0.07361111111111111
1 0.392578125 0.5222222222222223 0.08359375000000001 0.08888888888888889
0 0.7425781250000001 0.51875 0.02109375 0.06805555555555556
0 0.759765625 0.55 0.02109375 0.07777777777777778
0 0.81015625 0.5527777777777778 0.0234375 0.09166666666666667
0 0.8425781250000001 0.6104166666666667 0.02890625 0.09861111111111112
0 0.466796875 0.6305555555555555 0.02890625 0.1
0 0.521875 0.6465277777777778 0.034375 0.09861111111111112
0 0.784765625 0.6611111111111111 0.02734375 0.10833333333333334
0 0.42421875000000003 0.6729166666666667 0.040625 0.1125
0 0.662109375 0.6729166666666667 0.02890625 0.10972222222222222
0 0.495703125 0.7055555555555556 0.03671875 0.11944444444444445
0 0.8390625 0.7020833333333334 0.026562500000000003 0.13472222222222222
