3 0.44609375 0.2534722222222222 0.043750000000000004 0.11805555555555557
0 0.47265625 0.6263888888888889 0.065625 0.10833333333333334
0 0.094921875 0.6590277777777778 0.05859375 0.12916666666666668
0 0.5328125 0.675 0.059375000000000004 0.125
1 0.029687500000000002 0.7097222222222223 0.0625 0.24444444444444446
0 0.310546875 0.7048611111111112 0.03828125 0.15972222222222224
0 0.15742187500000002 0.7625000000000001 0.06796875000000001 0.13055555555555556
0 0.431640625 0.7347222222222223 0.05859375 0.12222222222222223
0 0.25546875 0.7902777777777779 0.040625 0.18055555555555555
0 0.178515625 0.8909722222222223 0.047656250000000004 0.1902777777777778
1 0.5242187500000001 0.26180555555555557 0.034375 0.06805555555555556
3 0.6218750000000001 0.29097222222222224 0.0390625 0.10138888888888889
0 0.234375 0.5472222222222223 0.035937500000000004 0.10277777777777779
0 0.25390625 0.6472222222222223 0.034375 0.11111111111111112
