1 0.483984375 0.5020833333333333 0.07421875 0.10416666666666667
1 0.727734375 0.5708333333333333 0.06796875000000001 0.08611111111111111
1 0.24921875000000002 0.6090277777777778 0.125 0.12916666666666668
0 0.30390625000000004 0.8381944444444445 0.060937500000000006 0.15972222222222224
0 0.6414062500000001 0.8333333333333334 0.043750000000000004 0.14166666666666666
0 0.39179687500000004 0.8965277777777778 0.06171875 0.17083333333333334
0 0.339453125 0.9444444444444445 0.06328125 0.10277777777777779
1 0.665234375 0.3104166666666667 0.02890625 0.034722222222222224
1 0.6980468750000001 0.3076388888888889 0.025781250000000002 0.03194444444444445
0 0.85859375 0.3590277777777778 0.015625 0.04027777777777778
1 0.653515625 0.375 0.039843750000000004 0.06944444444444445
1 0.6980468750000001 0.36736111111111114 0.032031250000000004 0.05416666666666667
1 0.569921875 0.39166666666666666 0.04609375 0.05555555555555556
0 0.7820312500000001 0.3979166666666667 0.0171875 0.051388888888888894
0 0.8230468750000001 0.39722222222222225 0.017968750000000002 0.05
1 0.6628906250000001 0.41597222222222224 0.03828125 0.05694444444444444
0 0.84375 0.4166666666666667 0.0171875 0.05277777777777778
1 0.63046875 0.43472222222222223 0.035937500000000004 0.0638888888888889
1 0.494921875 0.4479166666666667 0.06015625 0.05416666666666667
0 0.85546875 0.4673611111111111 0.0203125 0.051388888888888894
0 0.5632812500000001 0.5111111111111112 0.021875000000000002 0.07222222222222223
0 0.673828125 0.5083333333333333 0.02109375 0.0638888888888889
0 0.7828125 0.5006944444444444 0.0203125 0.07083333333333333
0 0.830078125 0.5090277777777777 0.022656250000000003 0.07361111111111111
0 0.866796875 0.5277777777777778 0.02421875 0.06666666666666667
0 0.8558593750000001 0.5701388888888889 0.025781250000000002 0.08472222222222223
0 0.673046875 0.5916666666666667 0.02890625 0.08611111111111111
1 0.603515625 0.6111111111111112 0.05390625 0.09722222222222222
0 0.76953125 0.6208333333333333 0.025 0.08888888888888889
0 0.823828125 0.61875 0.02734375 0.09305555555555556
0 0.745703125 0.6847222222222222 0.032031250000000004 0.11111111111111112
0 0.5015625 0.701388888888889 0.034375 0.11111111111111112
0 0.55 0.70625 0.037500000000000006 0.11805555555555557
0 0.6234375000000001 0.7347222222222223 0.035937500000000004 0.12222222222222223
0 0.693359375 0.7368055555555556 0.03515625 0.12083333333333333
