0 0.40742187500000004 0.7159722222222222 0.04609375 0.12916666666666668
0 0.6082031250000001 0.8388888888888889 0.04453125 0.1527777777777778
0 0.34765625 0.8541666666666667 0.0546875 0.1638888888888889
0 0.751171875 0.8868055555555556 0.04609375 0.1736111111111111
0 0.168359375 0.9416666666666667 0.07578125000000001 0.10277777777777779
0 0.8597656250000001 0.9284722222222223 0.041406250000000006 0.12916666666666668
1 0.700390625 0.3 0.02890625 0.036111111111111115
1 0.6640625 0.31319444444444444 0.028125 0.03194444444444445
0 0.833984375 0.3736111111111111 0.02109375 0.044444444444444446
0 0.8921875 0.40972222222222227 0.018750000000000003 0.05
1 0.534375 0.43472222222222223 0.051562500000000004 0.061111111111111116
0 0.79296875 0.42986111111111114 0.0171875 0.059722222222222225
0 0.835546875 0.42986111111111114 0.017968750000000002 0.05694444444444444
0 0.681640625 0.4479166666666667 0.01953125 0.0625
0 0.6996093750000001 0.44236111111111115 0.01953125 0.06527777777777778
0 0.814453125 0.48680555555555555 0.01953125 0.07083333333333333
0 0.57734375 0.5263888888888889 0.026562500000000003 0.07777777777777778
0 0.77890625 0.5277777777777778 0.021875000000000002 0.08333333333333334
0 0.64375 0.5576388888888889 0.028125 0.09305555555555556
0 0.744140625 0.5861111111111111 0.02734375 0.08611111111111111
0 0.436328125 0.625 0.03515625 0.09722222222222222
0 0.503515625 0.6479166666666667 0.032031250000000004 0.09861111111111112
0 0.659765625 0.6652777777777779 0.032031250000000004 0.11944444444444445
0 0.714453125 0.6826388888888889 0.030468750000000003 0.11527777777777778
0 0.771484375 0.6805555555555556 0.02890625 0.1277777777777778
0 0.8460937500000001 0.6756944444444445 0.0328125 0.10972222222222222
0 0.528515625 0.7409722222222223 0.03515625 0.12361111111111112
0 0.8234375 0.7416666666666667 0.034375 0.13333333333333333
0 0.743359375 0.7902777777777779 0.03515625 0.11111111111111112
0 0.688671875 0.8215277777777779 0.03671875 0.13194444444444445
