1 0.44960937500000003 0.6576388888888889 0.11328125 0.12916666666666668
4 0.6566406250000001 0.7458333333333333 0.08828125 0.18611111111111112
0 0.7937500000000001 0.795138888888889 0.043750000000000004 0.15972222222222224
0 0.55234375 0.9270833333333334 0.0578125 0.1375
0 0.7609375 0.5708333333333333 0.029687500000000002 0.09166666666666667
0 0.8230468750000001 0.5895833333333333 0.03359375 0.09305555555555556
0 0.688671875 0.6083333333333334 0.02890625 0.08333333333333334
0 0.78125 0.6763888888888889 0.03125 0.11388888888888889
0 0.7390625000000001 0.6944444444444444 0.029687500000000002 0.12222222222222223
0 0.45859375 0.7763888888888889 0.040625 0.12222222222222223
