3 0.35546875 0.23472222222222222 0.1 0.09722222222222222
1 0.7109375 0.44097222222222227 0.1125 0.13194444444444445
1 0.405859375 0.5090277777777777 0.14609375 0.22361111111111112
1 0.6214843750000001 0.5409722222222222 0.16640625 0.19861111111111113
0 0.30195312500000004 0.6756944444444445 0.047656250000000004 0.18194444444444446
0 0.7953125000000001 0.7145833333333333 0.059375000000000004 0.19861111111111113
0 0.44843750000000004 0.7444444444444445 0.06875 0.20555555555555557
3 0.225390625 0.21458333333333335 0.07890625000000001 0.08472222222222223
1 0.17929687500000002 0.27083333333333337 0.049218750000000006 0.06666666666666667
0 0.32265625000000003 0.37430555555555556 0.051562500000000004 0.0763888888888889
0 0.6265625 0.3791666666666667 0.05 0.075
0 0.24140625000000002 0.5090277777777777 0.0328125 0.14583333333333334
