3 0.44140625 0.29444444444444445 0.051562500000000004 0.15
3 0.605078125 0.4291666666666667 0.11484375000000001 0.21666666666666667
0 0.16953125000000002 0.63125 0.0390625 0.1486111111111111
0 0.38789062500000004 0.6243055555555556 0.03671875 0.15972222222222224
0 0.24765625000000002 0.6576388888888889 0.037500000000000006 0.16527777777777777
0 0.8890625000000001 0.7194444444444444 0.053125000000000006 0.16111111111111112
0 0.22382812500000002 0.7909722222222223 0.047656250000000004 0.20972222222222223
1 0.5496093750000001 0.8493055555555555 0.18203125 0.2902777777777778
0 0.569921875 0.2833333333333333 0.014843750000000001 0.05
0 0.616796875 0.2791666666666667 0.013281250000000001 0.04722222222222222
0 0.598046875 0.29305555555555557 0.01640625 0.05
0 0.638671875 0.3104166666666667 0.01640625 0.04861111111111111
0 0.495703125 0.3590277777777778 0.017968750000000002 0.07916666666666666
0 0.33046875000000003 0.39513888888888893 0.021875000000000002 0.09583333333333334
0 0.70625 0.38472222222222224 0.0234375 0.08055555555555556
0 0.365234375 0.4548611111111111 0.02734375 0.10138888888888889
0 0.404296875 0.4527777777777778 0.022656250000000003 0.10277777777777779
0 0.23945312500000002 0.46875 0.030468750000000003 0.09027777777777778
0 0.308203125 0.5125000000000001 0.030468750000000003 0.11666666666666667
0 0.25234375000000003 0.5465277777777778 0.029687500000000002 0.10416666666666667
0 0.8304687500000001 0.5479166666666667 0.03125 0.1125
0 0.33203125 0.5888888888888889 0.0328125 0.14166666666666666
