2 0.386328125 0.25625000000000003 0.05859375 0.17083333333333334
3 0.32070312500000003 0.3611111111111111 0.07109375 0.17222222222222222
1 0.39375000000000004 0.5888888888888889 0.12812500000000002 0.1388888888888889
0 0.334765625 0.7006944444444445 0.06484375 0.15972222222222224
0 0.46718750000000003 0.7104166666666667 0.07968750000000001 0.13194444444444445
3 0.18281250000000002 0.7527777777777778 0.146875 0.41111111111111115
0 0.013671875 0.7875 0.02734375 0.20555555555555557
0 0.07695312500000001 0.7930555555555556 0.05078125 0.19722222222222224
0 0.385546875 0.8583333333333334 0.049218750000000006 0.17222222222222222
1 0.560546875 0.3201388888888889 0.04453125 0.08194444444444444
