1 0.794921875 0.5701388888888889 0.11640625 0.09583333333333334
0 0.448046875 0.788888888888889 0.047656250000000004 0.15
1 0.061328125000000004 0.8777777777777778 0.11953125 0.2
0 0.7835937500000001 0.8534722222222223 0.0421875 0.15972222222222224
0 0.2609375 0.9479166666666667 0.078125 0.09583333333333334
1 0.6371093750000001 0.2791666666666667 0.02421875 0.03333333333333333
1 0.6687500000000001 0.27847222222222223 0.025 0.029166666666666667
1 0.679296875 0.3194444444444445 0.025781250000000002 0.03888888888888889
0 0.798046875 0.3180555555555556 0.014843750000000001 0.036111111111111115
0 0.8203125 0.3145833333333333 0.0140625 0.034722222222222224
1 0.703125 0.35208333333333336 0.03125 0.0375
0 0.8250000000000001 0.3770833333333333 0.0171875 0.04027777777777778
1 0.576171875 0.39166666666666666 0.03828125 0.05
1 0.6492187500000001 0.38472222222222224 0.035937500000000004 0.05555555555555556
1 0.6742187500000001 0.4173611111111111 0.037500000000000006 0.05694444444444444
0 0.7562500000000001 0.41875 0.015625 0.04861111111111111
0 0.7878906250000001 0.44583333333333336 0.01953125 0.05
0 0.8250000000000001 0.4451388888888889 0.021875000000000002 0.051388888888888894
0 0.765234375 0.4729166666666667 0.01953125 0.059722222222222225
0 0.7375 0.4902777777777778 0.0203125 0.06666666666666667
0 0.700390625 0.5 0.01953125 0.06666666666666667
0 0.8539062500000001 0.513888888888889 0.029687500000000002 0.0638888888888889
1 0.486328125 0.5229166666666667 0.07890625000000001 0.08472222222222223
0 0.626171875 0.5527777777777778 0.02421875 0.075
0 0.8714843750000001 0.5520833333333334 0.030468750000000003 0.08472222222222223
0 0.53828125 0.5576388888888889 0.0234375 0.07083333333333333
0 0.5171875 0.6111111111111112 0.028125 0.09722222222222222
0 0.6746093750000001 0.5979166666666667 0.02734375 0.09027777777777778
0 0.6917968750000001 0.6534722222222222 0.025781250000000002 0.10138888888888889
0 0.7390625000000001 0.6673611111111112 0.029687500000000002 0.11805555555555557
0 0.65 0.7416666666666667 0.0328125 0.1277777777777778
0 0.5535156250000001 0.7840277777777778 0.03671875 0.13472222222222222
0 0.521484375 0.9506944444444445 0.049218750000000006 0.09861111111111112
0 0.78046875 0.9500000000000001 0.0421875 0.10277777777777779
