1 0.6843750000000001 0.5583333333333333 0.0625 0.1
0 0.35273437500000004 0.70625 0.04453125 0.12638888888888888
1 0.5609375 0.7090277777777778 0.0890625 0.12361111111111112
0 0.39179687500000004 0.7534722222222222 0.04609375 0.14583333333333334
0 0.2984375 0.78125 0.0484375 0.14583333333333334
0 0.448828125 0.7756944444444445 0.03828125 0.17083333333333334
0 0.47968750000000004 0.8013888888888889 0.0421875 0.16111111111111112
0 0.41328125000000004 0.9006944444444445 0.051562500000000004 0.16805555555555557
1 0.63828125 0.2715277777777778 0.025 0.0625
1 0.6667968750000001 0.29930555555555555 0.02890625 0.0375
1 0.6644531250000001 0.35208333333333336 0.03359375 0.0375
0 0.814453125 0.3979166666666667 0.017968750000000002 0.04861111111111111
0 0.8546875 0.3965277777777778 0.0171875 0.05416666666666667
0 0.8914062500000001 0.4083333333333333 0.0203125 0.05
1 0.5281250000000001 0.4354166666666667 0.05 0.05694444444444444
0 0.765625 0.42291666666666666 0.0203125 0.051388888888888894
1 0.65390625 0.4604166666666667 0.051562500000000004 0.07083333333333333
0 0.78671875 0.46319444444444446 0.018750000000000003 0.05694444444444444
0 0.8375 0.46944444444444444 0.021875000000000002 0.06666666666666667
1 0.567578125 0.49444444444444446 0.06015625 0.09722222222222222
0 0.75546875 0.5020833333333333 0.0203125 0.07083333333333333
0 0.8132812500000001 0.5590277777777778 0.025 0.08472222222222223
0 0.54296875 0.5826388888888889 0.029687500000000002 0.08194444444444444
0 0.6843750000000001 0.6395833333333334 0.025 0.09027777777777778
0 0.775390625 0.74375 0.02890625 0.12916666666666668
0 0.67578125 0.7715277777777778 0.035937500000000004 0.12916666666666668
0 0.5476562500000001 0.7944444444444445 0.037500000000000006 0.13055555555555556
0 0.6125 0.7958333333333334 0.034375 0.14722222222222223
