0 0.30195312500000004 0.9152777777777779 0.05859375 0.1638888888888889
0 0.41445312500000003 0.8868055555555556 0.047656250000000004 0.1763888888888889
1 0.6316406250000001 0.8930555555555556 0.13984375000000002 0.2138888888888889
1 0.6984375 0.3013888888888889 0.021875000000000002 0.03888888888888889
1 0.666015625 0.30833333333333335 0.02734375 0.03888888888888889
1 0.6253906250000001 0.33333333333333337 0.02890625 0.03333333333333333
0 0.851171875 0.3541666666666667 0.01640625 0.03888888888888889
1 0.5875 0.37777777777777777 0.0421875 0.06666666666666667
0 0.7542968750000001 0.37430555555555556 0.01640625 0.0375
1 0.7117187500000001 0.4104166666666667 0.034375 0.05416666666666667
0 0.8031250000000001 0.4166666666666667 0.015625 0.05
0 0.84140625 0.40555555555555556 0.0171875 0.044444444444444446
0 0.8703125 0.40625 0.018750000000000003 0.04583333333333334
1 0.5261718750000001 0.43680555555555556 0.06171875 0.05694444444444444
0 0.8207031250000001 0.4340277777777778 0.01640625 0.05694444444444444
0 0.6515625 0.45069444444444445 0.018750000000000003 0.05694444444444444
0 0.6937500000000001 0.4479166666666667 0.0140625 0.05694444444444444
0 0.790234375 0.4729166666666667 0.02109375 0.06527777777777778
1 0.509765625 0.49930555555555556 0.06796875000000001 0.08472222222222223
1 0.581640625 0.5194444444444445 0.049218750000000006 0.06944444444444445
1 0.7390625000000001 0.5277777777777778 0.0484375 0.08055555555555556
0 0.843359375 0.5437500000000001 0.02109375 0.08472222222222223
1 0.6257812500000001 0.5708333333333333 0.059375000000000004 0.08611111111111111
0 0.8203125 0.58125 0.021875000000000002 0.08750000000000001
0 0.721875 0.6041666666666667 0.025 0.08888888888888889
0 0.78515625 0.6104166666666667 0.0234375 0.09027777777777778
0 0.42812500000000003 0.6548611111111111 0.040625 0.09861111111111112
0 0.7683593750000001 0.6652777777777779 0.025781250000000002 0.11388888888888889
0 0.64609375 0.6798611111111111 0.026562500000000003 0.09305555555555556
0 0.36796875 0.6923611111111111 0.040625 0.11805555555555557
0 0.471484375 0.6979166666666667 0.039843750000000004 0.12361111111111112
0 0.582421875 0.7055555555555556 0.03515625 0.11388888888888889
0 0.6953125 0.7041666666666667 0.0328125 0.11111111111111112
0 0.416015625 0.7451388888888889 0.039843750000000004 0.11527777777777778
0 0.626171875 0.7395833333333334 0.03359375 0.11527777777777778
0 0.5066406250000001 0.7493055555555556 0.03828125 0.12361111111111112
