1 0.49375 0.5972222222222222 0.0859375 0.11388888888888889
1 0.597265625 0.6736111111111112 0.09609375 0.11944444444444445
0 0.648046875 0.763888888888889 0.04609375 0.16111111111111112
0 0.55703125 0.8013888888888889 0.046875 0.13611111111111113
0 0.787109375 0.7805555555555556 0.04296875 0.14722222222222223
1 0.6433593750000001 0.3541666666666667 0.03671875 0.03333333333333333
0 0.696875 0.3965277777777778 0.018750000000000003 0.04583333333333334
0 0.745703125 0.5847222222222223 0.02890625 0.08611111111111111
0 0.7894531250000001 0.6569444444444444 0.030468750000000003 0.09722222222222222
0 0.732421875 0.7159722222222222 0.03515625 0.12361111111111112
