3 0.4375 0.3493055555555556 0.0578125 0.18472222222222223
1 0.34882812500000004 0.5298611111111111 0.08984375 0.19305555555555556
0 0.18671875000000002 0.5472222222222223 0.0546875 0.11666666666666667
0 0.6804687500000001 0.6090277777777778 0.040625 0.1486111111111111
0 0.099609375 0.732638888888889 0.04609375 0.15972222222222224
0 0.023828125000000002 0.7923611111111112 0.047656250000000004 0.1875
0 0.547265625 0.7736111111111111 0.05390625 0.17777777777777778
1 0.40156250000000004 0.8611111111111112 0.1328125 0.25
0 0.587109375 0.8652777777777778 0.047656250000000004 0.19166666666666668
0 0.062109375 0.8958333333333334 0.06328125 0.19166666666666668
1 0.56484375 0.3340277777777778 0.0859375 0.06527777777777778
0 0.2734375 0.44236111111111115 0.026562500000000003 0.09583333333333334
