2 0.6742187500000001 0.46944444444444444 0.1 0.18333333333333335
3 0.41718750000000004 0.5534722222222223 0.10625000000000001 0.3236111111111111
0 0.272265625 0.5909722222222222 0.03671875 0.15694444444444444
0 0.20664062500000002 0.6243055555555556 0.041406250000000006 0.15416666666666667
1 0.6359375 0.6840277777777778 0.1 0.17916666666666667
0 0.8359375 0.6659722222222223 0.040625 0.14027777777777778
0 0.8015625000000001 0.7048611111111112 0.0421875 0.15972222222222224
0 0.913671875 0.6979166666666667 0.05234375 0.1625
1 0.439453125 0.26180555555555557 0.039843750000000004 0.07083333333333333
0 0.307421875 0.3201388888888889 0.017968750000000002 0.07361111111111111
1 0.551953125 0.3506944444444445 0.05078125 0.09305555555555556
0 0.31796875 0.3854166666666667 0.021875000000000002 0.08194444444444444
0 0.507421875 0.4569444444444445 0.02421875 0.09722222222222222
0 0.263671875 0.46875 0.030468750000000003 0.09861111111111112
0 0.75546875 0.46597222222222223 0.029687500000000002 0.10138888888888889
0 0.10859375 0.5409722222222222 0.040625 0.09583333333333334
0 0.32148437500000004 0.5645833333333333 0.030468750000000003 0.12361111111111112
