0 0.29140625000000003 0.4083333333333333 0.06875 0.15
0 0.5085937500000001 0.607638888888889 0.059375000000000004 0.18472222222222223
0 0.6203125 0.17500000000000002 0.0140625 0.036111111111111115
0 0.68125 0.19722222222222224 0.0125 0.04166666666666667
0 0.649609375 0.21736111111111112 0.01640625 0.043055555555555555
0 0.626171875 0.2520833333333333 0.017968750000000002 0.05416666666666667
0 0.5398437500000001 0.2715277777777778 0.021875000000000002 0.06805555555555556
0 0.669921875 0.2763888888888889 0.017968750000000002 0.05555555555555556
0 0.43281250000000004 0.29305555555555557 0.034375 0.08611111111111111
0 0.64375 0.31319444444444444 0.018750000000000003 0.0763888888888889
