1 0.5730468750000001 0.40347222222222223 0.06328125 0.10694444444444445
3 0.2921875 0.4534722222222222 0.1125 0.22916666666666669
1 0.701171875 0.5958333333333333 0.12578125 0.20277777777777778
0 0.091796875 0.6618055555555555 0.04453125 0.14583333333333334
1 0.22617187500000002 0.6805555555555556 0.11015625000000001 0.225
0 0.8675781250000001 0.6805555555555556 0.05078125 0.14166666666666666
0 0.09726562500000001 0.83125 0.05234375 0.1902777777777778
0 0.10820312500000001 0.37777777777777777 0.047656250000000004 0.07222222222222223
0 0.16562500000000002 0.38680555555555557 0.05 0.0763888888888889
0 0.197265625 0.4916666666666667 0.03515625 0.11388888888888889
0 0.79296875 0.61875 0.0421875 0.11805555555555557
