2 0.31562500000000004 0.6048611111111112 0.21875 0.23750000000000002
2 0.0859375 0.6986111111111112 0.171875 0.24722222222222223
0 0.860546875 0.7604166666666667 0.04609375 0.1486111111111111
0 0.31093750000000003 0.7909722222222223 0.05625 0.13194444444444445
0 0.369921875 0.8611111111111112 0.06328125 0.15833333333333333
0 0.547265625 0.9145833333333334 0.04453125 0.16805555555555557
1 0.70078125 0.3125 0.03125 0.03333333333333333
1 0.626953125 0.33055555555555555 0.03359375 0.036111111111111115
1 0.64453125 0.37430555555555556 0.0328125 0.0375
0 0.7835937500000001 0.36944444444444446 0.015625 0.04166666666666667
0 0.878515625 0.3666666666666667 0.017968750000000002 0.044444444444444446
0 0.7507812500000001 0.3993055555555556 0.0171875 0.05694444444444444
0 0.7117187500000001 0.40555555555555556 0.018750000000000003 0.04166666666666667
1 0.53125 0.4326388888888889 0.05 0.06805555555555556
0 0.792578125 0.4256944444444445 0.017968750000000002 0.051388888888888894
0 0.7113281250000001 0.4486111111111111 0.01953125 0.05277777777777778
0 0.73359375 0.4826388888888889 0.026562500000000003 0.06527777777777778
0 0.6843750000000001 0.5006944444444444 0.0203125 0.06527777777777778
0 0.766796875 0.5041666666666667 0.01953125 0.06944444444444445
0 0.6171875 0.51875 0.025 0.06805555555555556
0 0.823828125 0.5215277777777778 0.022656250000000003 0.07916666666666666
0 0.7035156250000001 0.5409722222222222 0.022656250000000003 0.07916666666666666
0 0.866796875 0.5527777777777778 0.02734375 0.09444444444444444
0 0.562109375 0.5861111111111111 0.030468750000000003 0.09722222222222222
0 0.626171875 0.5847222222222223 0.02734375 0.08333333333333334
0 0.607421875 0.7048611111111112 0.03359375 0.12638888888888888
