0 0.28828125 0.3993055555555556 0.0703125 0.16527777777777777
0 0.400390625 0.3909722222222222 0.05390625 0.14305555555555557
0 0.55625 0.7145833333333333 0.060937500000000006 0.2513888888888889
0 0.1796875 0.1763888888888889 0.029687500000000002 0.075
0 0.5886718750000001 0.18680555555555556 0.01640625 0.05416666666666667
0 0.675 0.18125 0.0125 0.04027777777777778
0 0.6101562500000001 0.20486111111111113 0.018750000000000003 0.05694444444444444
0 0.53828125 0.25277777777777777 0.025 0.07777777777777778
0 0.641796875 0.25069444444444444 0.01953125 0.06805555555555556
0 0.6664062500000001 0.26458333333333334 0.0203125 0.07361111111111111
0 0.5921875 0.3375 0.026562500000000003 0.10277777777777779
