3 0.5417968750000001 0.28750000000000003 0.07109375 0.16666666666666669
3 0.33515625000000004 0.3284722222222222 0.059375000000000004 0.1375
3 0.39296875000000003 0.20208333333333334 0.0625 0.0763888888888889
0 0.26171875 0.21458333333333335 0.015625 0.03194444444444445
0 0.30234375 0.21597222222222223 0.015625 0.034722222222222224
0 0.144140625 0.2534722222222222 0.014843750000000001 0.0375
0 0.17109375000000002 0.2833333333333333 0.0203125 0.04722222222222222
0 0.15156250000000002 0.375 0.0203125 0.07777777777777778
0 0.72421875 0.3701388888888889 0.0203125 0.06805555555555556
0 0.1125 0.3944444444444445 0.0234375 0.07777777777777778
0 0.18476562500000002 0.39305555555555555 0.02109375 0.08333333333333334
0 0.8031250000000001 0.48125 0.0328125 0.09305555555555556
0 0.89765625 0.5791666666666667 0.0421875 0.10833333333333334
