2 0.6394531250000001 0.3625 0.049218750000000006 0.09444444444444444
1 0.18476562500000002 0.7493055555555556 0.16796875 0.1736111111111111
0 0.624609375 0.8159722222222222 0.04296875 0.15972222222222224
0 0.451171875 0.8722222222222222 0.055468750000000004 0.16944444444444445
1 0.6640625 0.27569444444444446 0.025 0.034722222222222224
0 0.708984375 0.3902777777777778 0.01640625 0.044444444444444446
0 0.7464843750000001 0.38472222222222224 0.014843750000000001 0.044444444444444446
0 0.860546875 0.39722222222222225 0.01640625 0.05
1 0.540234375 0.4173611111111111 0.047656250000000004 0.05694444444444444
0 0.826171875 0.4173611111111111 0.014843750000000001 0.051388888888888894
0 0.7058593750000001 0.45208333333333334 0.01640625 0.05694444444444444
0 0.7664062500000001 0.45416666666666666 0.015625 0.061111111111111116
1 0.48554687500000004 0.46875 0.06953125 0.07083333333333333
1 0.6312500000000001 0.46111111111111114 0.0484375 0.061111111111111116
0 0.681640625 0.46319444444444446 0.017968750000000002 0.051388888888888894
0 0.8109375000000001 0.50625 0.0171875 0.07083333333333333
0 0.839453125 0.5097222222222222 0.01953125 0.07222222222222223
1 0.531640625 0.5222222222222223 0.055468750000000004 0.07777777777777778
0 0.726171875 0.5319444444444444 0.01953125 0.075
1 0.626171875 0.5472222222222223 0.055468750000000004 0.08055555555555556
0 0.558203125 0.5715277777777777 0.022656250000000003 0.08194444444444444
0 0.6804687500000001 0.5715277777777777 0.0234375 0.07916666666666666
0 0.697265625 0.5861111111111111 0.022656250000000003 0.08333333333333334
0 0.5300781250000001 0.6090277777777778 0.02734375 0.09027777777777778
0 0.578125 0.6055555555555556 0.025 0.08611111111111111
0 0.7359375 0.6083333333333334 0.025 0.08611111111111111
0 0.80234375 0.5979166666666667 0.0234375 0.09305555555555556
0 0.45625000000000004 0.6284722222222222 0.034375 0.10138888888888889
0 0.83203125 0.6215277777777778 0.026562500000000003 0.09305555555555556
0 0.60546875 0.6381944444444445 0.03125 0.09305555555555556
0 0.508203125 0.6819444444444445 0.03671875 0.13333333333333333
0 0.659375 0.6840277777777778 0.034375 0.10972222222222222
0 0.759765625 0.68125 0.02890625 0.10694444444444445
0 0.56484375 0.7020833333333334 0.037500000000000006 0.12916666666666668
0 0.70703125 0.7416666666666667 0.0328125 0.12222222222222223
0 0.7835937500000001 0.7416666666666667 0.03125 0.12222222222222223
