1 0.67734375 0.5798611111111112 0.06406250000000001 0.10138888888888889
1 0.20664062500000002 0.6402777777777778 0.13046875 0.12222222222222223
1 0.533203125 0.6840277777777778 0.09296875 0.11805555555555557
1 0.375 0.7944444444444445 0.125 0.2
1 0.6109375 0.7986111111111112 0.1171875 0.18333333333333335
0 0.953125 0.8013888888888889 0.0421875 0.1527777777777778
0 0.8617187500000001 0.8180555555555555 0.037500000000000006 0.15833333333333333
0 0.7464843750000001 0.8979166666666667 0.041406250000000006 0.1625
0 0.15976562500000002 0.9458333333333334 0.07265625 0.10555555555555556
1 0.6800781250000001 0.30833333333333335 0.02890625 0.036111111111111115
1 0.70078125 0.3513888888888889 0.029687500000000002 0.03333333333333333
1 0.619140625 0.3944444444444445 0.041406250000000006 0.05555555555555556
0 0.8601562500000001 0.3965277777777778 0.0171875 0.04861111111111111
0 0.7566406250000001 0.5048611111111111 0.01953125 0.07083333333333333
1 0.41054687500000003 0.5263888888888889 0.07109375 0.06944444444444445
0 0.8203125 0.5201388888888889 0.0203125 0.07083333333333333
0 0.636328125 0.5402777777777777 0.02421875 0.0638888888888889
0 0.509765625 0.5583333333333333 0.025781250000000002 0.08055555555555556
0 0.530859375 0.5770833333333334 0.022656250000000003 0.07083333333333333
0 0.57265625 0.6034722222222223 0.026562500000000003 0.06527777777777778
0 0.4703125 0.6277777777777778 0.029687500000000002 0.09444444444444444
0 0.791015625 0.6277777777777778 0.02421875 0.11666666666666667
0 0.83359375 0.6229166666666667 0.025 0.10138888888888889
0 0.8812500000000001 0.6166666666666667 0.025 0.1
0 0.40390625 0.6402777777777778 0.03125 0.09444444444444444
0 0.739453125 0.6458333333333334 0.02734375 0.08888888888888889
0 0.30859375 0.6652777777777779 0.040625 0.10555555555555556
0 0.8503906250000001 0.6569444444444444 0.025781250000000002 0.09722222222222222
0 0.43984375000000003 0.6756944444444445 0.0328125 0.10416666666666667
0 0.765625 0.7208333333333333 0.026562500000000003 0.10277777777777779
0 0.8296875 0.7229166666666667 0.028125 0.10972222222222222
0 0.7464843750000001 0.775 0.030468750000000003 0.10555555555555556
0 0.8054687500000001 0.8305555555555556 0.0328125 0.14166666666666666
