3 0.38984375000000004 0.39513888888888893 0.11875000000000001 0.13472222222222222
1 0.70078125 0.47361111111111115 0.13593750000000002 0.10277777777777779
1 0.48984375 0.5173611111111112 0.19687500000000002 0.12638888888888888
1 0.08554687500000001 0.5465277777777778 0.16796875 0.1513888888888889
0 0.47890625000000003 0.6111111111111112 0.07968750000000001 0.11944444444444445
0 0.180078125 0.6548611111111111 0.07578125000000001 0.09583333333333334
0 0.36953125000000003 0.6569444444444444 0.065625 0.11111111111111112
0 0.47304687500000003 0.7743055555555556 0.05078125 0.15972222222222224
1 0.44609375 0.16111111111111112 0.0234375 0.036111111111111115
0 0.7820312500000001 0.4513888888888889 0.0390625 0.08055555555555556
0 0.30234375 0.5840277777777778 0.051562500000000004 0.09027777777777778
0 0.23203125000000002 0.6062500000000001 0.0671875 0.07916666666666666
0 0.12070312500000001 0.6277777777777778 0.04296875 0.075
