1 0.300390625 0.36736111111111114 0.09609375 0.13194444444444445
0 0.325 0.5826388888888889 0.05 0.16805555555555557
1 0.547265625 0.59375 0.19921875 0.25972222222222224
0 0.35468750000000004 0.7791666666666667 0.06875 0.23611111111111113
1 0.136328125 0.2777777777777778 0.04609375 0.075
0 0.099609375 0.29097222222222224 0.014843750000000001 0.059722222222222225
1 0.284765625 0.2916666666666667 0.06171875 0.0638888888888889
1 0.8234375 0.3388888888888889 0.07500000000000001 0.07222222222222223
0 0.15625 0.3576388888888889 0.026562500000000003 0.09861111111111112
0 0.540234375 0.3840277777777778 0.047656250000000004 0.07916666666666666
0 0.7074218750000001 0.43680555555555556 0.02890625 0.09583333333333334
0 0.23984375000000002 0.4666666666666667 0.035937500000000004 0.125
