1 0.5847656250000001 0.8895833333333334 0.25859375 0.20972222222222223
1 0.19765625 0.39305555555555555 0.134375 0.10833333333333334
4 0.683203125 0.44930555555555557 0.07890625000000001 0.10694444444444445
1 0.46992187500000004 0.5597222222222222 0.13203125000000002 0.17222222222222222
1 0.2703125 0.7833333333333333 0.12812500000000002 0.3027777777777778
0 0.034375 0.8145833333333333 0.0484375 0.18194444444444446
0 0.8609375 0.8222222222222223 0.059375000000000004 0.1638888888888889
1 0.451953125 0.29930555555555555 0.04296875 0.07083333333333333
2 0.37578125 0.3194444444444445 0.0484375 0.13055555555555556
0 0.731640625 0.5590277777777778 0.03671875 0.11805555555555557
