1 0.6605468750000001 0.5791666666666667 0.11171875 0.1388888888888889
0 0.07734375 0.6770833333333334 0.053125000000000006 0.1125
3 0.45742187500000003 0.20069444444444445 0.03828125 0.0763888888888889
0 0.5574218750000001 0.2423611111111111 0.013281250000000001 0.043055555555555555
1 0.4921875 0.29791666666666666 0.0421875 0.06527777777777778
0 0.92890625 0.3138888888888889 0.0390625 0.07222222222222223
0 0.261328125 0.3375 0.01640625 0.061111111111111116
0 0.24609375 0.3805555555555556 0.0171875 0.07222222222222223
4 0.172265625 0.4479166666666667 0.017968750000000002 0.08194444444444444
0 0.103515625 0.5270833333333333 0.02890625 0.09305555555555556
0 0.38906250000000003 0.5326388888888889 0.025 0.10694444444444445
