3 0.585156 0.427083 0.139063 0.354167
0 0.215625 0.593750 0.040625 0.154167
0 0.109766 0.630556 0.050781 0.163889
1 0.332031 0.737500 0.134375 0.302778
3 0.454297 0.200694 0.036719 0.087500
0 0.633984 0.255556 0.017969 0.050000
0 0.762109 0.309028 0.033594 0.065278
0 0.335547 0.344444 0.021094 0.083333
0 0.367188 0.327778 0.021875 0.066667
1 0.432422 0.333333 0.052344 0.100000
0 0.294531 0.361111 0.026562 0.088889
0 0.339844 0.417361 0.026562 0.093056
0 0.207813 0.433333 0.029687 0.086111
0 0.283984 0.427083 0.030469 0.098611
0 0.747266 0.453472 0.032031 0.101389
4 0.928516 0.463889 0.047656 0.094444
0 0.255469 0.506250 0.034375 0.118056
