0 0.271484375 0.3944444444444445 0.06953125 0.13055555555555556
0 0.35546875 0.4277777777777778 0.06406250000000001 0.18055555555555555
0 0.455078125 0.5659722222222222 0.06171875 0.19583333333333333
0 0.09257812500000001 0.7006944444444445 0.11640625 0.2902777777777778
0 0.1796875 0.17569444444444446 0.028125 0.07916666666666666
0 0.6605468750000001 0.1951388888888889 0.014843750000000001 0.04583333333333334
0 0.68515625 0.22291666666666668 0.015625 0.05416666666666667
0 0.619140625 0.2534722222222222 0.01953125 0.07083333333333333
0 0.48125 0.3201388888888889 0.034375 0.09027777777777778
0 0.590234375 0.31875000000000003 0.02890625 0.0763888888888889
0 0.42890625000000004 0.32708333333333334 0.035937500000000004 0.0763888888888889
0 0.646484375 0.32916666666666666 0.02890625 0.09722222222222222
0 0.5671875000000001 0.38819444444444445 0.0328125 0.10694444444444445
0 0.6804687500000001 0.4729166666666667 0.034375 0.11805555555555557
