0 0.663671875 0.7166666666666667 0.041406250000000006 0.14722222222222223
0 0.524609375 0.7395833333333334 0.05078125 0.14027777777777778
0 0.8625 0.7513888888888889 0.05625 0.13333333333333333
0 0.57265625 0.8208333333333334 0.045312500000000006 0.1638888888888889
0 0.638671875 0.9166666666666667 0.057031250000000006 0.15833333333333333
1 0.55390625 0.3715277777777778 0.0328125 0.04861111111111111
0 0.66015625 0.39513888888888893 0.0234375 0.04583333333333334
1 0.303515625 0.4569444444444445 0.055468750000000004 0.058333333333333334
1 0.141015625 0.4916666666666667 0.08828125 0.07777777777777778
0 0.56484375 0.5694444444444444 0.034375 0.08333333333333334
0 0.6082031250000001 0.6444444444444445 0.032031250000000004 0.11666666666666667
