1 0.41796875 0.3888888888888889 0.065625 0.125
1 0.52109375 0.4798611111111111 0.08750000000000001 0.13194444444444445
0 0.35976562500000003 0.6722222222222223 0.03515625 0.15833333333333333
1 0.568359375 0.71875 0.14453125 0.24583333333333335
0 0.846875 0.8 0.053125000000000006 0.15
0 0.14570312500000002 0.913888888888889 0.06171875 0.16666666666666669
0 0.519921875 0.9090277777777778 0.05078125 0.16527777777777777
0 0.31093750000000003 0.9402777777777778 0.059375000000000004 0.11111111111111112
0 0.16484375 0.48958333333333337 0.07187500000000001 0.07916666666666666
0 0.35468750000000004 0.4902777777777778 0.026562500000000003 0.11666666666666667
0 0.265625 0.5305555555555556 0.034375 0.11111111111111112
0 0.685546875 0.5236111111111111 0.030468750000000003 0.10833333333333334
0 0.31679687500000003 0.6 0.030468750000000003 0.13055555555555556
