0 0.523828125 0.7236111111111111 0.03828125 0.14166666666666666
0 0.20273437500000002 0.875 0.07109375 0.16666666666666669
0 0.765625 0.9166666666666667 0.0328125 0.17500000000000002
1 0.634765625 0.3076388888888889 0.02890625 0.03194444444444445
1 0.6722656250000001 0.30833333333333335 0.02890625 0.036111111111111115
0 0.8304687500000001 0.3493055555555556 0.0140625 0.04583333333333334
0 0.810546875 0.3666666666666667 0.01640625 0.05277777777777778
1 0.5789062500000001 0.3923611111111111 0.037500000000000006 0.04861111111111111
0 0.78046875 0.3909722222222222 0.015625 0.04861111111111111
0 0.847265625 0.3979166666666667 0.017968750000000002 0.051388888888888894
0 0.700390625 0.4173611111111111 0.017968750000000002 0.05416666666666667
0 0.7273437500000001 0.4173611111111111 0.018750000000000003 0.059722222222222225
0 0.6707031250000001 0.4291666666666667 0.022656250000000003 0.05277777777777778
0 0.755859375 0.4444444444444445 0.01640625 0.058333333333333334
0 0.661328125 0.49236111111111114 0.01953125 0.07083333333333333
0 0.79453125 0.4930555555555556 0.0203125 0.07222222222222223
0 0.539453125 0.5013888888888889 0.022656250000000003 0.0638888888888889
0 0.68671875 0.5104166666666667 0.018750000000000003 0.07361111111111111
0 0.87890625 0.5131944444444445 0.0203125 0.07916666666666666
0 0.8519531250000001 0.5229166666666667 0.02109375 0.07916666666666666
0 0.5964843750000001 0.5520833333333334 0.02421875 0.08472222222222223
0 0.515625 0.5791666666666667 0.03125 0.09166666666666667
0 0.662109375 0.5777777777777778 0.022656250000000003 0.08611111111111111
0 0.45234375000000004 0.6736111111111112 0.0390625 0.11944444444444445
0 0.804296875 0.675 0.032031250000000004 0.11111111111111112
