2 0.611328125 0.46319444444444446 0.10234375000000001 0.13194444444444445
1 0.66015625 0.5701388888888889 0.0703125 0.10694444444444445
1 0.105859375 0.6986111111111112 0.15390625000000002 0.15
0 0.36445312500000004 0.7215277777777778 0.041406250000000006 0.14305555555555557
0 0.79453125 0.8013888888888889 0.0421875 0.14722222222222223
0 0.719921875 0.8131944444444444 0.041406250000000006 0.15972222222222224
0 0.388671875 0.8590277777777778 0.055468750000000004 0.1625
0 0.539453125 0.8763888888888889 0.04453125 0.13611111111111113
0 0.9 0.9152777777777779 0.045312500000000006 0.17777777777777778
0 0.091796875 0.951388888888889 0.07734375 0.09444444444444444
0 0.82578125 0.9340277777777778 0.043750000000000004 0.14305555555555557
1 0.62890625 0.33958333333333335 0.029687500000000002 0.04861111111111111
1 0.6687500000000001 0.3277777777777778 0.03125 0.036111111111111115
1 0.704296875 0.42291666666666666 0.041406250000000006 0.06527777777777778
0 0.8484375000000001 0.4416666666666667 0.018750000000000003 0.05555555555555556
0 0.70078125 0.4729166666666667 0.0203125 0.06527777777777778
0 0.743359375 0.4708333333333333 0.017968750000000002 0.07222222222222223
0 0.83203125 0.4666666666666667 0.0203125 0.0638888888888889
1 0.47695312500000003 0.48750000000000004 0.06484375 0.075
0 0.77890625 0.4951388888888889 0.018750000000000003 0.07083333333333333
0 0.540234375 0.56875 0.022656250000000003 0.0763888888888889
0 0.8347656250000001 0.5888888888888889 0.02421875 0.10277777777777779
0 0.75390625 0.6243055555555556 0.028125 0.09861111111111112
0 0.66953125 0.6395833333333334 0.029687500000000002 0.10972222222222222
0 0.88984375 0.6395833333333334 0.028125 0.09305555555555556
0 0.530859375 0.6652777777777779 0.032031250000000004 0.09166666666666667
0 0.78515625 0.6534722222222222 0.026562500000000003 0.11527777777777778
0 0.596875 0.6763888888888889 0.03125 0.11388888888888889
0 0.6421875 0.7034722222222223 0.0328125 0.11527777777777778
0 0.41835937500000003 0.7236111111111111 0.039843750000000004 0.125
0 0.529296875 0.7604166666666667 0.03828125 0.11527777777777778
0 0.6628906250000001 0.7715277777777778 0.03515625 0.12361111111111112
4 0.9921875 0.9125000000000001 0.0140625 0.18888888888888888
0 0.531640625 0.9520833333333334 0.047656250000000004 0.09583333333333334
0 0.28046875 0.9680555555555556 0.0921875 0.061111111111111116
