1 0.31875000000000003 0.48333333333333334 0.07187500000000001 0.14166666666666666
0 0.26484375 0.61875 0.035937500000000004 0.16527777777777777
0 0.20039062500000002 0.6583333333333333 0.03671875 0.1638888888888889
1 0.4375 0.6611111111111111 0.14375000000000002 0.18888888888888888
3 0.681640625 0.6819444444444445 0.16171875000000002 0.3888888888888889
0 0.1453125 0.7819444444444444 0.046875 0.18888888888888888
0 0.05078125 0.81875 0.0625 0.22361111111111112
3 0.424609375 0.1763888888888889 0.02734375 0.0638888888888889
1 0.46406250000000004 0.23541666666666666 0.034375 0.05694444444444444
0 0.256640625 0.4666666666666667 0.030468750000000003 0.11388888888888889
0 0.21484375 0.5104166666666667 0.026562500000000003 0.1125
