1 0.242578125 0.6395833333333334 0.12734375 0.10694444444444445
1 0.45351562500000003 0.6875 0.08359375000000001 0.10555555555555556
1 0.7765625 0.6597222222222222 0.078125 0.13611111111111113
1 0.584375 0.74375 0.08281250000000001 0.13472222222222222
0 0.330078125 0.7944444444444445 0.039843750000000004 0.1527777777777778
0 0.26484375 0.86875 0.045312500000000006 0.1513888888888889
0 0.09062500000000001 0.9020833333333333 0.0671875 0.1486111111111111
0 0.389453125 0.9152777777777779 0.041406250000000006 0.1527777777777778
1 0.611328125 0.9041666666666667 0.13203125000000002 0.19722222222222224
1 0.810546875 0.9069444444444444 0.13359375 0.19722222222222224
0 0.300390625 0.9381944444444444 0.06328125 0.11805555555555557
1 0.6359375 0.29583333333333334 0.028125 0.0638888888888889
2 0.6996093750000001 0.3145833333333333 0.03359375 0.08194444444444444
1 0.6640625 0.35000000000000003 0.0328125 0.03888888888888889
0 0.878515625 0.36597222222222225 0.017968750000000002 0.04583333333333334
1 0.57734375 0.3875 0.045312500000000006 0.05555555555555556
1 0.6359375 0.3861111111111111 0.040625 0.05277777777777778
0 0.798828125 0.4152777777777778 0.017968750000000002 0.05555555555555556
1 0.534375 0.4256944444444445 0.051562500000000004 0.05416666666666667
0 0.87890625 0.43194444444444446 0.018750000000000003 0.05555555555555556
0 0.7015625000000001 0.4625 0.018750000000000003 0.05555555555555556
0 0.82421875 0.4618055555555556 0.018750000000000003 0.06805555555555556
1 0.491015625 0.5034722222222222 0.07265625 0.07916666666666666
1 0.6433593750000001 0.5131944444444445 0.047656250000000004 0.07916666666666666
1 0.35976562500000003 0.5520833333333334 0.07421875 0.0763888888888889
1 0.42695312500000004 0.5722222222222223 0.08359375000000001 0.09444444444444444
0 0.56015625 0.5638888888888889 0.0234375 0.07777777777777778
0 0.8582031250000001 0.5625 0.022656250000000003 0.08611111111111111
0 0.5125000000000001 0.5854166666666667 0.026562500000000003 0.0763888888888889
0 0.6566406250000001 0.6256944444444444 0.02421875 0.09305555555555556
0 0.7140625 0.61875 0.0234375 0.09861111111111112
0 0.68671875 0.6375000000000001 0.0234375 0.09166666666666667
0 0.6253906250000001 0.6548611111111111 0.022656250000000003 0.08750000000000001
0 0.87421875 0.6618055555555555 0.028125 0.10694444444444445
0 0.853125 0.701388888888889 0.029687500000000002 0.1277777777777778
0 0.475390625 0.7708333333333334 0.030468750000000003 0.11944444444444445
0 0.38515625000000003 0.8111111111111111 0.040625 0.11944444444444445
0 0.911328125 0.9694444444444444 0.06484375 0.058333333333333334
