2 0.13593750000000002 0.7548611111111111 0.2515625 0.25416666666666665
1 0.45546875000000003 0.7444444444444445 0.11875000000000001 0.16666666666666669
1 0.019140625 0.7770833333333333 0.039843750000000004 0.15416666666666667
0 0.21796875000000002 0.8652777777777778 0.0671875 0.14166666666666666
0 0.7781250000000001 0.8881944444444445 0.0390625 0.15416666666666667
1 0.587109375 0.9229166666666667 0.15078125 0.16805555555555557
0 0.859375 0.9305555555555556 0.0421875 0.14444444444444446
1 0.6156250000000001 0.3541666666666667 0.0328125 0.05
1 0.6585937500000001 0.3701388888888889 0.035937500000000004 0.04583333333333334
0 0.812109375 0.3861111111111111 0.01640625 0.036111111111111115
0 0.8558593750000001 0.39513888888888893 0.01640625 0.04861111111111111
0 0.84375 0.4041666666666667 0.0171875 0.04722222222222222
0 0.630859375 0.4729166666666667 0.022656250000000003 0.06527777777777778
0 0.7660156250000001 0.4902777777777778 0.01640625 0.06944444444444445
0 0.532421875 0.5333333333333333 0.02421875 0.08055555555555556
0 0.591015625 0.5402777777777777 0.02421875 0.08055555555555556
0 0.733984375 0.5423611111111112 0.022656250000000003 0.07916666666666666
0 0.6175781250000001 0.5652777777777778 0.025781250000000002 0.08055555555555556
0 0.687109375 0.5694444444444444 0.02421875 0.08888888888888889
0 0.8070312500000001 0.5604166666666667 0.025 0.08194444444444444
0 0.783203125 0.5881944444444445 0.02421875 0.09305555555555556
1 0.39609375 0.5972222222222222 0.1 0.09444444444444444
0 0.839453125 0.6236111111111111 0.025781250000000002 0.1
0 0.753125 0.6576388888888889 0.026562500000000003 0.09583333333333334
0 0.794921875 0.7229166666666667 0.02890625 0.13194444444444445
0 0.74765625 0.7895833333333334 0.035937500000000004 0.1375
