1 0.358984375 0.45208333333333334 0.10390625 0.14027777777777778
1 0.56953125 0.670138888888889 0.19062500000000002 0.2569444444444445
0 0.45078125 0.8215277777777779 0.0859375 0.18472222222222223
1 0.1625 0.23402777777777778 0.040625 0.051388888888888894
1 0.12734375 0.2513888888888889 0.037500000000000006 0.05277777777777778
1 0.244921875 0.25972222222222224 0.047656250000000004 0.061111111111111116
0 0.365234375 0.2590277777777778 0.02890625 0.059722222222222225
1 0.203515625 0.2826388888888889 0.05390625 0.07361111111111111
0 0.1125 0.3111111111111111 0.0171875 0.058333333333333334
1 0.16484375 0.30833333333333335 0.051562500000000004 0.07777777777777778
1 0.801953125 0.3215277777777778 0.047656250000000004 0.07083333333333333
0 0.15976562500000002 0.48541666666666666 0.02890625 0.13194444444444445
