3 0.28125 0.22430555555555556 0.08281250000000001 0.09583333333333334
2 0.18710937500000002 0.32916666666666666 0.08359375000000001 0.125
1 0.39921875 0.4152777777777778 0.115625 0.12222222222222223
1 0.34140625 0.5486111111111112 0.146875 0.23055555555555557
1 0.703125 0.6215277777777778 0.23593750000000002 0.29305555555555557
0 0.28125 0.6687500000000001 0.05 0.16805555555555557
1 0.140234375 0.22013888888888888 0.03359375 0.051388888888888894
1 0.21406250000000002 0.2798611111111111 0.045312500000000006 0.05694444444444444
0 0.125 0.2965277777777778 0.018750000000000003 0.06805555555555556
1 0.804296875 0.3388888888888889 0.07109375 0.06944444444444445
1 0.9109375000000001 0.375 0.053125000000000006 0.07222222222222223
0 0.18046875 0.4451388888888889 0.025 0.10972222222222222
0 0.7117187500000001 0.4444444444444445 0.0328125 0.09722222222222222
0 0.75390625 0.4479166666666667 0.035937500000000004 0.09027777777777778
