1 0.37109375 0.5402777777777777 0.0890625 0.09444444444444444
1 0.21406250000000002 0.7222222222222222 0.13593750000000002 0.12222222222222223
0 0.29921875000000003 0.7604166666666667 0.0484375 0.12638888888888888
1 0.5140625 0.7430555555555556 0.1078125 0.16944444444444445
0 0.8 0.7979166666666667 0.0421875 0.1486111111111111
0 0.257421875 0.8555555555555556 0.05390625 0.14722222222222223
1 0.378515625 0.9173611111111112 0.14921875 0.1625
1 0.633984375 0.9319444444444445 0.15703125 0.1388888888888889
0 0.865234375 0.9361111111111111 0.04296875 0.13611111111111113
1 0.63828125 0.3194444444444445 0.034375 0.05
1 0.5691406250000001 0.40347222222222223 0.04296875 0.05694444444444444
0 0.737890625 0.4131944444444445 0.017968750000000002 0.05416666666666667
0 0.692578125 0.47500000000000003 0.02421875 0.0638888888888889
0 0.7796875000000001 0.4708333333333333 0.018750000000000003 0.06944444444444445
0 0.8578125000000001 0.46944444444444444 0.021875000000000002 0.06944444444444445
0 0.63203125 0.4902777777777778 0.025 0.06666666666666667
0 0.8226562500000001 0.49444444444444446 0.018750000000000003 0.06666666666666667
0 0.665625 0.5125000000000001 0.021875000000000002 0.07222222222222223
0 0.70625 0.5541666666666667 0.0234375 0.08611111111111111
0 0.8500000000000001 0.5513888888888889 0.021875000000000002 0.07777777777777778
0 0.640625 0.56875 0.025 0.08472222222222223
0 0.7914062500000001 0.5604166666666667 0.0234375 0.08194444444444444
0 0.57734375 0.5972222222222222 0.03125 0.08888888888888889
0 0.8734375000000001 0.5965277777777778 0.026562500000000003 0.08194444444444444
0 0.515234375 0.6236111111111111 0.03671875 0.08333333333333334
0 0.816015625 0.6458333333333334 0.02890625 0.1
0 0.7347656250000001 0.7000000000000001 0.03515625 0.11388888888888889
0 0.8367187500000001 0.7243055555555555 0.029687500000000002 0.12916666666666668
