1 0.482421875 0.3854166666666667 0.05390625 0.10416666666666667
2 0.39101562500000003 0.48680555555555555 0.11484375000000001 0.3791666666666667
1 0.098046875 0.6034722222222223 0.16328125000000002 0.2013888888888889
0 0.232421875 0.6708333333333334 0.03515625 0.14722222222222223
0 0.26210937500000003 0.7180555555555556 0.03359375 0.14722222222222223
0 0.2765625 0.857638888888889 0.045312500000000006 0.20416666666666666
1 0.380859375 0.2916666666666667 0.05078125 0.07777777777777778
0 0.31015625 0.39166666666666666 0.0234375 0.08333333333333334
0 0.22734375 0.45416666666666666 0.03125 0.10833333333333334
0 0.2734375 0.4618055555555556 0.028125 0.10138888888888889
0 0.30000000000000004 0.4916666666666667 0.028125 0.11111111111111112
0 0.182421875 0.5305555555555556 0.030468750000000003 0.13333333333333333
0 0.27968750000000003 0.6194444444444445 0.029687500000000002 0.11666666666666667
