0 0.40351562500000004 0.7541666666666667 0.04609375 0.14166666666666666
0 0.5730468750000001 0.7881944444444444 0.04296875 0.1513888888888889
1 0.63671875 0.2881944444444445 0.021875000000000002 0.034722222222222224
1 0.6671875 0.29583333333333334 0.021875000000000002 0.03888888888888889
1 0.705078125 0.3375 0.032031250000000004 0.03888888888888889
0 0.8328125000000001 0.33263888888888893 0.0140625 0.034722222222222224
0 0.8089843750000001 0.3472222222222222 0.01640625 0.044444444444444446
0 0.852734375 0.39583333333333337 0.017968750000000002 0.05277777777777778
0 0.7171875000000001 0.41250000000000003 0.021875000000000002 0.06666666666666667
0 0.775 0.4375 0.018750000000000003 0.07222222222222223
0 0.80078125 0.43472222222222223 0.015625 0.061111111111111116
0 0.6882812500000001 0.4451388888888889 0.018750000000000003 0.06805555555555556
0 0.7429687500000001 0.45625000000000004 0.0234375 0.07083333333333333
0 0.8480468750000001 0.44722222222222224 0.017968750000000002 0.05277777777777778
0 0.6003906250000001 0.5041666666666667 0.02421875 0.07222222222222223
0 0.82421875 0.5013888888888889 0.0203125 0.075
0 0.540234375 0.5381944444444444 0.02734375 0.0763888888888889
0 0.769140625 0.5527777777777778 0.02109375 0.07777777777777778
0 0.80078125 0.5465277777777778 0.021875000000000002 0.08194444444444444
0 0.865234375 0.5625 0.02734375 0.07777777777777778
0 0.6351562500000001 0.5770833333333334 0.029687500000000002 0.09305555555555556
0 0.6781250000000001 0.5798611111111112 0.0234375 0.09861111111111112
0 0.508203125 0.6027777777777777 0.03515625 0.1
0 0.7214843750000001 0.6 0.02421875 0.08055555555555556
0 0.6410156250000001 0.6680555555555556 0.03671875 0.11666666666666667
0 0.705078125 0.6756944444444445 0.03359375 0.10972222222222222
