1 0.724609375 0.5909722222222222 0.13203125000000002 0.09861111111111112
2 0.09921875000000001 0.7118055555555556 0.18281250000000002 0.4236111111111111
0 0.5476562500000001 0.7569444444444444 0.045312500000000006 0.1388888888888889
0 0.6253906250000001 0.8076388888888889 0.05078125 0.15694444444444444
0 0.29609375 0.8958333333333334 0.0671875 0.1638888888888889
1 0.7019531250000001 0.3 0.025781250000000002 0.03888888888888889
1 0.66171875 0.3076388888888889 0.028125 0.029166666666666667
1 0.59921875 0.3680555555555556 0.034375 0.05
1 0.693359375 0.3770833333333333 0.03359375 0.04861111111111111
0 0.8425781250000001 0.40625 0.01953125 0.051388888888888894
1 0.5222656250000001 0.4326388888888889 0.039843750000000004 0.059722222222222225
1 0.6785156250000001 0.4354166666666667 0.04296875 0.05416666666666667
0 0.829296875 0.4548611111111111 0.022656250000000003 0.06527777777777778
1 0.5546875 0.4638888888888889 0.0578125 0.07222222222222223
0 0.874609375 0.4666666666666667 0.02109375 0.06666666666666667
0 0.7562500000000001 0.48541666666666666 0.021875000000000002 0.06805555555555556
0 0.8 0.4951388888888889 0.021875000000000002 0.0763888888888889
0 0.70234375 0.5076388888888889 0.025 0.07083333333333333
0 0.6121093750000001 0.5409722222222222 0.025781250000000002 0.08194444444444444
0 0.873046875 0.675 0.030468750000000003 0.10277777777777779
0 0.7640625000000001 0.7034722222222223 0.029687500000000002 0.12083333333333333
0 0.721875 0.7833333333333333 0.0328125 0.13333333333333333
