3 0.61640625 0.43333333333333335 0.09843750000000001 0.1527777777777778
1 0.728125 0.4916666666666667 0.0671875 0.08888888888888889
1 0.620703125 0.5979166666666667 0.13046875 0.1625
0 0.665625 0.6840277777777778 0.051562500000000004 0.12638888888888888
0 0.7386718750000001 0.701388888888889 0.03515625 0.1527777777777778
0 0.7140625 0.39375 0.0171875 0.051388888888888894
0 0.790625 0.5513888888888889 0.0234375 0.075
0 0.726171875 0.607638888888889 0.025781250000000002 0.09583333333333334
0 0.903515625 0.6055555555555556 0.025781250000000002 0.09444444444444444
0 0.801953125 0.6569444444444444 0.032031250000000004 0.1
