3 0.802734375 0.6847222222222222 0.33515625000000004 0.4861111111111111
3 0.5546875 0.5805555555555556 0.1390625 0.33611111111111114
1 0.10625000000000001 0.7756944444444445 0.14375000000000002 0.27083333333333337
0 0.28554687500000003 0.2986111111111111 0.014843750000000001 0.05555555555555556
1 0.5484375 0.3 0.0484375 0.07777777777777778
0 0.6109375 0.30694444444444446 0.0171875 0.058333333333333334
0 0.253515625 0.35347222222222224 0.014843750000000001 0.0625
0 0.20625000000000002 0.37222222222222223 0.0171875 0.05555555555555556
0 0.20820312500000002 0.43819444444444444 0.01953125 0.07083333333333333
0 0.11171875 0.525 0.028125 0.09722222222222222
0 0.15390625000000002 0.525 0.025 0.09444444444444444
