2 0.447265625 0.47847222222222224 0.08984375 0.10694444444444445
1 0.598046875 0.5263888888888889 0.05859375 0.09722222222222222
1 0.452734375 0.6368055555555556 0.09296875 0.10416666666666667
1 0.585546875 0.6840277777777778 0.07890625000000001 0.10972222222222222
1 0.08046875 0.7236111111111111 0.1484375 0.15
0 0.47265625 0.7625000000000001 0.0390625 0.14722222222222223
0 0.32421875 0.795138888888889 0.0546875 0.14305555555555557
1 0.68671875 0.7861111111111111 0.1015625 0.17500000000000002
0 0.23554687500000002 0.8923611111111112 0.06328125 0.17083333333333334
0 0.052734375 0.9458333333333334 0.07890625000000001 0.1
1 0.40390625 0.9291666666666667 0.1265625 0.15
1 0.6628906250000001 0.30208333333333337 0.02421875 0.0375
1 0.6292968750000001 0.3125 0.02421875 0.03888888888888889
1 0.666015625 0.41875 0.039843750000000004 0.04583333333333334
0 0.7972656250000001 0.4291666666666667 0.017968750000000002 0.04722222222222222
0 0.6292968750000001 0.4527777777777778 0.025781250000000002 0.058333333333333334
0 0.6882812500000001 0.44583333333333336 0.018750000000000003 0.05
0 0.8714843750000001 0.4569444444444445 0.02109375 0.05277777777777778
0 0.653515625 0.4763888888888889 0.025781250000000002 0.0638888888888889
0 0.76953125 0.4673611111111111 0.018750000000000003 0.05416666666666667
0 0.7093750000000001 0.4847222222222222 0.021875000000000002 0.05555555555555556
0 0.553125 0.5194444444444445 0.0203125 0.0638888888888889
0 0.7976562500000001 0.5256944444444445 0.0203125 0.07916666666666666
0 0.8234375 0.5381944444444444 0.0203125 0.0763888888888889
0 0.7503906250000001 0.5701388888888889 0.022656250000000003 0.08750000000000001
0 0.622265625 0.5951388888888889 0.025781250000000002 0.07916666666666666
0 0.42695312500000004 0.7166666666666667 0.039843750000000004 0.10833333333333334
0 0.509765625 0.7583333333333334 0.03671875 0.12222222222222223
