1 0.55390625 0.5638888888888889 0.07187500000000001 0.1
1 0.669140625 0.5479166666666667 0.06640625 0.09861111111111112
1 0.637890625 0.6361111111111112 0.06640625 0.10833333333333334
0 0.282421875 0.763888888888889 0.04609375 0.13333333333333333
0 0.13593750000000002 0.8006944444444445 0.0578125 0.1375
1 0.475390625 0.8256944444444445 0.10703125000000001 0.21805555555555556
1 0.676953125 0.8256944444444445 0.11328125 0.1763888888888889
0 0.05390625 0.945138888888889 0.084375 0.10694444444444445
0 0.32734375000000004 0.945138888888889 0.06406250000000001 0.10694444444444445
0 0.5640625 0.9437500000000001 0.05625 0.12083333333333333
1 0.6355468750000001 0.2715277777777778 0.02734375 0.034722222222222224
1 0.6015625 0.36875 0.034375 0.04861111111111111
1 0.654296875 0.39513888888888893 0.03828125 0.04861111111111111
0 0.8390625 0.3902777777777778 0.015625 0.04722222222222222
0 0.689453125 0.41875 0.017968750000000002 0.059722222222222225
0 0.8125 0.4076388888888889 0.015625 0.04861111111111111
0 0.780859375 0.4354166666666667 0.01953125 0.06805555555555556
0 0.8402343750000001 0.4326388888888889 0.01640625 0.059722222222222225
0 0.661328125 0.4479166666666667 0.02109375 0.051388888888888894
0 0.7269531250000001 0.45416666666666666 0.017968750000000002 0.06944444444444445
0 0.7039062500000001 0.47500000000000003 0.0203125 0.06666666666666667
0 0.61640625 0.48680555555555555 0.021875000000000002 0.06527777777777778
0 0.8269531250000001 0.5534722222222223 0.025781250000000002 0.08472222222222223
0 0.8046875 0.6618055555555555 0.029687500000000002 0.10972222222222222
0 0.475390625 0.6826388888888889 0.03359375 0.09583333333333334
0 0.520703125 0.675 0.02890625 0.10555555555555556
0 0.30859375 0.6979166666666667 0.043750000000000004 0.10416666666666667
0 0.61640625 0.6930555555555555 0.034375 0.10833333333333334
0 0.37890625 0.71875 0.0421875 0.12638888888888888
0 0.55234375 0.725 0.0328125 0.13333333333333333
0 0.8425781250000001 0.775 0.032031250000000004 0.1277777777777778
