0 0.526953125 0.64375 0.04609375 0.15694444444444444
0 0.67734375 0.7222222222222222 0.045312500000000006 0.17222222222222222
0 0.74609375 0.75 0.046875 0.17777777777777778
0 0.7386718750000001 0.4173611111111111 0.013281250000000001 0.051388888888888894
0 0.634765625 0.43125 0.017968750000000002 0.051388888888888894
0 0.680859375 0.4513888888888889 0.01953125 0.05555555555555556
0 0.58359375 0.4708333333333333 0.026562500000000003 0.04722222222222222
0 0.794140625 0.5027777777777778 0.02109375 0.07777777777777778
0 0.542578125 0.5298611111111111 0.03515625 0.059722222222222225
0 0.794921875 0.5972222222222222 0.032031250000000004 0.10277777777777779
