3 0.7203125 0.3888888888888889 0.1421875 0.22777777777777777
0 0.43125 0.6395833333333334 0.053125000000000006 0.1625
1 0.5613281250000001 0.6784722222222223 0.15234375 0.1875
0 0.63671875 0.7541666666666667 0.053125000000000006 0.16944444444444445
0 0.7875000000000001 0.7444444444444445 0.0421875 0.16111111111111112
0 0.8304687500000001 0.5118055555555556 0.0171875 0.07361111111111111
0 0.743359375 0.5291666666666667 0.02109375 0.07222222222222223
0 0.7125 0.5875 0.029687500000000002 0.10277777777777779
0 0.7562500000000001 0.5888888888888889 0.028125 0.08333333333333334
0 0.801953125 0.6201388888888889 0.02734375 0.08750000000000001
0 0.85078125 0.6416666666666667 0.0328125 0.11388888888888889
