3 0.517578125 0.757638888888889 0.22109375 0.39861111111111114
1 0.69296875 0.42291666666666666 0.0734375 0.09861111111111112
0 0.34804687500000003 0.6034722222222223 0.047656250000000004 0.12916666666666668
0 0.590234375 0.25972222222222224 0.01953125 0.04166666666666667
0 0.63984375 0.31180555555555556 0.021875000000000002 0.04861111111111111
0 0.7250000000000001 0.5020833333333333 0.0328125 0.09861111111111112
0 0.3984375 0.5493055555555556 0.0421875 0.10694444444444445
0 0.8234375 0.5416666666666667 0.037500000000000006 0.11388888888888889
0 0.07734375 0.5645833333333333 0.028125 0.07916666666666666
0 0.46406250000000004 0.5659722222222222 0.0390625 0.10694444444444445
