1 0.43671875000000004 0.4902777777777778 0.0734375 0.08333333333333334
0 0.39140625 0.7152777777777778 0.045312500000000006 0.13333333333333333
0 0.58046875 0.7333333333333334 0.0390625 0.14722222222222223
0 0.43085937500000004 0.7902777777777779 0.049218750000000006 0.14166666666666666
0 0.6765625000000001 0.8416666666666667 0.040625 0.15555555555555556
0 0.3671875 0.9347222222222222 0.06875 0.13611111111111113
1 0.636328125 0.32083333333333336 0.02890625 0.036111111111111115
1 0.66015625 0.3284722222222222 0.026562500000000003 0.0375
1 0.6976562500000001 0.33819444444444446 0.029687500000000002 0.043055555555555555
1 0.598828125 0.37430555555555556 0.03359375 0.043055555555555555
0 0.8363281250000001 0.3784722222222222 0.017968750000000002 0.043055555555555555
0 0.8074218750000001 0.40625 0.01953125 0.051388888888888894
1 0.5453125 0.4777777777777778 0.06875 0.08888888888888889
0 0.7449218750000001 0.47222222222222227 0.01953125 0.06944444444444445
0 0.78671875 0.47500000000000003 0.018750000000000003 0.075
0 0.669921875 0.5347222222222222 0.022656250000000003 0.08611111111111111
0 0.702734375 0.5680555555555555 0.02421875 0.08888888888888889
