1 0.626953125 0.6277777777777778 0.06328125 0.10277777777777779
1 0.546484375 0.7006944444444445 0.10234375000000001 0.1375
0 0.362890625 0.7354166666666667 0.04609375 0.1375
0 0.9535156250000001 0.8013888888888889 0.03828125 0.16666666666666669
0 0.32851562500000003 0.81875 0.05390625 0.14027777777777778
0 0.42617187500000003 0.8145833333333333 0.049218750000000006 0.13472222222222222
0 0.7878906250000001 0.8395833333333333 0.04609375 0.15416666666666667
0 0.5632812500000001 0.8506944444444445 0.0484375 0.15694444444444444
0 0.213671875 0.8875000000000001 0.06640625 0.18055555555555555
0 0.31328125 0.9173611111111112 0.059375000000000004 0.15694444444444444
0 0.45703125 0.9055555555555556 0.0484375 0.17500000000000002
1 0.6687500000000001 0.9666666666666667 0.2 0.0638888888888889
1 0.6234375000000001 0.3548611111111111 0.053125000000000006 0.09583333333333334
1 0.694921875 0.36180555555555555 0.02890625 0.04027777777777778
1 0.56796875 0.39861111111111114 0.0390625 0.05277777777777778
1 0.6703125000000001 0.39583333333333337 0.040625 0.06666666666666667
0 0.8402343750000001 0.38472222222222224 0.017968750000000002 0.04722222222222222
1 0.5261718750000001 0.43125 0.05078125 0.0625
0 0.804296875 0.4361111111111111 0.01953125 0.05555555555555556
0 0.8597656250000001 0.4305555555555556 0.017968750000000002 0.05277777777777778
0 0.7601562500000001 0.4756944444444445 0.0203125 0.07083333333333333
0 0.7855468750000001 0.4729166666666667 0.02109375 0.06805555555555556
0 0.718359375 0.49375 0.01953125 0.0763888888888889
1 0.5546875 0.5111111111111112 0.060937500000000006 0.09166666666666667
0 0.8777343750000001 0.5125000000000001 0.02421875 0.08055555555555556
0 0.7816406250000001 0.5465277777777778 0.02109375 0.0763888888888889
0 0.5125000000000001 0.56875 0.034375 0.09027777777777778
0 0.816015625 0.5618055555555556 0.02421875 0.08472222222222223
0 0.77109375 0.6111111111111112 0.028125 0.09444444444444444
0 0.46718750000000003 0.6201388888888889 0.0328125 0.09583333333333334
0 0.37109375 0.6451388888888889 0.037500000000000006 0.09861111111111112
0 0.8324218750000001 0.6965277777777779 0.030468750000000003 0.11805555555555557
0 0.42695312500000004 0.7180555555555556 0.039843750000000004 0.10833333333333334
