1 0.19453125000000002 0.38819444444444445 0.134375 0.08194444444444444
1 0.64609375 0.43819444444444444 0.07968750000000001 0.09861111111111112
0 0.35000000000000003 0.5694444444444444 0.0390625 0.14444444444444446
0 0.125 0.6715277777777778 0.051562500000000004 0.16527777777777777
0 0.244921875 0.6715277777777778 0.04453125 0.17083333333333334
0 0.29296875 0.7361111111111112 0.045312500000000006 0.18611111111111112
0 0.45625000000000004 0.7611111111111112 0.0421875 0.16666666666666669
1 0.6199218750000001 0.8611111111111112 0.15703125 0.26944444444444443
1 0.404296875 0.2576388888888889 0.03828125 0.07916666666666666
0 0.687109375 0.4118055555555556 0.02890625 0.07361111111111111
0 0.369921875 0.4430555555555556 0.025781250000000002 0.10555555555555556
0 0.322265625 0.46875 0.02734375 0.09861111111111112
0 0.40078125000000003 0.4625 0.0234375 0.09166666666666667
0 0.47578125000000004 0.5118055555555556 0.0328125 0.10694444444444445
0 0.79453125 0.55 0.040625 0.11666666666666667
0 0.455078125 0.6284722222222222 0.039843750000000004 0.12638888888888888
