1 0.26328125 0.6888888888888889 0.115625 0.11388888888888889
0 0.587109375 0.7409722222222223 0.04453125 0.1375
0 0.2109375 0.8548611111111112 0.05625 0.14305555555555557
0 0.36875 0.9145833333333334 0.06406250000000001 0.16805555555555557
0 0.234375 0.9291666666666667 0.0765625 0.1388888888888889
1 0.52109375 0.32916666666666666 0.034375 0.03333333333333333
1 0.6082031250000001 0.3625 0.032031250000000004 0.044444444444444446
0 0.8347656250000001 0.3527777777777778 0.014843750000000001 0.04166666666666667
1 0.70859375 0.4104166666666667 0.037500000000000006 0.05416666666666667
0 0.806640625 0.425 0.02109375 0.05277777777777778
0 0.644140625 0.4486111111111111 0.01953125 0.061111111111111116
0 0.783203125 0.4569444444444445 0.02109375 0.06666666666666667
0 0.848828125 0.4430555555555556 0.02109375 0.061111111111111116
1 0.558203125 0.4666666666666667 0.05859375 0.0638888888888889
0 0.6804687500000001 0.4638888888888889 0.018750000000000003 0.06666666666666667
0 0.6101562500000001 0.5111111111111112 0.0234375 0.075
1 0.743359375 0.5340277777777778 0.055468750000000004 0.07916666666666666
0 0.6488281250000001 0.6486111111111111 0.030468750000000003 0.11388888888888889
0 0.7660156250000001 0.6361111111111112 0.025781250000000002 0.09722222222222222
0 0.5140625 0.6666666666666667 0.0390625 0.11388888888888889
0 0.564453125 0.6791666666666667 0.03671875 0.10555555555555556
0 0.39765625000000004 0.7152777777777778 0.043750000000000004 0.11944444444444445
0 0.47578125000000004 0.7125 0.040625 0.1277777777777778
