0 0.22265625 0.48750000000000004 0.0671875 0.16111111111111112
0 0.5769531250000001 0.16527777777777777 0.01640625 0.05
0 0.645703125 0.21805555555555556 0.01640625 0.05555555555555556
0 0.675390625 0.2138888888888889 0.014843750000000001 0.04722222222222222
0 0.61875 0.2388888888888889 0.018750000000000003 0.06666666666666667
0 0.65390625 0.27083333333333337 0.018750000000000003 0.06944444444444445
0 0.4421875 0.3 0.034375 0.08888888888888889
0 0.5710937500000001 0.3527777777777778 0.025 0.08888888888888889
0 0.6265625 0.35000000000000003 0.025 0.08611111111111111
0 0.673046875 0.3854166666666667 0.022656250000000003 0.08750000000000001
