0 0.381640625 0.7583333333333334 0.04296875 0.14444444444444446
1 0.6644531250000001 0.7756944444444445 0.09296875 0.14583333333333334
0 0.8597656250000001 0.9159722222222223 0.04609375 0.15694444444444444
1 0.606640625 0.9472222222222223 0.14609375 0.10555555555555556
1 0.66171875 0.31180555555555556 0.026562500000000003 0.03194444444444445
1 0.62265625 0.34097222222222223 0.0328125 0.05416666666666667
1 0.68359375 0.3298611111111111 0.03125 0.034722222222222224
0 0.822265625 0.3388888888888889 0.014843750000000001 0.03333333333333333
0 0.7738281250000001 0.3784722222222222 0.01640625 0.04583333333333334
0 0.84375 0.37986111111111115 0.0171875 0.04027777777777778
0 0.8113281250000001 0.3944444444444445 0.01640625 0.04166666666666667
1 0.659765625 0.4215277777777778 0.04609375 0.05416666666666667
0 0.80390625 0.43680555555555556 0.015625 0.05416666666666667
0 0.839453125 0.4236111111111111 0.01640625 0.04722222222222222
1 0.597265625 0.4534722222222222 0.04296875 0.0625
0 0.818359375 0.45069444444444445 0.01953125 0.06805555555555556
0 0.562109375 0.49236111111111114 0.02109375 0.06805555555555556
1 0.667578125 0.48541666666666666 0.047656250000000004 0.07361111111111111
0 0.7507812500000001 0.5131944444444445 0.018750000000000003 0.06805555555555556
0 0.8382812500000001 0.5069444444444444 0.0203125 0.06666666666666667
1 0.358203125 0.5576388888888889 0.08359375000000001 0.07916666666666666
0 0.80234375 0.55625 0.0234375 0.08194444444444444
0 0.533203125 0.5791666666666667 0.02734375 0.08611111111111111
0 0.766796875 0.5784722222222223 0.01953125 0.08194444444444444
0 0.5808593750000001 0.6083333333333334 0.02734375 0.1
0 0.6625000000000001 0.5979166666666667 0.028125 0.09305555555555556
0 0.7351562500000001 0.6173611111111111 0.025 0.08750000000000001
0 0.6199218750000001 0.6361111111111112 0.025781250000000002 0.09444444444444444
0 0.5496093750000001 0.6555555555555556 0.03359375 0.10555555555555556
0 0.8425781250000001 0.6805555555555556 0.02734375 0.11111111111111112
0 0.49296875 0.7319444444444445 0.0390625 0.125
