1 0.18515625000000002 0.6715277777777778 0.13593750000000002 0.11527777777777778
0 0.26171875 0.8097222222222222 0.059375000000000004 0.1388888888888889
0 0.808203125 0.8701388888888889 0.039843750000000004 0.1736111111111111
0 0.2109375 0.9020833333333333 0.0734375 0.1763888888888889
0 0.7546875000000001 0.9145833333333334 0.0421875 0.1625
1 0.698828125 0.3368055555555556 0.02890625 0.06527777777777778
1 0.60859375 0.35555555555555557 0.03125 0.03888888888888889
1 0.6433593750000001 0.36736111111111114 0.03359375 0.0375
0 0.8484375000000001 0.37430555555555556 0.0140625 0.04861111111111111
0 0.7253906250000001 0.39166666666666666 0.01953125 0.044444444444444446
0 0.736328125 0.41458333333333336 0.01953125 0.051388888888888894
0 0.7742187500000001 0.4104166666666667 0.018750000000000003 0.051388888888888894
0 0.7996093750000001 0.41805555555555557 0.017968750000000002 0.058333333333333334
0 0.8910156250000001 0.4076388888888889 0.017968750000000002 0.051388888888888894
0 0.831640625 0.42986111111111114 0.01953125 0.05416666666666667
0 0.6609375000000001 0.4465277777777778 0.021875000000000002 0.04861111111111111
0 0.6898437500000001 0.4638888888888889 0.021875000000000002 0.05555555555555556
0 0.70703125 0.4916666666666667 0.018750000000000003 0.06944444444444445
0 0.7585937500000001 0.48125 0.0234375 0.06805555555555556
0 0.650390625 0.5069444444444444 0.022656250000000003 0.06666666666666667
0 0.675390625 0.5229166666666667 0.01953125 0.07916666666666666
0 0.701171875 0.5423611111111112 0.01953125 0.07916666666666666
0 0.8140625 0.5395833333333333 0.025 0.09583333333333334
0 0.54453125 0.576388888888889 0.029687500000000002 0.08611111111111111
0 0.6101562500000001 0.5770833333333334 0.026562500000000003 0.09027777777777778
0 0.7203125 0.625 0.028125 0.10833333333333334
0 0.44453125000000004 0.6659722222222223 0.035937500000000004 0.12083333333333333
0 0.5734375 0.6965277777777779 0.034375 0.12083333333333333
0 0.8132812500000001 0.7055555555555556 0.034375 0.12222222222222223
