0 0.284765625 0.7840277777777778 0.05390625 0.1513888888888889
0 0.5242187500000001 0.8125 0.0421875 0.15833333333333333
0 0.7703125000000001 0.8215277777777779 0.0328125 0.16805555555555557
0 0.43476562500000004 0.8479166666666667 0.055468750000000004 0.1625
0 0.589453125 0.9319444444444445 0.049218750000000006 0.14444444444444446
1 0.53359375 0.3298611111111111 0.034375 0.03194444444444445
1 0.7039062500000001 0.3506944444444445 0.034375 0.04583333333333334
1 0.594921875 0.3652777777777778 0.02890625 0.04722222222222222
0 0.8246093750000001 0.3770833333333333 0.014843750000000001 0.043055555555555555
1 0.6203125 0.39375 0.034375 0.05694444444444444
0 0.7171875000000001 0.39375 0.0140625 0.04861111111111111
0 0.849609375 0.39722222222222225 0.014843750000000001 0.05277777777777778
1 0.55390625 0.4083333333333333 0.043750000000000004 0.05
0 0.7000000000000001 0.4083333333333333 0.0171875 0.05277777777777778
0 0.7816406250000001 0.41597222222222224 0.01640625 0.05694444444444444
0 0.788671875 0.42638888888888893 0.01640625 0.05
0 0.86875 0.43333333333333335 0.0171875 0.05277777777777778
1 0.527734375 0.4916666666666667 0.06015625 0.075
1 0.7527343750000001 0.4826388888888889 0.05078125 0.06805555555555556
0 0.8500000000000001 0.5152777777777778 0.021875000000000002 0.075
1 0.6781250000000001 0.5222222222222223 0.05 0.08333333333333334
0 0.809765625 0.5347222222222222 0.022656250000000003 0.08333333333333334
0 0.584375 0.5701388888888889 0.026562500000000003 0.08750000000000001
0 0.599609375 0.5979166666666667 0.022656250000000003 0.08194444444444444
0 0.634765625 0.5979166666666667 0.025781250000000002 0.09305555555555556
0 0.7132812500000001 0.5951388888888889 0.0234375 0.09027777777777778
0 0.6742187500000001 0.6229166666666667 0.028125 0.10416666666666667
0 0.757421875 0.6145833333333334 0.02421875 0.09861111111111112
0 0.7828125 0.6256944444444444 0.025 0.10138888888888889
0 0.515625 0.6368055555555556 0.03125 0.09583333333333334
0 0.5390625 0.6805555555555556 0.0328125 0.10277777777777779
0 0.6058593750000001 0.6736111111111112 0.032031250000000004 0.11388888888888889
0 0.6664062500000001 0.7784722222222222 0.035937500000000004 0.12361111111111112
