1 0.358984375 0.5437500000000001 0.08984375 0.09583333333333334
2 0.5710937500000001 0.7069444444444445 0.09375 0.19444444444444445
0 0.323046875 0.7868055555555555 0.049218750000000006 0.15416666666666667
0 0.48828125 0.8215277777777779 0.046875 0.14583333333333334
0 0.6414062500000001 0.8097222222222222 0.0421875 0.1527777777777778
0 0.354296875 0.875 0.05390625 0.17222222222222222
1 0.7136718750000001 0.9416666666666667 0.21328125 0.10277777777777779
1 0.648046875 0.36041666666666666 0.032031250000000004 0.04027777777777778
1 0.582421875 0.3944444444444445 0.03828125 0.05
0 0.8140625 0.39583333333333337 0.0140625 0.05
0 0.8390625 0.3979166666666667 0.0171875 0.05416666666666667
1 0.676953125 0.41250000000000003 0.03828125 0.05555555555555556
0 0.728125 0.42708333333333337 0.0171875 0.05416666666666667
0 0.7816406250000001 0.43125 0.017968750000000002 0.05416666666666667
0 0.7609375 0.47222222222222227 0.018750000000000003 0.07222222222222223
0 0.823828125 0.46805555555555556 0.02109375 0.07222222222222223
1 0.6046875 0.5048611111111111 0.053125000000000006 0.08194444444444444
0 0.8679687500000001 0.5097222222222222 0.0203125 0.07222222222222223
0 0.7816406250000001 0.5256944444444445 0.01640625 0.07916666666666666
0 0.7019531250000001 0.5479166666666667 0.022656250000000003 0.07916666666666666
0 0.6414062500000001 0.5659722222222222 0.025 0.08194444444444444
0 0.833203125 0.5631944444444444 0.022656250000000003 0.07361111111111111
0 0.7625000000000001 0.5881944444444445 0.0234375 0.09027777777777778
0 0.73828125 0.6069444444444445 0.0234375 0.08611111111111111
0 0.520703125 0.6180555555555556 0.030468750000000003 0.11388888888888889
0 0.8265625000000001 0.6361111111111112 0.028125 0.1
0 0.7585937500000001 0.68125 0.028125 0.11527777777777778
