1 0.065625 0.46944444444444444 0.14375000000000002 0.10277777777777779
4 0.25429687500000003 0.4840277777777778 0.15234375 0.11527777777777778
0 0.29140625000000003 0.5388888888888889 0.0546875 0.11388888888888889
1 0.478125 0.5708333333333333 0.17500000000000002 0.13611111111111113
0 0.6570312500000001 0.6777777777777778 0.08750000000000001 0.11388888888888889
1 0.52578125 0.21875 0.0328125 0.05416666666666667
1 0.548828125 0.3402777777777778 0.057031250000000006 0.07777777777777778
0 0.1796875 0.39305555555555555 0.026562500000000003 0.08055555555555556
1 0.38984375000000004 0.39166666666666666 0.08750000000000001 0.08055555555555556
0 0.44960937500000003 0.4534722222222222 0.04453125 0.07916666666666666
