2 0.388671875 0.2215277777777778 0.06015625 0.1125
1 0.616796875 0.3597222222222222 0.06171875 0.08888888888888889
1 0.6882812500000001 0.5243055555555556 0.11093750000000001 0.16527777777777777
1 0.43203125000000003 0.5520833333333334 0.084375 0.19583333333333333
0 0.242578125 0.6604166666666667 0.041406250000000006 0.1763888888888889
1 0.5710937500000001 0.6784722222222223 0.11875000000000001 0.2152777777777778
0 0.8636718750000001 0.7215277777777778 0.04609375 0.14305555555555557
0 0.27773437500000003 0.7465277777777778 0.04453125 0.1902777777777778
0 0.8230468750000001 0.7861111111111111 0.047656250000000004 0.15
1 0.39453125 0.8534722222222223 0.12187500000000001 0.28194444444444444
0 0.045312500000000006 0.8951388888888889 0.0625 0.1875
3 0.4578125 0.2548611111111111 0.037500000000000006 0.11805555555555557
3 0.535546875 0.24930555555555556 0.041406250000000006 0.10138888888888889
0 0.5808593750000001 0.2548611111111111 0.014843750000000001 0.051388888888888894
0 0.544921875 0.36458333333333337 0.025781250000000002 0.09027777777777778
0 0.458984375 0.3909722222222222 0.04296875 0.09861111111111112
0 0.35546875 0.40972222222222227 0.028125 0.08055555555555556
0 0.861328125 0.42638888888888893 0.03671875 0.09166666666666667
0 0.30312500000000003 0.513888888888889 0.034375 0.11666666666666667
0 0.373828125 0.50625 0.030468750000000003 0.11805555555555557
0 0.794921875 0.5201388888888889 0.03515625 0.08472222222222223
0 0.8503906250000001 0.6062500000000001 0.041406250000000006 0.11805555555555557
0 0.7828125 0.6222222222222222 0.034375 0.12222222222222223
0 0.71796875 0.6972222222222223 0.0328125 0.1388888888888889
