1 0.728125 0.74375 0.2703125 0.3236111111111111
1 0.24335937500000002 0.325 0.07265625 0.10277777777777779
1 0.6687500000000001 0.4930555555555556 0.078125 0.18055555555555555
1 0.32734375000000004 0.5305555555555556 0.134375 0.18611111111111112
0 0.09843750000000001 0.23402777777777778 0.0140625 0.0375
1 0.13828125 0.25833333333333336 0.0484375 0.0638888888888889
0 0.33242187500000003 0.2625 0.03671875 0.05555555555555556
0 0.117578125 0.35555555555555557 0.025781250000000002 0.06944444444444445
0 0.73828125 0.3590277777777778 0.035937500000000004 0.06805555555555556
0 0.7273437500000001 0.4729166666666667 0.025 0.09027777777777778
0 0.21796875000000002 0.5111111111111112 0.0328125 0.13333333333333333
