0 0.5578125 0.4798611111111111 0.045312500000000006 0.1513888888888889
0 0.342578125 0.5930555555555556 0.07890625000000001 0.225
0 0.0421875 0.6381944444444445 0.0921875 0.2847222222222222
0 0.41875 0.732638888888889 0.0921875 0.23750000000000002
4 0.444921875 0.19930555555555557 0.022656250000000003 0.08194444444444444
0 0.624609375 0.2423611111111111 0.01953125 0.06805555555555556
0 0.65390625 0.2513888888888889 0.018750000000000003 0.06944444444444445
0 0.679296875 0.26180555555555557 0.01953125 0.07361111111111111
0 0.6019531250000001 0.34861111111111115 0.030468750000000003 0.10277777777777779
0 0.6359375 0.3576388888888889 0.028125 0.10972222222222222
