1 0.23828125 0.3993055555555556 0.13593750000000002 0.10694444444444445
0 0.380859375 0.6840277777777778 0.04296875 0.17083333333333334
0 0.440234375 0.6625 0.04296875 0.15555555555555556
0 0.24531250000000002 0.7020833333333334 0.0390625 0.1736111111111111
0 0.32109375 0.7020833333333334 0.0421875 0.1763888888888889
0 0.03359375 0.7611111111111112 0.053125000000000006 0.16944444444444445
0 0.18359375 0.7381944444444445 0.0421875 0.18472222222222223
0 0.09531250000000001 0.7972222222222223 0.051562500000000004 0.19166666666666668
0 0.29531250000000003 0.8381944444444445 0.045312500000000006 0.20694444444444446
0 0.40273437500000003 0.8604166666666667 0.04296875 0.17916666666666667
0 0.07109375 0.9472222222222223 0.06875 0.10833333333333334
0 0.560546875 0.21875 0.01640625 0.04583333333333334
0 0.6984375 0.4451388888888889 0.034375 0.08472222222222223
0 0.12617187500000002 0.48125 0.06484375 0.07361111111111111
0 0.31328125 0.5472222222222223 0.035937500000000004 0.125
