0 0.594921875 0.5222222222222223 0.04609375 0.16666666666666669
0 0.178125 0.17569444444444446 0.029687500000000002 0.07361111111111111
0 0.5476562500000001 0.18333333333333335 0.015625 0.05555555555555556
0 0.6644531250000001 0.18680555555555556 0.013281250000000001 0.0375
0 0.685546875 0.22222222222222224 0.013281250000000001 0.04722222222222222
0 0.66953125 0.23541666666666666 0.0140625 0.051388888888888894
0 0.6355468750000001 0.2513888888888889 0.014843750000000001 0.058333333333333334
0 0.6609375000000001 0.3090277777777778 0.021875000000000002 0.07361111111111111
0 0.29296875 0.3284722222222222 0.040625 0.08750000000000001
0 0.284765625 0.3888888888888889 0.04296875 0.09444444444444444
