2 0.448828125 0.4666666666666667 0.15546875000000002 0.15555555555555556
0 0.546875 0.7465277777777778 0.0484375 0.14027777777777778
0 0.44765625000000003 0.7840277777777778 0.0421875 0.15972222222222224
0 0.33828125000000003 0.9430555555555556 0.08281250000000001 0.11111111111111112
0 0.790625 0.3138888888888889 0.0171875 0.03888888888888889
0 0.723828125 0.3902777777777778 0.01953125 0.05277777777777778
0 0.696875 0.43333333333333335 0.0203125 0.06944444444444445
0 0.8382812500000001 0.4326388888888889 0.0171875 0.07361111111111111
0 0.876953125 0.4236111111111111 0.017968750000000002 0.05277777777777778
0 0.822265625 0.49930555555555556 0.01953125 0.0763888888888889
0 0.849609375 0.5006944444444444 0.02109375 0.07361111111111111
0 0.703125 0.5326388888888889 0.0203125 0.07083333333333333
0 0.780859375 0.53125 0.022656250000000003 0.0763888888888889
0 0.61875 0.5402777777777777 0.0234375 0.08055555555555556
1 0.43398437500000003 0.5819444444444445 0.08359375000000001 0.08611111111111111
0 0.6359375 0.5777777777777778 0.0234375 0.09166666666666667
0 0.6878906250000001 0.5909722222222222 0.02734375 0.09583333333333334
0 0.726171875 0.6104166666666667 0.02734375 0.09027777777777778
0 0.6488281250000001 0.6159722222222223 0.025781250000000002 0.09583333333333334
