3 0.427734375 0.38819444444444445 0.06171875 0.1736111111111111
1 0.07382812500000001 0.5048611111111111 0.11640625 0.1375
1 0.63828125 0.5645833333333333 0.1046875 0.18194444444444446
0 0.84765625 0.6069444444444445 0.043750000000000004 0.1388888888888889
1 0.44062500000000004 0.6173611111111111 0.09531250000000001 0.24583333333333335
0 0.201953125 0.675 0.041406250000000006 0.13611111111111113
0 0.29531250000000003 0.6986111111111112 0.040625 0.15555555555555556
0 0.21875 0.7604166666666667 0.0421875 0.19305555555555556
1 0.44453125000000004 0.24097222222222223 0.034375 0.0625
1 0.563671875 0.35833333333333334 0.05234375 0.09166666666666667
0 0.67578125 0.3506944444444445 0.0203125 0.07083333333333333
0 0.30390625000000004 0.3888888888888889 0.0234375 0.09166666666666667
0 0.7250000000000001 0.40555555555555556 0.025 0.08055555555555556
0 0.6785156250000001 0.43680555555555556 0.03515625 0.09861111111111112
0 0.512109375 0.4673611111111111 0.025781250000000002 0.1125
0 0.2890625 0.5236111111111111 0.034375 0.11944444444444445
0 0.345703125 0.5395833333333333 0.032031250000000004 0.12361111111111112
