1 0.2546875 0.3854166666666667 0.140625 0.10694444444444445
1 0.583203125 0.44236111111111115 0.06640625 0.10972222222222222
1 0.6957031250000001 0.5034722222222222 0.08828125 0.10416666666666667
3 0.42578125 0.6722222222222223 0.11406250000000001 0.5722222222222223
0 0.125390625 0.7194444444444444 0.05234375 0.17500000000000002
1 0.7132812500000001 0.826388888888889 0.1796875 0.3055555555555556
0 0.88046875 0.8583333333333334 0.053125000000000006 0.15
0 0.590234375 0.9118055555555555 0.04609375 0.16805555555555557
0 0.1046875 0.9298611111111111 0.0578125 0.13194444444444445
3 0.539453125 0.22430555555555556 0.04296875 0.09861111111111112
1 0.55390625 0.3159722222222222 0.05 0.08194444444444444
0 0.516015625 0.43680555555555556 0.02890625 0.09861111111111112
0 0.327734375 0.4618055555555556 0.025781250000000002 0.09861111111111112
0 0.326953125 0.5708333333333333 0.02890625 0.1277777777777778
0 0.65625 0.5611111111111111 0.029687500000000002 0.11111111111111112
0 0.16757812500000002 0.6013888888888889 0.030468750000000003 0.11944444444444445
0 0.8296875 0.6201388888888889 0.034375 0.12638888888888888
0 0.74609375 0.6625 0.0390625 0.11111111111111112
0 0.7953125000000001 0.65625 0.037500000000000006 0.11805555555555557
