1 0.28515625 0.5965277777777778 0.115625 0.10972222222222222
0 0.41445312500000003 0.70625 0.049218750000000006 0.13194444444444445
0 0.47382812500000004 0.7902777777777779 0.04609375 0.14444444444444446
0 0.53515625 0.9048611111111111 0.05625 0.17083333333333334
1 0.6640625 0.30833333333333335 0.028125 0.030555555555555558
1 0.70234375 0.31319444444444444 0.026562500000000003 0.034722222222222224
1 0.6546875000000001 0.3506944444444445 0.028125 0.043055555555555555
1 0.58203125 0.3805555555555556 0.029687500000000002 0.044444444444444446
1 0.704296875 0.3770833333333333 0.030468750000000003 0.0375
0 0.843359375 0.3965277777777778 0.017968750000000002 0.043055555555555555
1 0.609375 0.40902777777777777 0.043750000000000004 0.051388888888888894
0 0.6937500000000001 0.4131944444444445 0.015625 0.04027777777777778
0 0.7210937500000001 0.40902777777777777 0.0171875 0.04861111111111111
0 0.8187500000000001 0.4083333333333333 0.0140625 0.04722222222222222
0 0.796484375 0.4277777777777778 0.01640625 0.058333333333333334
0 0.831640625 0.43680555555555556 0.014843750000000001 0.051388888888888894
0 0.747265625 0.4569444444444445 0.01953125 0.05555555555555556
0 0.81640625 0.4569444444444445 0.0171875 0.06944444444444445
0 0.6953125 0.46319444444444446 0.018750000000000003 0.051388888888888894
0 0.77890625 0.4951388888888889 0.021875000000000002 0.06527777777777778
0 0.7132812500000001 0.513888888888889 0.0203125 0.07222222222222223
0 0.8597656250000001 0.5298611111111111 0.02421875 0.08194444444444444
0 0.634765625 0.5493055555555556 0.022656250000000003 0.07916666666666666
0 0.46718750000000003 0.6173611111111111 0.03125 0.08750000000000001
0 0.54140625 0.6159722222222223 0.029687500000000002 0.09861111111111112
0 0.66015625 0.6180555555555556 0.028125 0.09444444444444444
0 0.7640625000000001 0.6451388888888889 0.029687500000000002 0.10416666666666667
0 0.33320312500000004 0.6909722222222222 0.04609375 0.11527777777777778
