0 0.7406250000000001 0.8256944444444445 0.0421875 0.15694444444444444
0 0.32421875 0.9118055555555555 0.060937500000000006 0.1763888888888889
0 0.829296875 0.9152777777777779 0.039843750000000004 0.15833333333333333
1 0.665234375 0.3145833333333333 0.030468750000000003 0.034722222222222224
1 0.60703125 0.36458333333333337 0.0328125 0.04583333333333334
0 0.71484375 0.3840277777777778 0.015625 0.04583333333333334
0 0.8625 0.4277777777777778 0.0203125 0.05
0 0.794140625 0.45416666666666666 0.01953125 0.07777777777777778
0 0.6550781250000001 0.4756944444444445 0.022656250000000003 0.07083333333333333
0 0.7332031250000001 0.4930555555555556 0.01953125 0.075
0 0.76171875 0.4916666666666667 0.0203125 0.075
0 0.708203125 0.525 0.02421875 0.07777777777777778
0 0.8625 0.5326388888888889 0.0234375 0.08472222222222223
0 0.6960937500000001 0.6006944444444444 0.029687500000000002 0.09583333333333334
0 0.516015625 0.6597222222222222 0.030468750000000003 0.10833333333333334
0 0.7214843750000001 0.6673611111111112 0.03359375 0.10138888888888889
0 0.547265625 0.6854166666666667 0.03828125 0.10972222222222222
0 0.630078125 0.732638888888889 0.03515625 0.12083333333333333
