0 0.217578125 0.5944444444444444 0.04453125 0.14166666666666666
0 0.28164062500000003 0.5909722222222222 0.04296875 0.15416666666666667
0 0.6312500000000001 0.6576388888888889 0.043750000000000004 0.1375
0 0.89453125 0.68125 0.053125000000000006 0.12916666666666668
0 0.755078125 0.7229166666666667 0.05078125 0.15972222222222224
0 0.17148437500000002 0.7402777777777778 0.05078125 0.18333333333333335
0 0.841796875 0.7368055555555556 0.05234375 0.1513888888888889
0 0.0546875 0.8194444444444445 0.06406250000000001 0.18055555555555555
0 0.39375000000000004 0.8159722222222222 0.065625 0.16805555555555557
0 0.311328125 0.43125 0.025781250000000002 0.10972222222222222
0 0.33515625000000004 0.4513888888888889 0.025 0.10555555555555556
0 0.22617187500000002 0.5034722222222222 0.032031250000000004 0.11805555555555557
0 0.044921875 0.5277777777777778 0.04453125 0.09444444444444444
0 0.80234375 0.5847222222222223 0.0390625 0.11388888888888889
0 0.7421875 0.607638888888889 0.037500000000000006 0.12083333333333333
