1 0.85546875 0.6256944444444444 0.1546875 0.12916666666666668
1 0.630078125 0.3145833333333333 0.025781250000000002 0.0375
1 0.658203125 0.31875000000000003 0.02890625 0.059722222222222225
1 0.702734375 0.32916666666666666 0.02734375 0.03333333333333333
0 0.81171875 0.3729166666666667 0.0140625 0.04861111111111111
0 0.8386718750000001 0.3763888888888889 0.014843750000000001 0.05277777777777778
1 0.5554687500000001 0.40972222222222227 0.053125000000000006 0.058333333333333334
0 0.7972656250000001 0.40625 0.017968750000000002 0.051388888888888894
0 0.7039062500000001 0.4236111111111111 0.0171875 0.05277777777777778
0 0.7328125000000001 0.425 0.018750000000000003 0.05
0 0.775390625 0.43472222222222223 0.01953125 0.05555555555555556
0 0.6687500000000001 0.45069444444444445 0.0203125 0.06805555555555556
0 0.8714843750000001 0.4513888888888889 0.02109375 0.0638888888888889
0 0.81953125 0.4729166666666667 0.021875000000000002 0.07083333333333333
0 0.7113281250000001 0.49236111111111114 0.02109375 0.06805555555555556
1 0.494921875 0.5152777777777778 0.06640625 0.07222222222222223
0 0.7117187500000001 0.5659722222222222 0.025 0.08750000000000001
