1 0.2109375 0.6868055555555556 0.1015625 0.17916666666666667
1 0.335546875 0.2743055555555556 0.03515625 0.05416666666666667
3 0.511328125 0.2743055555555556 0.047656250000000004 0.10416666666666667
0 0.2828125 0.28958333333333336 0.015625 0.0625
0 0.23945312500000002 0.31875000000000003 0.017968750000000002 0.05694444444444444
0 0.63203125 0.31180555555555556 0.0203125 0.0625
0 0.948828125 0.3145833333333333 0.05390625 0.05416666666666667
0 0.607421875 0.3451388888888889 0.02109375 0.06805555555555556
0 0.1796875 0.4340277777777778 0.018750000000000003 0.07083333333333333
0 0.058203125 0.6048611111111112 0.039843750000000004 0.10138888888888889
