1 0.35703125 0.40972222222222227 0.15625 0.1
1 0.82734375 0.40902777777777777 0.11406250000000001 0.09305555555555556
1 0.15781250000000002 0.23402777777777778 0.035937500000000004 0.04583333333333334
0 0.244140625 0.24444444444444446 0.025781250000000002 0.058333333333333334
0 0.28125 0.24305555555555555 0.026562500000000003 0.05
0 0.115234375 0.2611111111111111 0.013281250000000001 0.044444444444444446
0 0.129296875 0.2791666666666667 0.014843750000000001 0.05277777777777778
1 0.2 0.28402777777777777 0.051562500000000004 0.07083333333333333
0 0.22773437500000002 0.3402777777777778 0.02890625 0.075
0 0.150390625 0.3527777777777778 0.02421875 0.08333333333333334
