2 0.296484375 0.5791666666666667 0.11640625 0.14722222222222223
4 0.6667968750000001 0.6236111111111111 0.05078125 0.1527777777777778
1 0.16875 0.75625 0.19843750000000002 0.15416666666666667
1 0.408203125 0.7388888888888889 0.09296875 0.1277777777777778
1 0.5515625000000001 0.7319444444444445 0.0890625 0.14722222222222223
0 0.83125 0.7625000000000001 0.0421875 0.13333333333333333
0 0.32265625000000003 0.8409722222222222 0.0625 0.13194444444444445
0 0.409765625 0.8166666666666667 0.049218750000000006 0.13611111111111113
1 0.260546875 0.9479166666666667 0.14609375 0.09583333333333334
1 0.48515625 0.9291666666666667 0.125 0.13611111111111113
1 0.677734375 0.3340277777777778 0.02890625 0.04027777777777778
1 0.6058593750000001 0.3590277777777778 0.02734375 0.043055555555555555
1 0.6390625000000001 0.375 0.029687500000000002 0.05555555555555556
2 0.567578125 0.3923611111111111 0.047656250000000004 0.08194444444444444
0 0.79609375 0.3840277777777778 0.018750000000000003 0.04027777777777778
0 0.82421875 0.39722222222222225 0.0171875 0.05277777777777778
1 0.663671875 0.4104166666666667 0.047656250000000004 0.0763888888888889
0 0.7386718750000001 0.4465277777777778 0.017968750000000002 0.05416666666666667
0 0.7644531250000001 0.45208333333333334 0.017968750000000002 0.05416666666666667
0 0.80078125 0.45069444444444445 0.021875000000000002 0.04861111111111111
1 0.66796875 0.5013888888888889 0.051562500000000004 0.08333333333333334
1 0.759765625 0.5715277777777777 0.06015625 0.09305555555555556
0 0.8464843750000001 0.5909722222222222 0.025781250000000002 0.09305555555555556
0 0.563671875 0.5965277777777778 0.025781250000000002 0.09305555555555556
0 0.5984375000000001 0.5951388888888889 0.028125 0.08750000000000001
0 0.39687500000000003 0.6416666666666667 0.034375 0.07777777777777778
0 0.468359375 0.6361111111111112 0.039843750000000004 0.1
