3 0.221484375 0.27361111111111114 0.07734375 0.13611111111111113
0 0.30898437500000003 0.5319444444444444 0.041406250000000006 0.14166666666666666
0 0.286328125 0.6020833333333333 0.049218750000000006 0.1625
1 0.476171875 0.59375 0.17265625 0.23194444444444445
0 0.42421875000000003 0.820138888888889 0.07968750000000001 0.21805555555555556
1 0.122265625 0.2388888888888889 0.030468750000000003 0.036111111111111115
0 0.28125 0.24583333333333335 0.026562500000000003 0.04722222222222222
1 0.796484375 0.3111111111111111 0.07265625 0.07777777777777778
0 0.19882812500000002 0.35555555555555557 0.022656250000000003 0.08611111111111111
0 0.21796875000000002 0.4256944444444445 0.026562500000000003 0.10416666666666667
