1 0.577734375 0.55625 0.06015625 0.09861111111111112
1 0.404296875 0.5784722222222223 0.09296875 0.09861111111111112
1 0.67578125 0.5798611111111112 0.0578125 0.10416666666666667
1 0.21640625000000002 0.6472222222222223 0.125 0.1
0 0.333984375 0.7256944444444444 0.04609375 0.12083333333333333
0 0.5378906250000001 0.7972222222222223 0.041406250000000006 0.15
0 0.283984375 0.8659722222222223 0.057031250000000006 0.15972222222222224
0 0.8464843750000001 0.9291666666666667 0.041406250000000006 0.13611111111111113
3 0.6265625 0.29583333333333334 0.03125 0.06944444444444445
1 0.688671875 0.3472222222222222 0.030468750000000003 0.03888888888888889
1 0.59296875 0.42986111111111114 0.0484375 0.059722222222222225
0 0.774609375 0.4361111111111111 0.01640625 0.05555555555555556
0 0.7527343750000001 0.44583333333333336 0.017968750000000002 0.05277777777777778
0 0.8140625 0.4444444444444445 0.018750000000000003 0.05277777777777778
1 0.661328125 0.46458333333333335 0.04296875 0.06527777777777778
0 0.8546875 0.46111111111111114 0.021875000000000002 0.05277777777777778
1 0.43203125000000003 0.49444444444444446 0.078125 0.07222222222222223
0 0.72265625 0.4826388888888889 0.018750000000000003 0.06805555555555556
0 0.7800781250000001 0.5298611111111111 0.022656250000000003 0.08750000000000001
0 0.8601562500000001 0.5229166666666667 0.021875000000000002 0.0763888888888889
0 0.7671875 0.5659722222222222 0.0203125 0.08750000000000001
0 0.512890625 0.6416666666666667 0.02734375 0.09444444444444444
0 0.608984375 0.6604166666666667 0.030468750000000003 0.09861111111111112
0 0.6667968750000001 0.6694444444444445 0.02890625 0.1
0 0.40664062500000003 0.6756944444444445 0.03359375 0.10694444444444445
0 0.53515625 0.6756944444444445 0.0328125 0.09305555555555556
0 0.719921875 0.7118055555555556 0.02734375 0.12361111111111112
0 0.8425781250000001 0.7430555555555556 0.030468750000000003 0.12222222222222223
0 0.48515625 0.7805555555555556 0.037500000000000006 0.1277777777777778
