3 0.370703125 0.27083333333333337 0.05234375 0.13055555555555556
3 0.28828125 0.36041666666666666 0.0578125 0.1513888888888889
1 0.319921875 0.4666666666666667 0.06328125 0.11388888888888889
1 0.455859375 0.18333333333333335 0.03359375 0.03333333333333333
1 0.330859375 0.2743055555555556 0.03359375 0.0625
0 0.574609375 0.2763888888888889 0.01953125 0.044444444444444446
0 0.246875 0.3194444444444445 0.015625 0.05
0 0.6039062500000001 0.33958333333333335 0.0203125 0.05694444444444444
0 0.1265625 0.5243055555555556 0.025 0.07916666666666666
0 0.11601562500000001 0.6166666666666667 0.030468750000000003 0.10555555555555556
