1 0.19765625 0.41597222222222224 0.1078125 0.10694444444444445
1 0.6082031250000001 0.5020833333333333 0.10234375000000001 0.13472222222222222
0 0.56484375 0.6756944444444445 0.040625 0.14583333333333334
0 0.12109375 0.7201388888888889 0.051562500000000004 0.1625
0 0.796875 0.6979166666666667 0.0578125 0.14027777777777778
0 0.9164062500000001 0.8368055555555556 0.0625 0.18472222222222223
0 0.49062500000000003 0.9097222222222222 0.0578125 0.16666666666666669
0 0.84140625 0.9083333333333333 0.0734375 0.1638888888888889
1 0.434375 0.3368055555555556 0.05 0.09861111111111112
0 0.560546875 0.33194444444444443 0.02890625 0.08888888888888889
0 0.755859375 0.40902777777777777 0.025781250000000002 0.08194444444444444
0 0.688671875 0.47361111111111115 0.02734375 0.08888888888888889
0 0.8609375 0.4729166666666667 0.043750000000000004 0.09305555555555556
0 0.716015625 0.5875 0.039843750000000004 0.11111111111111112
