0 0.22031250000000002 0.4791666666666667 0.08125 0.18333333333333335
0 0.55234375 0.6083333333333334 0.059375000000000004 0.21666666666666667
0 0.42617187500000003 0.6222222222222222 0.07890625000000001 0.19444444444444445
0 0.253515625 0.6576388888888889 0.10078125 0.22083333333333335
0 0.6179687500000001 0.18194444444444446 0.0140625 0.05
0 0.6414062500000001 0.18194444444444446 0.0140625 0.044444444444444446
0 0.59296875 0.20625000000000002 0.0203125 0.051388888888888894
0 0.6687500000000001 0.22777777777777777 0.0171875 0.05277777777777778
0 0.5339843750000001 0.23750000000000002 0.02421875 0.06944444444444445
0 0.591015625 0.2729166666666667 0.025781250000000002 0.0763888888888889
0 0.615234375 0.30208333333333337 0.025781250000000002 0.08194444444444444
0 0.558984375 0.39375 0.032031250000000004 0.12638888888888888
