3 0.8734375000000001 0.8284722222222223 0.2546875 0.3652777777777778
3 0.555859375 0.3506944444444445 0.06328125 0.16527777777777777
1 0.6605468750000001 0.425 0.09140625000000001 0.125
0 0.45 0.6673611111111112 0.059375000000000004 0.14583333333333334
0 0.525 0.6708333333333334 0.040625 0.17222222222222222
0 0.494921875 0.795138888888889 0.05078125 0.15972222222222224
1 0.446875 0.30208333333333337 0.045312500000000006 0.10138888888888889
0 0.3140625 0.3965277777777778 0.0203125 0.08472222222222223
0 0.860546875 0.425 0.032031250000000004 0.08611111111111111
0 0.783203125 0.4729166666666667 0.02890625 0.09027777777777778
0 0.19921875 0.49375 0.0421875 0.10416666666666667
0 0.7542968750000001 0.5305555555555556 0.030468750000000003 0.10277777777777779
0 0.7156250000000001 0.6243055555555556 0.034375 0.11805555555555557
0 0.770703125 0.6361111111111112 0.03515625 0.10833333333333334
