0 0.4390625 0.7118055555555556 0.040625 0.14027777777777778
0 0.487109375 0.7944444444444445 0.04453125 0.15555555555555556
0 0.555078125 0.7972222222222223 0.039843750000000004 0.1527777777777778
0 0.657421875 0.8472222222222222 0.039843750000000004 0.16111111111111112
0 0.9578125000000001 0.8770833333333333 0.051562500000000004 0.18194444444444446
1 0.6273437500000001 0.3854166666666667 0.043750000000000004 0.051388888888888894
1 0.548046875 0.41805555555555557 0.04609375 0.05555555555555556
1 0.6843750000000001 0.4041666666666667 0.040625 0.061111111111111116
0 0.7367187500000001 0.4152777777777778 0.0171875 0.05
0 0.7734375 0.41597222222222224 0.0171875 0.04583333333333334
0 0.84375 0.41458333333333336 0.0171875 0.04861111111111111
0 0.876953125 0.41250000000000003 0.017968750000000002 0.05
0 0.864453125 0.4451388888888889 0.017968750000000002 0.04583333333333334
1 0.7093750000000001 0.47222222222222227 0.043750000000000004 0.06666666666666667
0 0.8074218750000001 0.4638888888888889 0.017968750000000002 0.04722222222222222
0 0.8226562500000001 0.48958333333333337 0.021875000000000002 0.0625
0 0.580078125 0.5277777777777778 0.025781250000000002 0.07777777777777778
0 0.634375 0.5263888888888889 0.0234375 0.08611111111111111
0 0.865234375 0.5333333333333333 0.022656250000000003 0.075
0 0.5378906250000001 0.5708333333333333 0.025781250000000002 0.09166666666666667
0 0.7722656250000001 0.5847222222222223 0.02734375 0.09166666666666667
0 0.5671875000000001 0.5993055555555555 0.025 0.09583333333333334
0 0.6609375000000001 0.6090277777777778 0.026562500000000003 0.10138888888888889
0 0.7074218750000001 0.6236111111111111 0.02890625 0.09722222222222222
0 0.42578125 0.6541666666666667 0.037500000000000006 0.09166666666666667
0 0.7859375000000001 0.6611111111111111 0.028125 0.09722222222222222
0 0.526953125 0.6979166666666667 0.03515625 0.11805555555555557
0 0.61640625 0.6993055555555556 0.034375 0.11527777777777778
