1 0.589453125 0.7527777777777778 0.09296875 0.1388888888888889
1 0.129296875 0.7895833333333334 0.20546875 0.1486111111111111
0 0.4421875 0.8409722222222222 0.05 0.15972222222222224
0 0.53046875 0.8180555555555555 0.046875 0.14722222222222223
1 0.51484375 0.9430555555555556 0.1421875 0.11666666666666667
1 0.63046875 0.3368055555555556 0.028125 0.04027777777777778
1 0.658203125 0.3597222222222222 0.030468750000000003 0.03888888888888889
1 0.523046875 0.4534722222222222 0.05390625 0.059722222222222225
0 0.7914062500000001 0.47361111111111115 0.0171875 0.06944444444444445
0 0.865234375 0.46944444444444444 0.01953125 0.06944444444444445
0 0.581640625 0.49097222222222225 0.01953125 0.06527777777777778
0 0.618359375 0.5125000000000001 0.02109375 0.08333333333333334
0 0.7453125 0.5118055555555556 0.0203125 0.0763888888888889
0 0.845703125 0.5027777777777778 0.01953125 0.06666666666666667
0 0.5574218750000001 0.5305555555555556 0.02421875 0.08611111111111111
1 0.39765625000000004 0.5395833333333333 0.0859375 0.07916666666666666
0 0.6414062500000001 0.5458333333333334 0.0234375 0.075
0 0.714453125 0.5472222222222223 0.022656250000000003 0.075
0 0.8191406250000001 0.5715277777777777 0.02421875 0.09027777777777778
0 0.73828125 0.6104166666666667 0.029687500000000002 0.09583333333333334
0 0.515625 0.6201388888888889 0.034375 0.09861111111111112
0 0.6109375 0.6277777777777778 0.03125 0.1
0 0.6722656250000001 0.6194444444444445 0.02734375 0.09444444444444444
0 0.80078125 0.6805555555555556 0.029687500000000002 0.11666666666666667
