2 0.5234375 0.5611111111111111 0.08125 0.13611111111111113
1 0.27578125000000003 0.6159722222222223 0.11093750000000001 0.10972222222222222
1 0.6117187500000001 0.6354166666666667 0.0734375 0.1125
0 0.32265625000000003 0.7729166666666667 0.05 0.13472222222222222
0 0.42304687500000004 0.8013888888888889 0.04296875 0.14444444444444446
0 0.53046875 0.7965277777777778 0.051562500000000004 0.14305555555555557
0 0.648046875 0.8416666666666667 0.039843750000000004 0.14166666666666666
0 0.09765625 0.8993055555555556 0.06406250000000001 0.15416666666666667
1 0.731640625 0.9159722222222223 0.13359375 0.16805555555555557
0 0.13789062500000002 0.9340277777777778 0.07265625 0.13472222222222222
1 0.61640625 0.34097222222222223 0.03125 0.04583333333333334
1 0.6644531250000001 0.34652777777777777 0.030468750000000003 0.04027777777777778
1 0.685546875 0.36597222222222225 0.03515625 0.04583333333333334
0 0.8421875000000001 0.4 0.0171875 0.058333333333333334
0 0.8753906250000001 0.4 0.01953125 0.058333333333333334
1 0.5750000000000001 0.43125 0.05 0.06805555555555556
0 0.776953125 0.4236111111111111 0.017968750000000002 0.05555555555555556
0 0.8558593750000001 0.45625000000000004 0.017968750000000002 0.05416666666666667
0 0.6015625 0.4729166666666667 0.0203125 0.06527777777777778
1 0.6878906250000001 0.47500000000000003 0.04296875 0.06944444444444445
0 0.833984375 0.47222222222222227 0.02109375 0.06666666666666667
1 0.661328125 0.51875 0.05234375 0.07916666666666666
1 0.6273437500000001 0.5770833333333334 0.053125000000000006 0.07083333333333333
0 0.476171875 0.6381944444444445 0.02734375 0.08472222222222223
0 0.7734375 0.6375000000000001 0.026562500000000003 0.10277777777777779
0 0.44765625000000003 0.6972222222222223 0.0390625 0.11111111111111112
0 0.35664062500000004 0.7208333333333333 0.039843750000000004 0.11388888888888889
0 0.405859375 0.74375 0.03828125 0.11527777777777778
0 0.487890625 0.7340277777777778 0.039843750000000004 0.10972222222222222
0 0.6976562500000001 0.7305555555555556 0.035937500000000004 0.11666666666666667
0 0.6062500000000001 0.757638888888889 0.0390625 0.12638888888888888
