0 0.876953125 0.5993055555555555 0.04453125 0.13472222222222222
0 0.7527343750000001 0.6597222222222222 0.04609375 0.14722222222222223
0 0.424609375 0.9097222222222222 0.047656250000000004 0.17222222222222222
1 0.3765625 0.2548611111111111 0.0328125 0.04027777777777778
0 0.574609375 0.25625000000000003 0.01953125 0.04583333333333334
1 0.31640625 0.3159722222222222 0.0421875 0.09861111111111112
0 0.215625 0.36041666666666666 0.015625 0.059722222222222225
0 0.18046875 0.4340277777777778 0.0171875 0.07083333333333333
0 0.80390625 0.5006944444444444 0.035937500000000004 0.10138888888888889
0 0.05859375 0.6027777777777777 0.0390625 0.09166666666666667
0 0.09335937500000001 0.6361111111111112 0.030468750000000003 0.11111111111111112
