0 0.319921875 0.7486111111111111 0.047656250000000004 0.1388888888888889
0 0.436328125 0.7534722222222222 0.05078125 0.13194444444444445
0 0.478125 0.8152777777777778 0.045312500000000006 0.1527777777777778
1 0.62890625 0.33194444444444443 0.028125 0.030555555555555558
1 0.667578125 0.3277777777777778 0.032031250000000004 0.030555555555555558
1 0.70625 0.3506944444444445 0.029687500000000002 0.0375
0 0.845703125 0.3791666666666667 0.01640625 0.05
1 0.56875 0.38819444444444445 0.040625 0.05694444444444444
1 0.625 0.3840277777777778 0.0421875 0.07083333333333333
0 0.7585937500000001 0.39861111111111114 0.0171875 0.0638888888888889
0 0.80234375 0.41875 0.018750000000000003 0.059722222222222225
0 0.6902343750000001 0.46458333333333335 0.01953125 0.06805555555555556
0 0.7425781250000001 0.4618055555555556 0.02109375 0.0625
0 0.7816406250000001 0.4618055555555556 0.017968750000000002 0.05416666666666667
0 0.829296875 0.4666666666666667 0.01953125 0.06666666666666667
0 0.6449218750000001 0.4840277777777778 0.02421875 0.08194444444444444
0 0.762890625 0.4840277777777778 0.017968750000000002 0.0625
1 0.501171875 0.5048611111111111 0.07265625 0.08750000000000001
0 0.7894531250000001 0.5277777777777778 0.022656250000000003 0.07777777777777778
0 0.6003906250000001 0.5506944444444445 0.025781250000000002 0.09861111111111112
0 0.727734375 0.5402777777777777 0.022656250000000003 0.08333333333333334
0 0.679296875 0.58125 0.02734375 0.09305555555555556
0 0.5613281250000001 0.607638888888889 0.02890625 0.10138888888888889
