1 0.5953125 0.8236111111111112 0.278125 0.375
1 0.8519531250000001 0.3944444444444445 0.12265625000000001 0.10555555555555556
0 0.230859375 0.5284722222222222 0.03828125 0.1486111111111111
1 0.6882812500000001 0.5534722222222223 0.0921875 0.19305555555555556
0 0.33906250000000004 0.6243055555555556 0.053125000000000006 0.19861111111111113
1 0.14453125 0.2451388888888889 0.040625 0.05694444444444444
1 0.27773437500000003 0.23194444444444445 0.04296875 0.0638888888888889
0 0.10039062500000001 0.2555555555555556 0.014843750000000001 0.05
0 0.244921875 0.25625000000000003 0.02421875 0.059722222222222225
1 0.186328125 0.33055555555555555 0.055468750000000004 0.08611111111111111
0 0.29335937500000003 0.34652777777777777 0.041406250000000006 0.08194444444444444
0 0.11679687500000001 0.37777777777777777 0.02109375 0.08055555555555556
0 0.4703125 0.3701388888888889 0.045312500000000006 0.08194444444444444
0 0.60078125 0.3875 0.043750000000000004 0.08611111111111111
0 0.195703125 0.4173611111111111 0.02734375 0.09861111111111112
0 0.6566406250000001 0.43194444444444446 0.032031250000000004 0.09166666666666667
0 0.5886718750000001 0.4916666666666667 0.030468750000000003 0.11111111111111112
