0 0.424609375 0.7222222222222222 0.039843750000000004 0.14722222222222223
0 0.529296875 0.7340277777777778 0.03828125 0.15416666666666667
0 0.4765625 0.875 0.053125000000000006 0.15555555555555556
0 0.140625 0.9034722222222222 0.0671875 0.1736111111111111
0 0.300390625 0.9111111111111111 0.049218750000000006 0.17500000000000002
0 0.328125 0.9298611111111111 0.065625 0.1513888888888889
0 0.544140625 0.9340277777777778 0.057031250000000006 0.13194444444444445
0 0.876171875 0.9347222222222222 0.04453125 0.13611111111111113
1 0.6667968750000001 0.2777777777777778 0.01953125 0.02777777777777778
1 0.7117187500000001 0.32083333333333336 0.028125 0.036111111111111115
1 0.6257812500000001 0.33333333333333337 0.034375 0.04166666666666667
0 0.8230468750000001 0.39583333333333337 0.01640625 0.04722222222222222
0 0.892578125 0.40902777777777777 0.01640625 0.051388888888888894
0 0.7507812500000001 0.4291666666666667 0.0171875 0.058333333333333334
0 0.8757812500000001 0.4451388888888889 0.0171875 0.05694444444444444
0 0.8128906250000001 0.46458333333333335 0.017968750000000002 0.0763888888888889
0 0.841796875 0.4881944444444445 0.01953125 0.0763888888888889
0 0.728125 0.5131944444444445 0.0203125 0.07916666666666666
0 0.7890625 0.5118055555555556 0.025 0.08750000000000001
0 0.753515625 0.5333333333333333 0.02109375 0.08611111111111111
0 0.859375 0.5319444444444444 0.021875000000000002 0.08333333333333334
0 0.6878906250000001 0.5472222222222223 0.02421875 0.08333333333333334
0 0.633984375 0.5618055555555556 0.022656250000000003 0.08750000000000001
0 0.606640625 0.5833333333333334 0.025781250000000002 0.09444444444444444
0 0.7015625000000001 0.5909722222222222 0.0234375 0.09305555555555556
0 0.770703125 0.5895833333333333 0.022656250000000003 0.09027777777777778
0 0.4859375 0.6 0.028125 0.09444444444444444
0 0.505859375 0.6236111111111111 0.032031250000000004 0.09444444444444444
0 0.6429687500000001 0.6180555555555556 0.028125 0.09166666666666667
0 0.8460937500000001 0.6173611111111111 0.029687500000000002 0.09861111111111112
0 0.41796875 0.6479166666666667 0.0390625 0.09305555555555556
0 0.567578125 0.6659722222222223 0.032031250000000004 0.11805555555555557
0 0.6023437500000001 0.7034722222222223 0.028125 0.10416666666666667
0 0.712109375 0.6993055555555556 0.032031250000000004 0.10972222222222222
0 0.7515625 0.7006944444444445 0.029687500000000002 0.11805555555555557
0 0.7996093750000001 0.6930555555555555 0.03515625 0.10833333333333334
