1 0.13125 0.4527777777777778 0.18125000000000002 0.10833333333333334
0 0.77265625 0.5298611111111111 0.053125000000000006 0.10694444444444445
0 0.25390625 0.5645833333333333 0.065625 0.10416666666666667
0 0.33906250000000004 0.5493055555555556 0.07187500000000001 0.10694444444444445
0 0.18515625000000002 0.5875 0.06875 0.11111111111111112
0 0.563671875 0.5791666666666667 0.05859375 0.10833333333333334
0 0.31289062500000003 0.6201388888888889 0.07265625 0.11527777777777778
0 0.43085937500000004 0.63125 0.06796875000000001 0.10694444444444445
0 0.6671875 0.6173611111111111 0.053125000000000006 0.12083333333333333
0 0.29921875000000003 0.32083333333333336 0.018750000000000003 0.075
0 0.6316406250000001 0.3180555555555556 0.02109375 0.06666666666666667
0 0.427734375 0.35347222222222224 0.030468750000000003 0.0763888888888889
0 0.3671875 0.3979166666666667 0.0484375 0.07916666666666666
0 0.280078125 0.40972222222222227 0.04453125 0.06666666666666667
0 0.8625 0.42638888888888893 0.035937500000000004 0.08611111111111111
0 0.416015625 0.5263888888888889 0.049218750000000006 0.08611111111111111
0 0.490234375 0.5576388888888889 0.07421875 0.07916666666666666
0 0.7117187500000001 0.5638888888888889 0.045312500000000006 0.09444444444444444
