1 0.455859375 0.53125 0.12109375 0.15416666666666667
0 0.21328125 0.5527777777777778 0.06406250000000001 0.11111111111111112
0 0.10898437500000001 0.6062500000000001 0.07734375 0.11527777777777778
0 0.19492187500000002 0.6465277777777778 0.07109375 0.13194444444444445
0 0.35000000000000003 0.6770833333333334 0.0625 0.1375
0 0.44140625 0.6638888888888889 0.043750000000000004 0.14444444444444446
0 0.275390625 0.70625 0.07265625 0.12916666666666668
0 0.039843750000000004 0.7340277777777778 0.0734375 0.11805555555555557
0 0.15000000000000002 0.7361111111111112 0.0859375 0.13333333333333333
0 0.13984375000000002 0.5437500000000001 0.06406250000000001 0.06805555555555556
0 0.38515625000000003 0.5895833333333333 0.037500000000000006 0.12083333333333333
