1 0.6039062500000001 0.5243055555555556 0.0859375 0.13472222222222222
0 0.14140625 0.6027777777777777 0.0390625 0.1527777777777778
0 0.19453125000000002 0.5951388888888889 0.040625 0.15972222222222224
0 0.45859375 0.6097222222222223 0.040625 0.13333333333333333
0 0.40937500000000004 0.6666666666666667 0.0328125 0.18055555555555555
1 0.759765625 0.6618055555555555 0.13671875 0.19861111111111113
0 0.852734375 0.6847222222222222 0.04453125 0.1388888888888889
0 0.36171875000000003 0.7041666666666667 0.0390625 0.18055555555555555
0 0.109765625 0.7631944444444445 0.05390625 0.18194444444444446
0 0.20468750000000002 0.7881944444444444 0.045312500000000006 0.19583333333333333
0 0.393359375 0.8763888888888889 0.04609375 0.2
1 0.451953125 0.23958333333333334 0.030468750000000003 0.059722222222222225
1 0.548828125 0.26944444444444443 0.03671875 0.061111111111111116
1 0.455859375 0.29444444444444445 0.05234375 0.075
0 0.5984375000000001 0.2923611111111111 0.015625 0.04861111111111111
0 0.6238281250000001 0.33819444444444446 0.017968750000000002 0.059722222222222225
0 0.408984375 0.36736111111111114 0.017968750000000002 0.0763888888888889
0 0.366015625 0.4138888888888889 0.022656250000000003 0.08611111111111111
0 0.8597656250000001 0.42638888888888893 0.03359375 0.08611111111111111
0 0.685546875 0.4534722222222222 0.02734375 0.07916666666666666
0 0.720703125 0.44583333333333336 0.02734375 0.07222222222222223
0 0.381640625 0.49375 0.02734375 0.10694444444444445
0 0.47109375000000003 0.48680555555555555 0.026562500000000003 0.10972222222222222
0 0.3046875 0.5118055555555556 0.028125 0.11527777777777778
0 0.74140625 0.5131944444444445 0.0390625 0.09027777777777778
0 0.251953125 0.5243055555555556 0.02734375 0.12083333333333333
0 0.3296875 0.55 0.029687500000000002 0.10277777777777779
0 0.272265625 0.5805555555555556 0.030468750000000003 0.125
