1 0.41328125000000004 0.5715277777777777 0.09843750000000001 0.10694444444444445
0 0.24765625000000002 0.7333333333333334 0.046875 0.1277777777777778
0 0.30078125 0.7923611111111112 0.0484375 0.14305555555555557
0 0.509765625 0.7854166666666667 0.05234375 0.13194444444444445
0 0.609375 0.8319444444444445 0.0421875 0.15
0 0.50390625 0.8916666666666667 0.051562500000000004 0.15833333333333333
0 0.59140625 0.9458333333333334 0.060937500000000006 0.1
1 0.6703125000000001 0.3027777777777778 0.028125 0.03888888888888889
1 0.6984375 0.33263888888888893 0.03125 0.0375
0 0.828125 0.3277777777777778 0.0140625 0.030555555555555558
0 0.80859375 0.35555555555555557 0.0140625 0.04166666666666667
0 0.8250000000000001 0.39722222222222225 0.0171875 0.03888888888888889
1 0.540234375 0.4173611111111111 0.05078125 0.06527777777777778
1 0.6683593750000001 0.40347222222222223 0.04296875 0.05416666666666667
0 0.765234375 0.4131944444444445 0.017968750000000002 0.05694444444444444
0 0.792578125 0.41250000000000003 0.017968750000000002 0.04722222222222222
0 0.8609375 0.40972222222222227 0.018750000000000003 0.044444444444444446
1 0.58984375 0.4326388888888889 0.040625 0.05694444444444444
0 0.8347656250000001 0.43125 0.01640625 0.04861111111111111
0 0.80234375 0.4513888888888889 0.0171875 0.05555555555555556
1 0.47578125000000004 0.4756944444444445 0.059375000000000004 0.06527777777777778
0 0.7453125 0.46458333333333335 0.0171875 0.05694444444444444
0 0.826171875 0.46875 0.017968750000000002 0.05416666666666667
0 0.875 0.4701388888888889 0.021875000000000002 0.06527777777777778
0 0.6257812500000001 0.48194444444444445 0.018750000000000003 0.075
0 0.60546875 0.5048611111111111 0.0203125 0.07916666666666666
1 0.68515625 0.5090277777777777 0.046875 0.08194444444444444
0 0.6664062500000001 0.5659722222222222 0.021875000000000002 0.09305555555555556
0 0.701171875 0.5722222222222223 0.02109375 0.1
0 0.77265625 0.5916666666666667 0.021875000000000002 0.08888888888888889
0 0.65390625 0.6666666666666667 0.0328125 0.10555555555555556
0 0.630078125 0.7375 0.03359375 0.11666666666666667
