2 0.560546875 0.19652777777777777 0.055468750000000004 0.11805555555555557
2 0.45039062500000004 0.2604166666666667 0.041406250000000006 0.13472222222222222
2 0.610546875 0.2916666666666667 0.09609375 0.14444444444444446
3 0.5796875 0.45 0.10312500000000001 0.23333333333333334
2 0.7191406250000001 0.5041666666666667 0.15859375 0.33055555555555555
0 0.316015625 0.6180555555555556 0.039843750000000004 0.14722222222222223
0 0.13125 0.6715277777777778 0.051562500000000004 0.1625
0 0.187890625 0.6847222222222222 0.04609375 0.16666666666666669
0 0.25078125 0.7451388888888889 0.046875 0.18472222222222223
0 0.10078125 0.8652777777777778 0.05 0.22222222222222224
0 0.15000000000000002 0.9 0.059375000000000004 0.21666666666666667
0 0.30976562500000004 0.5083333333333333 0.030468750000000003 0.09722222222222222
0 0.385546875 0.5020833333333333 0.04453125 0.09305555555555556
0 0.185546875 0.5444444444444445 0.03359375 0.10277777777777779
0 0.5015625 0.5708333333333333 0.03125 0.11944444444444445
0 0.409765625 0.6451388888888889 0.03515625 0.12638888888888888
0 0.8601562500000001 0.6555555555555556 0.040625 0.11666666666666667
