3 0.4421875 0.4076388888888889 0.0671875 0.2125
3 0.60703125 0.5423611111111112 0.1078125 0.22916666666666669
1 0.70625 0.5493055555555556 0.09531250000000001 0.13194444444444445
0 0.14179687500000002 0.7479166666666667 0.049218750000000006 0.17083333333333334
0 0.5339843750000001 0.20555555555555557 0.01171875 0.03888888888888889
0 0.39179687500000004 0.41111111111111115 0.02109375 0.08333333333333334
0 0.703125 0.43472222222222223 0.028125 0.08055555555555556
0 0.775 0.5020833333333333 0.034375 0.07916666666666666
0 0.362109375 0.525 0.030468750000000003 0.11388888888888889
0 0.7839843750000001 0.545138888888889 0.03515625 0.10416666666666667
0 0.8421875000000001 0.5805555555555556 0.035937500000000004 0.10833333333333334
0 0.241015625 0.6013888888888889 0.03359375 0.13055555555555556
0 0.30781250000000004 0.6062500000000001 0.029687500000000002 0.12361111111111112
0 0.8167968750000001 0.6277777777777778 0.03359375 0.10833333333333334
