1 0.3796875 0.6159722222222223 0.109375 0.09583333333333334
1 0.058203125 0.7729166666666667 0.12421875 0.14583333333333334
0 0.31757812500000004 0.7722222222222223 0.047656250000000004 0.13611111111111113
0 0.529296875 0.8 0.047656250000000004 0.1388888888888889
0 0.2265625 0.9 0.0671875 0.17500000000000002
1 0.637890625 0.2833333333333333 0.022656250000000003 0.044444444444444446
0 0.8542968750000001 0.44583333333333336 0.01953125 0.0638888888888889
0 0.625 0.4729166666666667 0.0203125 0.06527777777777778
0 0.783203125 0.4861111111111111 0.022656250000000003 0.075
0 0.769140625 0.5326388888888889 0.022656250000000003 0.08194444444444444
0 0.8359375 0.5277777777777778 0.021875000000000002 0.07222222222222223
1 0.3984375 0.5381944444444444 0.07968750000000001 0.06805555555555556
0 0.70625 0.5798611111111112 0.026562500000000003 0.08472222222222223
0 0.6121093750000001 0.6111111111111112 0.02890625 0.10833333333333334
0 0.6667968750000001 0.6409722222222223 0.02734375 0.08750000000000001
0 0.404296875 0.6791666666666667 0.032031250000000004 0.1
0 0.7308593750000001 0.6993055555555556 0.032031250000000004 0.10972222222222222
0 0.4296875 0.7305555555555556 0.040625 0.125
