3 0.36015625 0.31666666666666665 0.06875 0.16111111111111112
3 0.5125000000000001 0.31527777777777777 0.11406250000000001 0.2388888888888889
3 0.28125 0.3715277777777778 0.060937500000000006 0.16805555555555557
1 0.618359375 0.3597222222222222 0.06640625 0.09444444444444444
1 0.380859375 0.8381944444444445 0.15859375 0.27083333333333337
0 0.5710937500000001 0.25069444444444444 0.015625 0.04027777777777778
0 0.73984375 0.4104166666666667 0.029687500000000002 0.08194444444444444
0 0.23125 0.46597222222222223 0.0234375 0.07916666666666666
0 0.16757812500000002 0.4826388888888889 0.022656250000000003 0.08472222222222223
0 0.11015625000000001 0.5333333333333333 0.028125 0.11111111111111112
0 0.424609375 0.5666666666666667 0.03359375 0.09722222222222222
0 0.06953125 0.5979166666666667 0.034375 0.09861111111111112
