1 0.546875 0.36875 0.0578125 0.10138888888888889
0 0.8875000000000001 0.6062500000000001 0.043750000000000004 0.14305555555555557
0 0.8269531250000001 0.6798611111111111 0.04296875 0.15694444444444444
1 0.45703125 0.24722222222222223 0.0328125 0.06666666666666667
0 0.8609375 0.42430555555555555 0.034375 0.0763888888888889
0 0.61640625 0.4444444444444445 0.0234375 0.09166666666666667
0 0.681640625 0.45069444444444445 0.02890625 0.09861111111111112
0 0.7265625 0.44583333333333336 0.028125 0.10277777777777779
0 0.12617187500000002 0.4701388888888889 0.06796875000000001 0.07083333333333333
0 0.328125 0.5326388888888889 0.035937500000000004 0.10972222222222222
