3 0.58828125 0.28750000000000003 0.07187500000000001 0.11944444444444445
1 0.451171875 0.30972222222222223 0.05390625 0.11111111111111112
0 0.427734375 0.5229166666666667 0.04453125 0.12638888888888888
0 0.7140625 0.607638888888889 0.040625 0.14305555555555557
0 0.48203125 0.6472222222222223 0.046875 0.13611111111111113
0 0.8093750000000001 0.6333333333333333 0.043750000000000004 0.13611111111111113
0 0.7605468750000001 0.7243055555555555 0.047656250000000004 0.1513888888888889
0 0.14296875 0.7479166666666667 0.0421875 0.1763888888888889
0 0.400390625 0.7763888888888889 0.03828125 0.19722222222222224
0 0.49609375 0.795138888888889 0.040625 0.16805555555555557
0 0.017578125 0.8215277777777779 0.03671875 0.1763888888888889
1 0.54140625 0.35000000000000003 0.051562500000000004 0.09444444444444444
0 0.22617187500000002 0.36944444444444446 0.04296875 0.08055555555555556
0 0.12617187500000002 0.39375 0.047656250000000004 0.07361111111111111
0 0.33125000000000004 0.3902777777777778 0.018750000000000003 0.08333333333333334
0 0.6484375 0.43194444444444446 0.028125 0.09166666666666667
0 0.6976562500000001 0.4527777777777778 0.026562500000000003 0.09166666666666667
0 0.61640625 0.46597222222222223 0.028125 0.09861111111111112
0 0.291796875 0.4916666666666667 0.032031250000000004 0.11666666666666667
0 0.6734375 0.5208333333333334 0.03125 0.10555555555555556
0 0.2 0.5486111111111112 0.0328125 0.09444444444444444
