1 0.6296875000000001 0.7180555555555556 0.0890625 0.1388888888888889
1 0.10898437500000001 0.7840277777777778 0.15546875000000002 0.14583333333333334
1 0.47734375 0.7708333333333334 0.0921875 0.15
0 0.49453125000000003 0.8583333333333334 0.0625 0.14444444444444446
0 0.6023437500000001 0.8569444444444445 0.05 0.1638888888888889
0 0.8187500000000001 0.85 0.035937500000000004 0.1638888888888889
1 0.6273437500000001 0.3236111111111111 0.026562500000000003 0.04722222222222222
1 0.6863281250000001 0.33125 0.03671875 0.0375
0 0.735546875 0.3979166666666667 0.014843750000000001 0.051388888888888894
0 0.878125 0.44375000000000003 0.0203125 0.06805555555555556
1 0.644140625 0.4715277777777778 0.049218750000000006 0.0625
1 0.7609375 0.46111111111111114 0.0421875 0.075
0 0.843359375 0.49236111111111114 0.022656250000000003 0.08194444444444444
0 0.6492187500000001 0.5277777777777778 0.025 0.08611111111111111
0 0.6000000000000001 0.5520833333333334 0.0234375 0.08750000000000001
0 0.560546875 0.5590277777777778 0.02421875 0.08472222222222223
0 0.736328125 0.5673611111111111 0.022656250000000003 0.09027777777777778
0 0.819921875 0.5868055555555556 0.025781250000000002 0.08750000000000001
0 0.533203125 0.6145833333333334 0.030468750000000003 0.09861111111111112
0 0.69296875 0.6173611111111111 0.028125 0.09305555555555556
0 0.784765625 0.6486111111111111 0.02890625 0.11111111111111112
0 0.456640625 0.6590277777777778 0.03828125 0.10138888888888889
0 0.8425781250000001 0.65625 0.03359375 0.10416666666666667
0 0.33242187500000003 0.69375 0.041406250000000006 0.10416666666666667
0 0.8285156250000001 0.7513888888888889 0.030468750000000003 0.11388888888888889
