1 0.28984375 0.5854166666666667 0.10625000000000001 0.10138888888888889
1 0.648046875 0.6354166666666667 0.07421875 0.09861111111111112
0 0.244921875 0.7111111111111111 0.049218750000000006 0.1277777777777778
1 0.375 0.7097222222222223 0.11406250000000001 0.15555555555555556
1 0.501171875 0.7048611111111112 0.11015625000000001 0.1763888888888889
0 0.46328125000000003 0.8520833333333334 0.05 0.15416666666666667
0 0.36250000000000004 0.8902777777777778 0.05625 0.16666666666666669
0 0.580078125 0.8868055555555556 0.039843750000000004 0.16527777777777777
0 0.8675781250000001 0.9395833333333333 0.05234375 0.11805555555555557
0 0.8113281250000001 0.39166666666666666 0.014843750000000001 0.04166666666666667
0 0.7191406250000001 0.41805555555555557 0.01953125 0.05
0 0.78828125 0.4104166666666667 0.018750000000000003 0.04861111111111111
0 0.8343750000000001 0.41805555555555557 0.0203125 0.05277777777777778
1 0.597265625 0.4256944444444445 0.047656250000000004 0.0625
1 0.48554687500000004 0.46875 0.06484375 0.07083333333333333
0 0.743359375 0.4756944444444445 0.01953125 0.05694444444444444
0 0.8078125 0.46944444444444444 0.018750000000000003 0.05277777777777778
0 0.6980468750000001 0.48194444444444445 0.02109375 0.0638888888888889
0 0.85078125 0.48333333333333334 0.021875000000000002 0.06666666666666667
0 0.8140625 0.5104166666666667 0.021875000000000002 0.07361111111111111
0 0.51875 0.5340277777777778 0.026562500000000003 0.07361111111111111
0 0.7859375000000001 0.5381944444444444 0.0203125 0.07361111111111111
0 0.56796875 0.5618055555555556 0.029687500000000002 0.08472222222222223
0 0.8285156250000001 0.5673611111111111 0.02421875 0.07916666666666666
0 0.48203125 0.5833333333333334 0.029687500000000002 0.08611111111111111
0 0.846875 0.6034722222222223 0.025 0.09027777777777778
0 0.330078125 0.6590277777777778 0.030468750000000003 0.10138888888888889
0 0.76953125 0.6965277777777779 0.025 0.10138888888888889
0 0.82734375 0.6951388888888889 0.028125 0.10138888888888889
0 0.70234375 0.7444444444444445 0.025 0.1277777777777778
0 0.650390625 0.7722222222222223 0.02890625 0.1277777777777778
0 0.841796875 0.7763888888888889 0.02890625 0.11944444444444445
0 0.7890625 0.795138888888889 0.03125 0.12638888888888888
0 0.60859375 0.9520833333333334 0.045312500000000006 0.09305555555555556
