0 0.296875 0.7826388888888889 0.051562500000000004 0.15416666666666667
0 0.36250000000000004 0.8013888888888889 0.046875 0.15555555555555556
0 0.44140625 0.8208333333333334 0.0484375 0.16111111111111112
0 0.6019531250000001 0.8972222222222223 0.05078125 0.18611111111111112
1 0.7035156250000001 0.32916666666666666 0.02890625 0.030555555555555558
0 0.8343750000000001 0.3541666666666667 0.0140625 0.044444444444444446
0 0.73203125 0.37083333333333335 0.0125 0.05
0 0.7515625 0.3944444444444445 0.0140625 0.05277777777777778
0 0.8171875000000001 0.39375 0.0171875 0.05694444444444444
0 0.849609375 0.39722222222222225 0.017968750000000002 0.05
0 0.7738281250000001 0.4236111111111111 0.017968750000000002 0.05277777777777778
1 0.48164062500000004 0.46319444444444446 0.06171875 0.07083333333333333
0 0.6121093750000001 0.4701388888888889 0.02109375 0.0625
0 0.665625 0.49930555555555556 0.0234375 0.0763888888888889
1 0.7507812500000001 0.5006944444444444 0.046875 0.08194444444444444
0 0.5421875 0.5319444444444444 0.025 0.07777777777777778
0 0.7992187500000001 0.5298611111111111 0.021875000000000002 0.07916666666666666
0 0.8546875 0.5229166666666667 0.0234375 0.07916666666666666
0 0.71640625 0.58125 0.021875000000000002 0.09583333333333334
0 0.7601562500000001 0.5861111111111111 0.021875000000000002 0.08888888888888889
0 0.5078125 0.6062500000000001 0.03125 0.09027777777777778
0 0.494921875 0.6486111111111111 0.03515625 0.12222222222222223
0 0.596875 0.6375000000000001 0.03125 0.1
0 0.6511718750000001 0.7020833333333334 0.03359375 0.10694444444444445
0 0.75546875 0.701388888888889 0.034375 0.11944444444444445
