2 0.342578125 0.3236111111111111 0.06796875000000001 0.13333333333333333
1 0.5710937500000001 0.3763888888888889 0.065625 0.10277777777777779
1 0.07187500000000001 0.47847222222222224 0.146875 0.09861111111111112
4 0.74140625 0.5319444444444444 0.07500000000000001 0.18611111111111112
1 0.22226562500000002 0.56875 0.16640625 0.1763888888888889
1 0.44648437500000004 0.5493055555555556 0.09140625000000001 0.15694444444444444
0 0.4921875 0.7069444444444445 0.040625 0.15555555555555556
0 0.8304687500000001 0.6986111111111112 0.05 0.14166666666666666
1 0.39687500000000003 0.7569444444444444 0.1859375 0.25833333333333336
0 0.861328125 0.8395833333333333 0.047656250000000004 0.15694444444444444
1 0.52734375 0.31319444444444444 0.07968750000000001 0.05694444444444444
0 0.416015625 0.3576388888888889 0.01640625 0.08472222222222223
0 0.35273437500000004 0.4277777777777778 0.022656250000000003 0.08055555555555556
0 0.70234375 0.4277777777777778 0.0203125 0.07777777777777778
0 0.38515625000000003 0.4743055555555556 0.025 0.10416666666666667
0 0.63671875 0.47222222222222227 0.025 0.10555555555555556
0 0.49257812500000003 0.48194444444444445 0.03359375 0.1
0 0.861328125 0.49097222222222225 0.047656250000000004 0.09861111111111112
0 0.30976562500000004 0.5118055555555556 0.025781250000000002 0.10694444444444445
0 0.36640625000000004 0.5583333333333333 0.029687500000000002 0.11944444444444445
0 0.428515625 0.6201388888888889 0.032031250000000004 0.10972222222222222
