2 0.8777343750000001 0.2548611111111111 0.15234375 0.10694444444444445
3 0.5007812500000001 0.35000000000000003 0.0890625 0.28055555555555556
1 0.6414062500000001 0.6409722222222223 0.115625 0.15972222222222224
0 0.816015625 0.6972222222222223 0.04453125 0.16111111111111112
0 0.36054687500000004 0.27847222222222223 0.017968750000000002 0.043055555555555555
0 0.641796875 0.3041666666666667 0.017968750000000002 0.05555555555555556
0 0.9242187500000001 0.3076388888888889 0.029687500000000002 0.0625
0 0.416015625 0.3375 0.017968750000000002 0.058333333333333334
0 0.757421875 0.3729166666666667 0.02890625 0.07916666666666666
0 0.101953125 0.5284722222222222 0.02890625 0.09583333333333334
