1 0.55078125 0.5861111111111111 0.09531250000000001 0.11111111111111112
1 0.465625 0.7597222222222223 0.13593750000000002 0.1638888888888889
0 0.59609375 0.7479166666666667 0.0390625 0.14305555555555557
0 0.6640625 0.3902777777777778 0.0203125 0.044444444444444446
0 0.701171875 0.38958333333333334 0.017968750000000002 0.043055555555555555
0 0.73359375 0.41111111111111115 0.021875000000000002 0.05
1 0.27382812500000003 0.4479166666666667 0.06171875 0.05694444444444444
0 0.7000000000000001 0.5479166666666667 0.0234375 0.0763888888888889
0 0.821875 0.5798611111111112 0.026562500000000003 0.07361111111111111
0 0.669921875 0.5993055555555555 0.02734375 0.09027777777777778
0 0.628125 0.6291666666666667 0.028125 0.10555555555555556
0 0.7664062500000001 0.6291666666666667 0.026562500000000003 0.1
0 0.8500000000000001 0.6270833333333333 0.028125 0.10416666666666667
0 0.718359375 0.6958333333333334 0.030468750000000003 0.12222222222222223
