1 0.3328125 0.5618055555555556 0.084375 0.09305555555555556
1 0.609375 0.6097222222222223 0.0734375 0.11388888888888889
1 0.376953125 0.8027777777777778 0.14140625 0.2138888888888889
0 0.810546875 0.7979166666666667 0.039843750000000004 0.1486111111111111
0 0.7738281250000001 0.89375 0.039843750000000004 0.16805555555555557
1 0.6359375 0.2902777777777778 0.026562500000000003 0.03333333333333333
1 0.52890625 0.3472222222222222 0.0390625 0.04722222222222222
0 0.69921875 0.37986111111111115 0.0140625 0.04583333333333334
0 0.851171875 0.36736111111111114 0.017968750000000002 0.04027777777777778
0 0.880078125 0.36944444444444446 0.01640625 0.04722222222222222
0 0.721875 0.39305555555555555 0.0171875 0.05277777777777778
1 0.6042968750000001 0.41805555555555557 0.05234375 0.05555555555555556
0 0.7515625 0.4131944444444445 0.018750000000000003 0.04861111111111111
0 0.782421875 0.40972222222222227 0.01640625 0.04722222222222222
0 0.82421875 0.43680555555555556 0.0203125 0.059722222222222225
0 0.706640625 0.4444444444444445 0.01953125 0.05277777777777778
0 0.8015625000000001 0.4465277777777778 0.018750000000000003 0.05416666666666667
1 0.541015625 0.46597222222222223 0.07109375 0.09027777777777778
0 0.776953125 0.46597222222222223 0.017968750000000002 0.06805555555555556
0 0.874609375 0.4625 0.02109375 0.0638888888888889
1 0.6082031250000001 0.49444444444444446 0.055468750000000004 0.07777777777777778
0 0.757421875 0.4951388888888889 0.01953125 0.07361111111111111
0 0.8539062500000001 0.5041666666666667 0.0203125 0.06944444444444445
0 0.528515625 0.5618055555555556 0.02890625 0.08472222222222223
0 0.73828125 0.5784722222222223 0.021875000000000002 0.08472222222222223
0 0.814453125 0.6041666666666667 0.02421875 0.09722222222222222
0 0.712890625 0.6541666666666667 0.030468750000000003 0.10555555555555556
0 0.7855468750000001 0.6548611111111111 0.025781250000000002 0.10416666666666667
0 0.605078125 0.6798611111111111 0.030468750000000003 0.11527777777777778
0 0.8171875000000001 0.6833333333333333 0.026562500000000003 0.11944444444444445
