1 0.08281250000000001 0.7208333333333333 0.15000000000000002 0.13333333333333333
1 0.224609375 0.7444444444444445 0.16796875 0.17500000000000002
0 0.40703125 0.8118055555555556 0.0484375 0.15972222222222224
0 0.5613281250000001 0.8381944444444445 0.04453125 0.14583333333333334
0 0.9574218750000001 0.8756944444444444 0.055468750000000004 0.1875
1 0.6609375000000001 0.2611111111111111 0.034375 0.04722222222222222
1 0.610546875 0.3493055555555556 0.03359375 0.0375
0 0.8703125 0.3736111111111111 0.0171875 0.044444444444444446
1 0.62421875 0.3909722222222222 0.040625 0.06527777777777778
0 0.7761718750000001 0.39722222222222225 0.014843750000000001 0.05277777777777778
0 0.7937500000000001 0.3965277777777778 0.015625 0.04861111111111111
0 0.7375 0.40972222222222227 0.0171875 0.058333333333333334
0 0.755078125 0.40347222222222223 0.014843750000000001 0.05416666666666667
0 0.684765625 0.4375 0.01640625 0.058333333333333334
1 0.559765625 0.45763888888888893 0.055468750000000004 0.06805555555555556
0 0.8148437500000001 0.45208333333333334 0.018750000000000003 0.06805555555555556
0 0.702734375 0.4729166666666667 0.017968750000000002 0.07083333333333333
1 0.42421875000000003 0.5111111111111112 0.06875 0.07222222222222223
0 0.7542968750000001 0.5208333333333334 0.02421875 0.08055555555555556
0 0.80859375 0.5895833333333333 0.025 0.09305555555555556
0 0.6824218750000001 0.6055555555555556 0.02421875 0.08888888888888889
0 0.5593750000000001 0.6152777777777778 0.029687500000000002 0.09444444444444444
0 0.7074218750000001 0.6479166666666667 0.02734375 0.10416666666666667
0 0.6179687500000001 0.6625 0.029687500000000002 0.11111111111111112
0 0.419921875 0.6840277777777778 0.03671875 0.1125
0 0.46484375 0.6972222222222223 0.0390625 0.11388888888888889
0 0.51953125 0.7034722222222223 0.035937500000000004 0.1125
0 0.577734375 0.74375 0.03671875 0.11805555555555557
