0 0.45742187500000003 0.5479166666666667 0.06171875 0.1875
0 0.54453125 0.5958333333333333 0.053125000000000006 0.18333333333333335
0 0.67109375 0.21875 0.015625 0.04583333333333334
0 0.542578125 0.23680555555555557 0.01953125 0.06527777777777778
0 0.603125 0.26180555555555557 0.021875000000000002 0.06805555555555556
0 0.494140625 0.27361111111111114 0.025781250000000002 0.0638888888888889
0 0.657421875 0.2729166666666667 0.01953125 0.07361111111111111
0 0.6214843750000001 0.31736111111111115 0.02734375 0.08472222222222223
0 0.583203125 0.41111111111111115 0.03359375 0.12222222222222223
0 0.654296875 0.4486111111111111 0.032031250000000004 0.11666666666666667
0 0.6804687500000001 0.4729166666666667 0.0328125 0.12361111111111112
