0 0.77109375 0.5909722222222222 0.0578125 0.10972222222222222
0 0.030468750000000003 0.6340277777777779 0.0546875 0.12361111111111112
0 0.13671875 0.6354166666666667 0.08750000000000001 0.10138888888888889
0 0.392578125 0.6201388888888889 0.06171875 0.12638888888888888
0 0.0703125 0.7381944444444445 0.07187500000000001 0.11805555555555557
1 0.444921875 0.22013888888888888 0.030468750000000003 0.06527777777777778
0 0.3484375 0.3909722222222222 0.043750000000000004 0.0625
0 0.33242187500000003 0.5055555555555555 0.06328125 0.07777777777777778
0 0.2515625 0.5243055555555556 0.07968750000000001 0.06527777777777778
0 0.66953125 0.53125 0.040625 0.10138888888888889
0 0.734375 0.5652777777777778 0.043750000000000004 0.10277777777777779
