2 0.31367187500000004 0.6326388888888889 0.22578125000000002 0.25416666666666665
0 0.47968750000000004 0.7881944444444444 0.043750000000000004 0.15694444444444444
0 0.7000000000000001 0.7923611111111112 0.035937500000000004 0.15416666666666667
0 0.817578125 0.8104166666666667 0.039843750000000004 0.15694444444444444
0 0.20859375000000002 0.9402777777777778 0.0859375 0.11666666666666667
1 0.6957031250000001 0.27708333333333335 0.02890625 0.02638888888888889
1 0.62890625 0.3354166666666667 0.03125 0.043055555555555555
1 0.667578125 0.3340277777777778 0.02734375 0.04027777777777778
0 0.804296875 0.3576388888888889 0.01640625 0.043055555555555555
0 0.8328125000000001 0.3506944444444445 0.015625 0.043055555555555555
0 0.7464843750000001 0.3784722222222222 0.014843750000000001 0.043055555555555555
0 0.7828125 0.39583333333333337 0.0171875 0.05
0 0.8601562500000001 0.38472222222222224 0.0171875 0.04722222222222222
1 0.562890625 0.4104166666666667 0.04296875 0.05416666666666667
0 0.724609375 0.40972222222222227 0.017968750000000002 0.05
0 0.814453125 0.41597222222222224 0.01953125 0.059722222222222225
0 0.67109375 0.4388888888888889 0.021875000000000002 0.05555555555555556
0 0.692578125 0.44930555555555557 0.01953125 0.05416666666666667
0 0.757421875 0.4708333333333333 0.017968750000000002 0.07222222222222223
0 0.7921875 0.4756944444444445 0.0203125 0.06527777777777778
0 0.719921875 0.48194444444444445 0.02109375 0.06666666666666667
0 0.6746093750000001 0.5194444444444445 0.022656250000000003 0.075
0 0.723828125 0.5868055555555556 0.02734375 0.09027777777777778
0 0.662109375 0.6069444444444445 0.02734375 0.10555555555555556
0 0.7738281250000001 0.6444444444444445 0.025781250000000002 0.11666666666666667
0 0.591796875 0.6618055555555555 0.032031250000000004 0.1125
0 0.726171875 0.6847222222222222 0.032031250000000004 0.11666666666666667
0 0.437109375 0.7361111111111112 0.03828125 0.125
0 0.876953125 0.9534722222222223 0.05078125 0.09027777777777778
