2 0.625 0.4451388888888889 0.31093750000000003 0.24027777777777778
3 0.9656250000000001 0.27361111111111114 0.0625 0.13611111111111113
0 0.9378906250000001 0.8118055555555556 0.06171875 0.14583333333333334
1 0.36250000000000004 0.26458333333333334 0.037500000000000006 0.051388888888888894
0 0.607421875 0.2548611111111111 0.01640625 0.04583333333333334
0 0.7953125000000001 0.2826388888888889 0.0203125 0.05694444444444444
0 0.27968750000000003 0.31736111111111115 0.018750000000000003 0.05416666666666667
0 0.428515625 0.39305555555555555 0.030468750000000003 0.06944444444444445
0 0.78046875 0.6583333333333333 0.035937500000000004 0.125
0 0.984375 0.7173611111111111 0.028125 0.14027777777777778
