1 0.6984375 0.8868055555555556 0.21250000000000002 0.20694444444444446
1 0.607421875 0.41944444444444445 0.07578125000000001 0.11944444444444445
1 0.39375000000000004 0.48888888888888893 0.0890625 0.14166666666666666
1 0.5046875000000001 0.5180555555555556 0.10312500000000001 0.13611111111111113
0 0.2265625 0.6111111111111112 0.040625 0.15
0 0.483203125 0.7083333333333334 0.047656250000000004 0.14722222222222223
0 0.08515625 0.8361111111111111 0.0546875 0.18888888888888888
0 0.18359375 0.8368055555555556 0.046875 0.20694444444444446
0 0.7078125000000001 0.4715277777777778 0.029687500000000002 0.10416666666666667
0 0.53359375 0.6256944444444444 0.03125 0.12361111111111112
