0 0.31093750000000003 0.7604166666666667 0.0390625 0.13472222222222222
0 0.20820312500000002 0.8222222222222223 0.04609375 0.14444444444444446
0 0.275 0.8111111111111111 0.0421875 0.14166666666666666
1 0.583984375 0.8333333333333334 0.10390625 0.1638888888888889
1 0.401953125 0.8520833333333334 0.11328125 0.20972222222222223
1 0.743359375 0.8729166666666667 0.10859375 0.17083333333333334
0 0.86875 0.8527777777777779 0.0390625 0.15555555555555556
0 0.23750000000000002 0.9354166666666667 0.05625 0.12916666666666668
1 0.6199218750000001 0.33125 0.025781250000000002 0.03194444444444445
1 0.6664062500000001 0.33472222222222225 0.029687500000000002 0.036111111111111115
1 0.6015625 0.3715277777777778 0.035937500000000004 0.04861111111111111
1 0.68671875 0.38680555555555557 0.035937500000000004 0.04861111111111111
1 0.714453125 0.4083333333333333 0.030468750000000003 0.05277777777777778
0 0.74765625 0.41875 0.015625 0.05416666666666667
1 0.5378906250000001 0.43333333333333335 0.049218750000000006 0.061111111111111116
0 0.76953125 0.4430555555555556 0.015625 0.05
1 0.6667968750000001 0.4715277777777778 0.04609375 0.0625
0 0.794140625 0.47500000000000003 0.01953125 0.06944444444444445
0 0.8621093750000001 0.47222222222222227 0.02109375 0.06944444444444445
1 0.584375 0.5152777777777778 0.05625 0.08333333333333334
1 0.6800781250000001 0.5430555555555556 0.049218750000000006 0.07222222222222223
1 0.8382812500000001 0.5506944444444445 0.07500000000000001 0.0763888888888889
0 0.5046875000000001 0.6055555555555556 0.026562500000000003 0.09166666666666667
0 0.54453125 0.6041666666666667 0.026562500000000003 0.08888888888888889
0 0.765625 0.6104166666666667 0.0234375 0.10138888888888889
0 0.8226562500000001 0.6006944444444444 0.0234375 0.08750000000000001
0 0.585546875 0.6145833333333334 0.02734375 0.09583333333333334
0 0.6488281250000001 0.625 0.02421875 0.08888888888888889
0 0.451171875 0.6354166666666667 0.02890625 0.10972222222222222
0 0.38671875 0.6673611111111112 0.034375 0.1125
0 0.5574218750000001 0.6555555555555556 0.032031250000000004 0.08611111111111111
0 0.7367187500000001 0.6590277777777778 0.028125 0.10694444444444445
0 0.46640625 0.6826388888888889 0.035937500000000004 0.10416666666666667
0 0.687109375 0.675 0.030468750000000003 0.11944444444444445
0 0.53515625 0.7000000000000001 0.037500000000000006 0.10555555555555556
0 0.4234375 0.7236111111111111 0.0390625 0.09722222222222222
0 0.7984375 0.7361111111111112 0.03125 0.13055555555555556
0 0.89765625 0.7506944444444444 0.035937500000000004 0.12361111111111112
