1 0.16757812500000002 0.6736111111111112 0.14140625 0.12222222222222223
0 0.365234375 0.7215277777777778 0.04296875 0.13472222222222222
0 0.217578125 0.8298611111111112 0.057031250000000006 0.14305555555555557
0 0.417578125 0.8131944444444444 0.049218750000000006 0.14583333333333334
0 0.665625 0.8194444444444445 0.040625 0.14444444444444446
0 0.265625 0.9013888888888889 0.0625 0.16944444444444445
0 0.37812500000000004 0.9277777777777778 0.0578125 0.15833333333333333
1 0.6898437500000001 0.3701388888888889 0.035937500000000004 0.0375
0 0.790234375 0.37777777777777777 0.014843750000000001 0.05
0 0.81015625 0.39513888888888893 0.0171875 0.04861111111111111
1 0.55859375 0.40555555555555556 0.05 0.04166666666666667
1 0.6097656250000001 0.40625 0.039843750000000004 0.04861111111111111
1 0.7253906250000001 0.45208333333333334 0.04296875 0.06805555555555556
0 0.623046875 0.46458333333333335 0.017968750000000002 0.05694444444444444
0 0.821875 0.4756944444444445 0.0203125 0.06527777777777778
0 0.68671875 0.48333333333333334 0.018750000000000003 0.05277777777777778
1 0.43515625 0.5006944444444444 0.0765625 0.07916666666666666
0 0.8777343750000001 0.5131944444444445 0.022656250000000003 0.0763888888888889
0 0.7914062500000001 0.51875 0.018750000000000003 0.07361111111111111
0 0.7015625000000001 0.5493055555555556 0.021875000000000002 0.07916666666666666
0 0.8230468750000001 0.5708333333333333 0.02421875 0.08333333333333334
0 0.554296875 0.607638888888889 0.02890625 0.09027777777777778
0 0.76953125 0.6166666666666667 0.026562500000000003 0.08611111111111111
0 0.45351562500000003 0.6659722222222223 0.03671875 0.11527777777777778
0 0.6781250000000001 0.6555555555555556 0.026562500000000003 0.10277777777777779
0 0.551953125 0.7020833333333334 0.02890625 0.10972222222222222
