1 0.28125 0.6395833333333334 0.1171875 0.10694444444444445
1 0.7117187500000001 0.6840277777777778 0.08281250000000001 0.12083333333333333
1 0.37343750000000003 0.7229166666666667 0.11875000000000001 0.1375
0 0.18359375 0.7347222222222223 0.05 0.11666666666666667
1 0.5164062500000001 0.7527777777777778 0.1 0.13333333333333333
0 0.28945312500000003 0.8666666666666667 0.057031250000000006 0.15833333333333333
0 0.41718750000000004 0.875 0.043750000000000004 0.14444444444444446
0 0.821484375 0.8666666666666667 0.03515625 0.16111111111111112
0 0.34804687500000003 0.8930555555555556 0.04296875 0.16111111111111112
0 0.5015625 0.8881944444444445 0.046875 0.15416666666666667
0 0.1484375 0.9347222222222222 0.0734375 0.12222222222222223
1 0.55234375 0.9486111111111112 0.1296875 0.1
0 0.8792968750000001 0.9319444444444445 0.05078125 0.1277777777777778
1 0.624609375 0.3194444444444445 0.025781250000000002 0.044444444444444446
1 0.6687500000000001 0.31527777777777777 0.026562500000000003 0.04166666666666667
1 0.6957031250000001 0.3479166666666667 0.03359375 0.05416666666666667
1 0.56640625 0.39583333333333337 0.0484375 0.06666666666666667
0 0.821484375 0.39166666666666666 0.01953125 0.04166666666666667
1 0.6765625000000001 0.40625 0.0390625 0.05694444444444444
1 0.5496093750000001 0.4569444444444445 0.055468750000000004 0.061111111111111116
1 0.72578125 0.45208333333333334 0.034375 0.0625
0 0.821484375 0.4465277777777778 0.017968750000000002 0.05416666666666667
1 0.4578125 0.47361111111111115 0.06406250000000001 0.07222222222222223
0 0.636328125 0.4840277777777778 0.01953125 0.07083333333333333
0 0.6859375000000001 0.48541666666666666 0.021875000000000002 0.07361111111111111
0 0.841796875 0.5388888888888889 0.025781250000000002 0.08888888888888889
1 0.509375 0.5645833333333333 0.06406250000000001 0.09027777777777778
1 0.6015625 0.5625 0.05 0.075
0 0.665234375 0.5902777777777778 0.025781250000000002 0.08888888888888889
0 0.622265625 0.6173611111111111 0.025781250000000002 0.08750000000000001
0 0.841796875 0.7715277777777778 0.03359375 0.12916666666666668
0 0.72265625 0.8027777777777778 0.0328125 0.13611111111111113
0 0.39140625 0.9548611111111112 0.0484375 0.09305555555555556
