1 0.5847656250000001 0.6847222222222222 0.09140625000000001 0.1277777777777778
0 0.748046875 0.7340277777777778 0.041406250000000006 0.14583333333333334
0 0.273046875 0.7708333333333334 0.049218750000000006 0.14166666666666666
0 0.589453125 0.7826388888888889 0.039843750000000004 0.14583333333333334
0 0.33359375 0.8152777777777778 0.051562500000000004 0.15555555555555556
0 0.4109375 0.8340277777777778 0.0390625 0.15972222222222224
0 0.48125 0.8111111111111111 0.046875 0.15555555555555556
0 0.669921875 0.8277777777777778 0.03671875 0.16944444444444445
0 0.439453125 0.89375 0.05390625 0.16805555555555557
0 0.183984375 0.9486111111111112 0.05859375 0.11388888888888889
0 0.2609375 0.9500000000000001 0.06406250000000001 0.10833333333333334
1 0.655859375 0.29305555555555557 0.032031250000000004 0.036111111111111115
1 0.54140625 0.32916666666666666 0.035937500000000004 0.03333333333333333
0 0.7503906250000001 0.3770833333333333 0.014843750000000001 0.05416666666666667
0 0.88046875 0.3666666666666667 0.015625 0.04166666666666667
1 0.62421875 0.3854166666666667 0.035937500000000004 0.034722222222222224
0 0.68359375 0.3979166666666667 0.018750000000000003 0.051388888888888894
0 0.728125 0.38472222222222224 0.0171875 0.05
0 0.7917968750000001 0.3861111111111111 0.01640625 0.05
0 0.769140625 0.4083333333333333 0.01640625 0.058333333333333334
0 0.856640625 0.4118055555555556 0.01640625 0.05694444444444444
1 0.6234375000000001 0.42847222222222225 0.045312500000000006 0.05694444444444444
0 0.814453125 0.42708333333333337 0.017968750000000002 0.05694444444444444
1 0.665234375 0.4701388888888889 0.05078125 0.0763888888888889
0 0.526953125 0.5125000000000001 0.02421875 0.07777777777777778
1 0.6238281250000001 0.51875 0.049218750000000006 0.08194444444444444
0 0.7890625 0.5243055555555556 0.018750000000000003 0.07083333333333333
0 0.8621093750000001 0.5270833333333333 0.02421875 0.07916666666666666
0 0.48164062500000004 0.545138888888889 0.025781250000000002 0.09305555555555556
0 0.761328125 0.5458333333333334 0.02109375 0.08055555555555556
0 0.5578125 0.5708333333333333 0.029687500000000002 0.09444444444444444
0 0.6160156250000001 0.5652777777777778 0.02109375 0.08333333333333334
0 0.830078125 0.5652777777777778 0.02421875 0.09444444444444444
0 0.6824218750000001 0.5826388888888889 0.02421875 0.09305555555555556
0 0.71875 0.5826388888888889 0.021875000000000002 0.09305555555555556
0 0.794921875 0.5916666666666667 0.022656250000000003 0.09166666666666667
0 0.343359375 0.6284722222222222 0.03671875 0.10694444444444445
0 0.858984375 0.638888888888889 0.032031250000000004 0.10555555555555556
0 0.381640625 0.6569444444444444 0.02890625 0.10277777777777779
0 0.4 0.6854166666666667 0.037500000000000006 0.12361111111111112
0 0.45 0.6770833333333334 0.034375 0.1125
