0 0.8074218750000001 0.7611111111111112 0.039843750000000004 0.13611111111111113
1 0.38828125 0.7708333333333334 0.16718750000000002 0.16944444444444445
0 0.6199218750000001 0.8361111111111111 0.04453125 0.14444444444444446
0 0.7136718750000001 0.8388888888888889 0.041406250000000006 0.14722222222222223
0 0.50546875 0.8770833333333333 0.0484375 0.15694444444444444
0 0.6640625 0.89375 0.040625 0.16527777777777777
0 0.870703125 0.9104166666666667 0.039843750000000004 0.18194444444444446
0 0.775390625 0.9395833333333333 0.05078125 0.13194444444444445
0 0.7449218750000001 0.5520833333333334 0.02421875 0.08472222222222223
0 0.64609375 0.6284722222222222 0.03125 0.10694444444444445
0 0.6957031250000001 0.6159722222222223 0.025781250000000002 0.09305555555555556
0 0.744140625 0.6486111111111111 0.02734375 0.09166666666666667
0 0.56640625 0.6770833333333334 0.037500000000000006 0.11805555555555557
0 0.669140625 0.7333333333333334 0.03359375 0.11111111111111112
0 0.7453125 0.7416666666666667 0.0328125 0.12222222222222223
0 0.46484375 0.7729166666666667 0.043750000000000004 0.10972222222222222
0 0.69453125 0.9486111111111112 0.046875 0.10555555555555556
