1 0.225390625 0.5979166666666667 0.08984375 0.14583333333333334
0 0.0578125 0.6687500000000001 0.05625 0.10972222222222222
0 0.849609375 0.33611111111111114 0.039843750000000004 0.06666666666666667
0 0.269140625 0.3597222222222222 0.022656250000000003 0.0638888888888889
0 0.208984375 0.375 0.017968750000000002 0.05555555555555556
1 0.3125 0.3652777777777778 0.0484375 0.09166666666666667
0 0.868359375 0.375 0.03359375 0.07777777777777778
0 0.22109375 0.40694444444444444 0.018750000000000003 0.06944444444444445
0 0.148046875 0.49930555555555556 0.03515625 0.08194444444444444
0 0.141015625 0.5958333333333333 0.03828125 0.09722222222222222
