1 0.7386718750000001 0.8013888888888889 0.28203125 0.3666666666666667
1 0.542578125 0.4569444444444445 0.12265625000000001 0.15
1 0.39453125 0.48888888888888893 0.12812500000000002 0.15833333333333333
0 0.251171875 0.6097222222222223 0.047656250000000004 0.18333333333333335
0 0.412109375 0.6458333333333334 0.05390625 0.18333333333333335
0 0.18476562500000002 0.2326388888888889 0.022656250000000003 0.04583333333333334
0 0.26406250000000003 0.23472222222222222 0.029687500000000002 0.05555555555555556
1 0.22265625 0.29444444444444445 0.05 0.07777777777777778
0 0.1625 0.31736111111111115 0.021875000000000002 0.0763888888888889
0 0.6921875000000001 0.4152777777777778 0.028125 0.09722222222222222
0 0.23125 0.4305555555555556 0.0328125 0.11388888888888889
