1 0.29375 0.40208333333333335 0.0578125 0.10972222222222222
1 0.821875 0.40208333333333335 0.1203125 0.10416666666666667
0 0.9484375 0.7701388888888889 0.0625 0.15694444444444444
0 0.851171875 0.8145833333333333 0.05859375 0.1763888888888889
3 0.451171875 0.18541666666666667 0.03671875 0.08750000000000001
1 0.33710937500000004 0.25625000000000003 0.03515625 0.08750000000000001
3 0.37929687500000003 0.2520833333333333 0.04609375 0.1125
1 0.5015625 0.2513888888888889 0.0390625 0.061111111111111116
0 0.591796875 0.2701388888888889 0.01953125 0.04861111111111111
0 0.8625 0.31319444444444444 0.034375 0.0625
0 0.900390625 0.32708333333333334 0.03515625 0.05694444444444444
0 0.265625 0.36458333333333337 0.0171875 0.05416666666666667
0 0.6375000000000001 0.36736111111111114 0.025 0.07083333333333333
0 0.1953125 0.4430555555555556 0.0203125 0.07777777777777778
0 0.679296875 0.4763888888888889 0.02734375 0.09444444444444444
