0 0.802734375 0.68125 0.049218750000000006 0.13194444444444445
0 0.028125 0.7208333333333333 0.046875 0.15833333333333333
0 0.25859375 0.7618055555555556 0.043750000000000004 0.17916666666666667
0 0.132421875 0.7715277777777778 0.047656250000000004 0.14305555555555557
0 0.486328125 0.8361111111111111 0.05234375 0.1638888888888889
0 0.85859375 0.8138888888888889 0.060937500000000006 0.15833333333333333
0 0.121484375 0.9076388888888889 0.07421875 0.18194444444444446
0 0.158984375 0.4729166666666667 0.06484375 0.07361111111111111
0 0.687109375 0.5208333333333334 0.03515625 0.10277777777777779
0 0.060546875 0.5819444444444445 0.03671875 0.11666666666666667
0 0.71796875 0.6284722222222222 0.035937500000000004 0.11527777777777778
