1 0.375 0.5347222222222222 0.09062500000000001 0.08611111111111111
1 0.31093750000000003 0.6819444444444445 0.13125 0.1388888888888889
1 0.7210937500000001 0.6847222222222222 0.084375 0.11111111111111112
1 0.55390625 0.7631944444444445 0.1046875 0.13194444444444445
0 0.8953125000000001 0.7493055555555556 0.040625 0.14305555555555557
0 0.300390625 0.7909722222222223 0.04453125 0.14583333333333334
0 0.70703125 0.8222222222222223 0.0390625 0.15833333333333333
0 0.134765625 0.8562500000000001 0.06484375 0.1486111111111111
0 0.6414062500000001 0.8555555555555556 0.034375 0.17777777777777778
0 0.8210937500000001 0.8666666666666667 0.0390625 0.16111111111111112
0 0.32734375000000004 0.9041666666666667 0.05 0.17500000000000002
0 0.37890625 0.913888888888889 0.053125000000000006 0.16666666666666669
0 0.4625 0.888888888888889 0.05 0.16944444444444445
0 0.526953125 0.9125000000000001 0.041406250000000006 0.17500000000000002
0 0.08554687500000001 0.9270833333333334 0.07109375 0.13194444444444445
0 0.209375 0.9270833333333334 0.0703125 0.13472222222222222
0 0.5847656250000001 0.9347222222222222 0.04453125 0.13611111111111113
0 0.791015625 0.925 0.039843750000000004 0.16111111111111112
2 0.62109375 0.35000000000000003 0.040625 0.07222222222222223
1 0.68515625 0.37430555555555556 0.035937500000000004 0.04861111111111111
0 0.7894531250000001 0.39166666666666666 0.01640625 0.04166666666666667
0 0.8132812500000001 0.39305555555555555 0.0171875 0.044444444444444446
1 0.56484375 0.40555555555555556 0.0421875 0.05277777777777778
1 0.523828125 0.4326388888888889 0.049218750000000006 0.0625
0 0.54296875 0.49583333333333335 0.0203125 0.07222222222222223
1 0.5847656250000001 0.5104166666666667 0.05234375 0.09027777777777778
0 0.85703125 0.5020833333333333 0.021875000000000002 0.06527777777777778
0 0.615234375 0.55 0.02109375 0.075
0 0.7386718750000001 0.545138888888889 0.02109375 0.0763888888888889
0 0.8425781250000001 0.5673611111111111 0.02421875 0.0763888888888889
0 0.5378906250000001 0.5784722222222223 0.02421875 0.08750000000000001
0 0.475390625 0.6069444444444445 0.02890625 0.10833333333333334
0 0.681640625 0.6083333333333334 0.025781250000000002 0.09166666666666667
0 0.7992187500000001 0.6090277777777778 0.0234375 0.08750000000000001
0 0.5625 0.6298611111111111 0.029687500000000002 0.10694444444444445
0 0.6292968750000001 0.6340277777777779 0.032031250000000004 0.09583333333333334
0 0.831640625 0.6465277777777778 0.030468750000000003 0.08472222222222223
0 0.490234375 0.6569444444444444 0.02734375 0.1
0 0.839453125 0.7222222222222222 0.030468750000000003 0.11388888888888889
0 0.788671875 0.7402777777777778 0.030468750000000003 0.11388888888888889
0 0.83515625 0.9888888888888889 0.0390625 0.019444444444444445
