3 0.73828125 0.7597222222222223 0.2109375 0.4277777777777778
3 0.3765625 0.35625 0.06875 0.16805555555555557
1 0.4109375 0.49097222222222225 0.0734375 0.10416666666666667
1 0.619140625 0.4902777777777778 0.07578125000000001 0.11944444444444445
0 0.091015625 0.5847222222222223 0.06015625 0.11666666666666667
1 0.525390625 0.5784722222222223 0.10078125 0.1736111111111111
1 0.26328125 0.6694444444444445 0.1171875 0.24166666666666667
0 0.115625 0.7513888888888889 0.053125000000000006 0.17222222222222222
3 0.370703125 0.7513888888888889 0.14453125 0.5333333333333333
1 0.453125 0.2590277777777778 0.0390625 0.06805555555555556
1 0.45039062500000004 0.32708333333333334 0.04296875 0.09027777777777778
1 0.5730468750000001 0.33611111111111114 0.049218750000000006 0.08611111111111111
0 0.6585937500000001 0.40902777777777777 0.026562500000000003 0.0763888888888889
0 0.5496093750000001 0.43333333333333335 0.022656250000000003 0.09166666666666667
0 0.7203125 0.4534722222222222 0.029687500000000002 0.08750000000000001
0 0.76953125 0.44930555555555557 0.028125 0.08750000000000001
0 0.22421875000000002 0.5006944444444444 0.028125 0.10416666666666667
0 0.7429687500000001 0.5125000000000001 0.035937500000000004 0.08611111111111111
