0 0.494921875 0.5145833333333334 0.049218750000000006 0.15972222222222224
0 0.38671875 0.820138888888889 0.1 0.26805555555555555
0 0.5859375 0.19652777777777777 0.015625 0.051388888888888894
0 0.6125 0.20555555555555557 0.0171875 0.05277777777777778
0 0.68359375 0.21458333333333335 0.0171875 0.04861111111111111
0 0.6570312500000001 0.25069444444444444 0.018750000000000003 0.051388888888888894
0 0.384765625 0.31319444444444444 0.03828125 0.10972222222222222
0 0.6312500000000001 0.3145833333333333 0.025 0.08472222222222223
0 0.577734375 0.3736111111111111 0.03515625 0.10833333333333334
0 0.59765625 0.45069444444444445 0.034375 0.12083333333333333
