1 0.18359375 0.6652777777777779 0.1390625 0.11944444444444445
0 0.205078125 0.7840277777777778 0.06015625 0.13472222222222222
0 0.5007812500000001 0.7986111111111112 0.0390625 0.15555555555555556
0 0.39609375 0.8097222222222222 0.05 0.1527777777777778
0 0.56484375 0.9180555555555556 0.051562500000000004 0.1638888888888889
1 0.6351562500000001 0.3 0.028125 0.036111111111111115
1 0.6644531250000001 0.3201388888888889 0.02734375 0.0375
0 0.8328125000000001 0.3368055555555556 0.0140625 0.04027777777777778
1 0.646484375 0.35833333333333334 0.03515625 0.04722222222222222
1 0.710546875 0.35833333333333334 0.03515625 0.05
1 0.5847656250000001 0.3805555555555556 0.030468750000000003 0.044444444444444446
0 0.8207031250000001 0.3909722222222222 0.014843750000000001 0.04583333333333334
1 0.5578125 0.4166666666666667 0.0484375 0.05277777777777778
0 0.7125 0.41250000000000003 0.015625 0.04722222222222222
0 0.753125 0.4076388888888889 0.0140625 0.043055555555555555
0 0.829296875 0.4375 0.014843750000000001 0.058333333333333334
0 0.7835937500000001 0.44375000000000003 0.015625 0.05694444444444444
0 0.8046875 0.45416666666666666 0.015625 0.075
0 0.8503906250000001 0.4652777777777778 0.01953125 0.05277777777777778
0 0.659375 0.48333333333333334 0.0203125 0.06666666666666667
0 0.765234375 0.48333333333333334 0.01953125 0.06944444444444445
1 0.46406250000000004 0.5458333333333334 0.06406250000000001 0.08055555555555556
0 0.732421875 0.5444444444444445 0.022656250000000003 0.08055555555555556
0 0.5417968750000001 0.5652777777777778 0.025781250000000002 0.08333333333333334
0 0.702734375 0.5770833333333334 0.02734375 0.09305555555555556
0 0.884765625 0.5756944444444445 0.02890625 0.07916666666666666
0 0.6117187500000001 0.6020833333333333 0.028125 0.09305555555555556
0 0.33632812500000003 0.6611111111111111 0.03671875 0.10833333333333334
0 0.615234375 0.6652777777777779 0.032031250000000004 0.10833333333333334
0 0.376953125 0.7236111111111111 0.039843750000000004 0.11111111111111112
