3 0.8777343750000001 0.29097222222222224 0.21328125 0.19861111111111113
2 0.180078125 0.7597222222222223 0.32265625000000003 0.45
3 0.7937500000000001 0.32916666666666666 0.084375 0.15
1 0.26992187500000003 0.5125000000000001 0.07578125000000001 0.13611111111111113
0 0.98203125 0.7902777777777779 0.034375 0.16111111111111112
0 0.9359375000000001 0.8111111111111111 0.06406250000000001 0.16666666666666669
0 0.27187500000000003 0.31527777777777777 0.0140625 0.04722222222222222
0 0.35273437500000004 0.3423611111111111 0.039843750000000004 0.05416666666666667
0 0.602734375 0.33263888888888893 0.017968750000000002 0.05694444444444444
0 0.24609375 0.3680555555555556 0.021875000000000002 0.058333333333333334
0 0.191796875 0.46875 0.02109375 0.08194444444444444
0 0.115234375 0.5493055555555556 0.02734375 0.09305555555555556
0 0.765625 0.6194444444444445 0.043750000000000004 0.11388888888888889
