3 0.282421875 0.37430555555555556 0.06484375 0.15694444444444444
3 0.9750000000000001 0.3909722222222222 0.0484375 0.23472222222222222
3 0.551953125 0.48958333333333337 0.11171875 0.19861111111111113
0 0.8132812500000001 0.5944444444444444 0.0421875 0.14166666666666666
0 0.012109375 0.8555555555555556 0.025781250000000002 0.19722222222222224
3 0.35390625000000003 0.21319444444444446 0.035937500000000004 0.0763888888888889
1 0.48359375000000004 0.2125 0.029687500000000002 0.03333333333333333
1 0.474609375 0.2888888888888889 0.039843750000000004 0.058333333333333334
0 0.246875 0.32083333333333336 0.0171875 0.05277777777777778
1 0.365234375 0.30694444444444446 0.039843750000000004 0.0638888888888889
0 0.083984375 0.625 0.03671875 0.10555555555555556
