1 0.4890625 0.5638888888888889 0.0890625 0.11388888888888889
0 0.4734375 0.7097222222222223 0.040625 0.1388888888888889
0 0.7777343750000001 0.74375 0.04609375 0.13472222222222222
0 0.32070312500000003 0.9145833333333334 0.06796875000000001 0.15694444444444444
0 0.586328125 0.36597222222222225 0.01640625 0.0375
1 0.31562500000000004 0.4256944444444445 0.0421875 0.04861111111111111
0 0.6101562500000001 0.5819444444444445 0.029687500000000002 0.09722222222222222
0 0.7894531250000001 0.6180555555555556 0.030468750000000003 0.09444444444444444
0 0.6734375 0.6458333333333334 0.03125 0.10833333333333334
0 0.29531250000000003 0.6854166666666667 0.046875 0.09027777777777778
0 0.702734375 0.7159722222222222 0.03828125 0.12083333333333333
