2 0.675390625 0.3902777777777778 0.06015625 0.09722222222222222
0 0.35585937500000003 0.7777777777777778 0.04609375 0.1527777777777778
0 0.386328125 0.8256944444444445 0.05234375 0.1625
0 0.6488281250000001 0.8534722222222223 0.04453125 0.1736111111111111
0 0.5457031250000001 0.8993055555555556 0.049218750000000006 0.16805555555555557
0 0.77890625 0.913888888888889 0.046875 0.17500000000000002
0 0.16796875 0.9263888888888889 0.08281250000000001 0.13333333333333333
0 0.83984375 0.9402777777777778 0.046875 0.13055555555555556
1 0.63828125 0.29375 0.025 0.04027777777777778
1 0.5300781250000001 0.3451388888888889 0.03515625 0.034722222222222224
1 0.58828125 0.38819444444444445 0.035937500000000004 0.04861111111111111
0 0.808203125 0.3909722222222222 0.014843750000000001 0.04583333333333334
0 0.85859375 0.3875 0.015625 0.044444444444444446
0 0.7839843750000001 0.40555555555555556 0.017968750000000002 0.04722222222222222
1 0.5328125 0.4326388888888889 0.0484375 0.0625
0 0.8289062500000001 0.42847222222222225 0.0140625 0.04861111111111111
0 0.8460937500000001 0.4548611111111111 0.0171875 0.05694444444444444
1 0.685546875 0.46319444444444446 0.04609375 0.06527777777777778
0 0.8054687500000001 0.4715277777777778 0.018750000000000003 0.059722222222222225
0 0.8289062500000001 0.48333333333333334 0.018750000000000003 0.0638888888888889
0 0.858984375 0.5090277777777777 0.022656250000000003 0.06805555555555556
0 0.5703125 0.5486111111111112 0.025 0.08611111111111111
0 0.837890625 0.5479166666666667 0.02109375 0.08194444444444444
0 0.59765625 0.5680555555555555 0.0234375 0.08611111111111111
0 0.521875 0.6222222222222222 0.029687500000000002 0.09722222222222222
0 0.7015625000000001 0.6159722222222223 0.028125 0.09027777777777778
0 0.8230468750000001 0.6173611111111111 0.02421875 0.09027777777777778
0 0.5476562500000001 0.6444444444444445 0.029687500000000002 0.09722222222222222
0 0.62421875 0.638888888888889 0.025 0.09166666666666667
0 0.727734375 0.6472222222222223 0.02734375 0.09722222222222222
0 0.45742187500000003 0.6659722222222223 0.03515625 0.12083333333333333
0 0.591015625 0.7173611111111111 0.03359375 0.12361111111111112
0 0.6394531250000001 0.7236111111111111 0.03515625 0.125
0 0.6890625 0.74375 0.037500000000000006 0.13194444444444445
0 0.7796875000000001 0.75625 0.034375 0.12638888888888888
0 0.93359375 0.7569444444444444 0.037500000000000006 0.10555555555555556
0 0.534765625 0.7743055555555556 0.03515625 0.12638888888888888
