1 0.712890625 0.5152777777777778 0.07734375 0.09722222222222222
0 0.7132812500000001 0.7006944444444445 0.045312500000000006 0.1513888888888889
0 0.72421875 0.8173611111111111 0.059375000000000004 0.18194444444444446
0 0.607421875 0.46944444444444444 0.02421875 0.04722222222222222
0 0.8523437500000001 0.47361111111111115 0.015625 0.058333333333333334
0 0.7761718750000001 0.48194444444444445 0.017968750000000002 0.05277777777777778
0 0.8031250000000001 0.5104166666666667 0.0234375 0.06805555555555556
0 0.543359375 0.5215277777777778 0.03828125 0.06805555555555556
0 0.817578125 0.5506944444444445 0.022656250000000003 0.07916666666666666
0 0.753125 0.5840277777777778 0.028125 0.09861111111111112
0 0.8871093750000001 0.5805555555555556 0.02109375 0.07777777777777778
0 0.7777343750000001 0.6270833333333333 0.030468750000000003 0.1125
