0 0.456640625 0.6993055555555556 0.07578125000000001 0.24583333333333335
0 0.2671875 0.10625 0.018750000000000003 0.04861111111111111
0 0.178125 0.17569444444444446 0.025 0.0763888888888889
0 0.6238281250000001 0.17777777777777778 0.01640625 0.03888888888888889
0 0.640625 0.17430555555555557 0.015625 0.0375
0 0.611328125 0.20555555555555557 0.01640625 0.04722222222222222
0 0.566015625 0.22083333333333335 0.01640625 0.05277777777777778
0 0.6570312500000001 0.21597222222222223 0.0171875 0.04583333333333334
0 0.648046875 0.25625000000000003 0.01953125 0.06805555555555556
0 0.474609375 0.27708333333333335 0.02734375 0.059722222222222225
0 0.42695312500000004 0.31875000000000003 0.03359375 0.0763888888888889
