1 0.323046875 0.6493055555555556 0.12578125 0.11527777777777778
1 0.56015625 0.6736111111111112 0.09531250000000001 0.13333333333333333
1 0.08867187500000001 0.7319444444444445 0.15859375 0.1388888888888889
1 0.44921875 0.8145833333333333 0.1078125 0.18194444444444446
1 0.6687500000000001 0.8597222222222223 0.11093750000000001 0.15833333333333333
0 0.85859375 0.9013888888888889 0.043750000000000004 0.17500000000000002
0 0.755859375 0.9368055555555556 0.049218750000000006 0.12916666666666668
1 0.655859375 0.24722222222222223 0.025781250000000002 0.03888888888888889
1 0.645703125 0.25833333333333336 0.02890625 0.03333333333333333
1 0.676953125 0.3284722222222222 0.032031250000000004 0.03194444444444445
1 0.6890625 0.3729166666666667 0.034375 0.04027777777777778
0 0.778515625 0.41111111111111115 0.01640625 0.05277777777777778
0 0.755859375 0.4340277777777778 0.017968750000000002 0.05694444444444444
0 0.818359375 0.4305555555555556 0.01953125 0.06666666666666667
0 0.6472656250000001 0.4486111111111111 0.02109375 0.05277777777777778
0 0.735546875 0.4951388888888889 0.01953125 0.08194444444444444
0 0.7933593750000001 0.5118055555555556 0.022656250000000003 0.07916666666666666
0 0.8230468750000001 0.5027777777777778 0.02109375 0.07222222222222223
0 0.5906250000000001 0.5236111111111111 0.025 0.08333333333333334
0 0.847265625 0.5277777777777778 0.022656250000000003 0.07777777777777778
0 0.659765625 0.5513888888888889 0.02421875 0.08611111111111111
0 0.70859375 0.5416666666666667 0.021875000000000002 0.07777777777777778
0 0.758984375 0.5465277777777778 0.01953125 0.09861111111111112
0 0.8113281250000001 0.5701388888888889 0.022656250000000003 0.09305555555555556
0 0.870703125 0.6222222222222222 0.02734375 0.08888888888888889
0 0.462890625 0.6638888888888889 0.03515625 0.1
0 0.8695312500000001 0.7312500000000001 0.0328125 0.11805555555555557
0 0.804296875 0.7555555555555555 0.03359375 0.13333333333333333
0 0.626953125 0.9548611111111112 0.04609375 0.08472222222222223
