3 0.40468750000000003 0.3861111111111111 0.17343750000000002 0.1638888888888889
1 0.724609375 0.41597222222222224 0.10703125000000001 0.09861111111111112
1 0.30195312500000004 0.5319444444444444 0.14453125 0.24166666666666667
0 0.7996093750000001 0.6298611111111111 0.06015625 0.15972222222222224
1 0.6082031250000001 0.6805555555555556 0.20859375000000002 0.3277777777777778
1 0.26015625000000003 0.23611111111111113 0.0734375 0.05555555555555556
0 0.10234375000000001 0.2881944444444445 0.018750000000000003 0.04583333333333334
0 0.13046875 0.3027777777777778 0.018750000000000003 0.05277777777777778
0 0.141015625 0.4881944444444445 0.02421875 0.11527777777777778
0 0.1875 0.5041666666666667 0.029687500000000002 0.1277777777777778
