1 0.640234375 0.6965277777777779 0.09921875000000001 0.1513888888888889
1 0.44609375 0.7930555555555556 0.11875000000000001 0.17500000000000002
0 0.173828125 0.8625 0.06171875 0.1638888888888889
1 0.65 0.8722222222222222 0.11406250000000001 0.20555555555555557
0 0.291796875 0.9090277777777778 0.06015625 0.16527777777777777
0 0.440234375 0.9131944444444445 0.04453125 0.17916666666666667
0 0.851171875 0.9166666666666667 0.04453125 0.16666666666666669
0 0.35546875 0.9395833333333333 0.051562500000000004 0.12638888888888888
1 0.6351562500000001 0.3 0.0234375 0.03333333333333333
1 0.70625 0.35694444444444445 0.029687500000000002 0.04166666666666667
1 0.625 0.39583333333333337 0.0421875 0.05277777777777778
1 0.65390625 0.4138888888888889 0.035937500000000004 0.05277777777777778
1 0.7234375000000001 0.40347222222222223 0.037500000000000006 0.04861111111111111
0 0.8230468750000001 0.4083333333333333 0.01640625 0.05
0 0.8 0.43680555555555556 0.0171875 0.059722222222222225
0 0.779296875 0.4548611111111111 0.017968750000000002 0.059722222222222225
1 0.637890625 0.4701388888888889 0.041406250000000006 0.06805555555555556
0 0.7484375000000001 0.47500000000000003 0.018750000000000003 0.058333333333333334
1 0.4546875 0.49097222222222225 0.07187500000000001 0.0763888888888889
0 0.8269531250000001 0.5118055555555556 0.02109375 0.08750000000000001
0 0.71640625 0.5319444444444444 0.0234375 0.075
0 0.7722656250000001 0.53125 0.01953125 0.09027777777777778
0 0.6683593750000001 0.5395833333333333 0.01953125 0.0763888888888889
0 0.73984375 0.545138888888889 0.021875000000000002 0.08194444444444444
0 0.65390625 0.5847222222222223 0.028125 0.07777777777777778
0 0.602734375 0.6006944444444444 0.025781250000000002 0.09583333333333334
0 0.570703125 0.6256944444444444 0.02890625 0.10694444444444445
0 0.39492187500000003 0.6347222222222223 0.041406250000000006 0.10555555555555556
0 0.347265625 0.7020833333333334 0.04296875 0.11527777777777778
