3 0.626563 0.268056 0.059375 0.125000
3 0.550781 0.331944 0.067187 0.158333
1 0.413281 0.354861 0.064062 0.109722
1 0.273047 0.443750 0.105469 0.162500
1 0.713281 0.627083 0.123438 0.193056
0 0.873437 0.636111 0.051562 0.147222
3 0.525391 0.121528 0.036719 0.106944
0 0.391016 0.180556 0.013281 0.047222
1 0.418750 0.185417 0.031250 0.054167
1 0.451172 0.205556 0.033594 0.066667
0 0.382031 0.261111 0.020313 0.069444
0 0.685937 0.280556 0.015625 0.072222
0 0.317188 0.306250 0.018750 0.081944
0 0.718750 0.352083 0.023438 0.087500
0 0.222656 0.406944 0.026562 0.086111
0 0.617969 0.406250 0.023438 0.109722
