3 0.416015625 0.5798611111111112 0.33984375 0.4236111111111111
3 0.696484375 0.4 0.12734375 0.15
1 0.640234375 0.6479166666666667 0.09140625000000001 0.1736111111111111
1 0.8148437500000001 0.3548611111111111 0.09062500000000001 0.0763888888888889
0 0.90390625 0.42291666666666666 0.0234375 0.08472222222222223
0 0.8171875000000001 0.44583333333333336 0.025 0.08611111111111111
0 0.8734375000000001 0.44722222222222224 0.025 0.08888888888888889
0 0.7933593750000001 0.5006944444444444 0.02734375 0.10138888888888889
0 0.76953125 0.5458333333333334 0.026562500000000003 0.10555555555555556
0 0.852734375 0.5423611111111112 0.032031250000000004 0.10694444444444445
0 0.8675781250000001 0.7041666666666667 0.03515625 0.13055555555555556
