1 0.3296875 0.5777777777777778 0.10625000000000001 0.09166666666666667
1 0.675390625 0.6555555555555556 0.08046875 0.13055555555555556
0 0.7503906250000001 0.7625000000000001 0.03515625 0.15
1 0.05390625 0.8395833333333333 0.1203125 0.16805555555555557
1 0.451171875 0.9159722222222223 0.13828125 0.1763888888888889
1 0.669921875 0.9180555555555556 0.16953125000000002 0.18611111111111112
1 0.6585937500000001 0.33958333333333335 0.029687500000000002 0.0375
1 0.7019531250000001 0.35208333333333336 0.025781250000000002 0.04027777777777778
1 0.591015625 0.3729166666666667 0.030468750000000003 0.051388888888888894
1 0.6175781250000001 0.3854166666666667 0.03828125 0.05416666666666667
1 0.67109375 0.3875 0.037500000000000006 0.058333333333333334
0 0.7976562500000001 0.4361111111111111 0.018750000000000003 0.06944444444444445
0 0.83125 0.4305555555555556 0.0171875 0.05555555555555556
0 0.712109375 0.45416666666666666 0.017968750000000002 0.06666666666666667
0 0.868359375 0.44583333333333336 0.01953125 0.0638888888888889
1 0.6101562500000001 0.46319444444444446 0.05 0.0763888888888889
0 0.813671875 0.47361111111111115 0.01953125 0.0638888888888889
0 0.8285156250000001 0.49236111111111114 0.01953125 0.0763888888888889
0 0.653515625 0.5020833333333333 0.01953125 0.07083333333333333
0 0.6898437500000001 0.5194444444444445 0.0203125 0.07777777777777778
0 0.7347656250000001 0.5305555555555556 0.02109375 0.07777777777777778
0 0.5921875 0.5402777777777777 0.026562500000000003 0.08055555555555556
0 0.753125 0.5527777777777778 0.0234375 0.08333333333333334
0 0.846875 0.5486111111111112 0.025 0.08333333333333334
0 0.6375000000000001 0.5881944444444445 0.026562500000000003 0.09027777777777778
0 0.80859375 0.5791666666666667 0.021875000000000002 0.09166666666666667
0 0.841015625 0.6534722222222222 0.030468750000000003 0.10138888888888889
0 0.499609375 0.7027777777777778 0.039843750000000004 0.11666666666666667
0 0.571875 0.7236111111111111 0.035937500000000004 0.13611111111111113
0 0.655859375 0.7243055555555555 0.03515625 0.12083333333333333
