2 0.54296875 0.4569444444444445 0.0625 0.10555555555555556
2 0.587890625 0.6347222222222223 0.11328125 0.30833333333333335
0 0.370703125 0.81875 0.049218750000000006 0.1513888888888889
0 0.7738281250000001 0.8111111111111111 0.03515625 0.16111111111111112
0 0.45546875000000003 0.8645833333333334 0.046875 0.15416666666666667
0 0.2984375 0.8951388888888889 0.046875 0.15694444444444444
0 0.338671875 0.9111111111111111 0.055468750000000004 0.1527777777777778
0 0.534765625 0.9076388888888889 0.049218750000000006 0.16805555555555557
1 0.6234375000000001 0.33472222222222225 0.034375 0.04722222222222222
1 0.7000000000000001 0.33263888888888893 0.0328125 0.034722222222222224
0 0.8171875000000001 0.3541666666666667 0.0125 0.03888888888888889
0 0.7742187500000001 0.3652777777777778 0.0140625 0.04166666666666667
0 0.7984375 0.39166666666666666 0.015625 0.05277777777777778
0 0.84765625 0.39305555555555555 0.0171875 0.05277777777777778
1 0.6277343750000001 0.41875 0.04609375 0.059722222222222225
1 0.6875 0.4236111111111111 0.0390625 0.05555555555555556
0 0.755078125 0.42708333333333337 0.01640625 0.05416666666666667
1 0.484375 0.4625 0.0546875 0.061111111111111116
1 0.67578125 0.4756944444444445 0.05 0.07083333333333333
0 0.8226562500000001 0.4916666666666667 0.018750000000000003 0.07222222222222223
0 0.7203125 0.5027777777777778 0.021875000000000002 0.07222222222222223
1 0.46718750000000003 0.55 0.078125 0.08333333333333334
0 0.6781250000000001 0.5402777777777777 0.021875000000000002 0.08333333333333334
0 0.771484375 0.5437500000000001 0.022656250000000003 0.08194444444444444
0 0.80859375 0.5381944444444444 0.021875000000000002 0.07916666666666666
0 0.843359375 0.5388888888888889 0.022656250000000003 0.075
0 0.830078125 0.6395833333333334 0.030468750000000003 0.09861111111111112
