2 0.162109375 0.7020833333333334 0.29453125 0.3513888888888889
1 0.603515625 0.6444444444444445 0.06796875000000001 0.10555555555555556
0 0.36757812500000003 0.8388888888888889 0.055468750000000004 0.1527777777777778
0 0.603125 0.8208333333333334 0.0421875 0.15
0 0.6820312500000001 0.8986111111111111 0.045312500000000006 0.1638888888888889
0 0.8125 0.8868055555555556 0.0421875 0.15694444444444444
0 0.28125 0.9388888888888889 0.060937500000000006 0.1277777777777778
0 0.589453125 0.9430555555555556 0.047656250000000004 0.13333333333333333
0 0.8953125000000001 0.9354166666666667 0.053125000000000006 0.11805555555555557
1 0.62265625 0.3416666666666667 0.03125 0.03888888888888889
1 0.58984375 0.3770833333333333 0.034375 0.04861111111111111
1 0.675390625 0.39722222222222225 0.03515625 0.04722222222222222
0 0.80859375 0.39513888888888893 0.015625 0.04861111111111111
1 0.619140625 0.4083333333333333 0.03515625 0.061111111111111116
1 0.648046875 0.43472222222222223 0.039843750000000004 0.07777777777777778
0 0.7093750000000001 0.4375 0.0171875 0.058333333333333334
0 0.841796875 0.42986111111111114 0.017968750000000002 0.04861111111111111
1 0.48125 0.46458333333333335 0.059375000000000004 0.0625
0 0.5789062500000001 0.49444444444444446 0.021875000000000002 0.06666666666666667
0 0.62109375 0.4861111111111111 0.021875000000000002 0.06666666666666667
0 0.6726562500000001 0.48888888888888893 0.0171875 0.058333333333333334
0 0.839453125 0.4916666666666667 0.01953125 0.06944444444444445
0 0.72265625 0.5020833333333333 0.0171875 0.0763888888888889
0 0.7722656250000001 0.5326388888888889 0.01953125 0.0763888888888889
0 0.693359375 0.5402777777777777 0.02109375 0.07777777777777778
0 0.8171875000000001 0.5423611111111112 0.021875000000000002 0.07083333333333333
0 0.580078125 0.5736111111111112 0.02421875 0.07777777777777778
1 0.3296875 0.5791666666666667 0.08750000000000001 0.08888888888888889
0 0.74609375 0.5875 0.021875000000000002 0.08888888888888889
0 0.8601562500000001 0.5854166666666667 0.026562500000000003 0.08750000000000001
0 0.49375 0.6090277777777778 0.03125 0.09305555555555556
0 0.5390625 0.607638888888889 0.028125 0.09027777777777778
0 0.719921875 0.6416666666666667 0.02890625 0.08333333333333334
0 0.775390625 0.6340277777777779 0.025781250000000002 0.10138888888888889
0 0.8089843750000001 0.6486111111111111 0.02890625 0.10833333333333334
0 0.44375000000000003 0.6555555555555556 0.034375 0.09722222222222222
0 0.7156250000000001 0.701388888888889 0.0328125 0.11111111111111112
0 0.43203125000000003 0.7430555555555556 0.040625 0.12222222222222223
0 0.8363281250000001 0.7347222222222223 0.030468750000000003 0.125
0 0.494921875 0.7541666666666667 0.03671875 0.13333333333333333
0 0.8128906250000001 0.7770833333333333 0.032031250000000004 0.1125
0 0.6507812500000001 0.7895833333333334 0.0328125 0.12638888888888888
0 0.650390625 0.9437500000000001 0.041406250000000006 0.12083333333333333
