2 0.401953125 0.38819444444444445 0.09296875 0.2791666666666667
1 0.462890625 0.5715277777777777 0.09453125000000001 0.20416666666666666
1 0.12382812500000001 0.6159722222222223 0.15703125 0.15416666666666667
3 0.521484375 0.19236111111111112 0.03515625 0.08750000000000001
1 0.47187500000000004 0.3229166666666667 0.043750000000000004 0.09027777777777778
0 0.31015625 0.3527777777777778 0.0203125 0.07777777777777778
0 0.33242187500000003 0.36736111111111114 0.02109375 0.07916666666666666
0 0.7230468750000001 0.4666666666666667 0.02890625 0.09166666666666667
0 0.26640625 0.5284722222222222 0.0234375 0.10972222222222222
0 0.304296875 0.5326388888888889 0.02734375 0.11805555555555557
0 0.357421875 0.53125 0.02734375 0.10972222222222222
0 0.3328125 0.5722222222222223 0.028125 0.125
0 0.7125 0.5590277777777778 0.029687500000000002 0.11527777777777778
