1 0.1765625 0.9097222222222222 0.253125 0.16944444444444445
1 0.6578125 0.5902777777777778 0.0578125 0.10555555555555556
1 0.34101562500000004 0.6625 0.12109375 0.12222222222222223
0 0.033984375000000004 0.9020833333333333 0.07109375 0.15694444444444444
0 0.47695312500000003 0.9090277777777778 0.05078125 0.16805555555555557
1 0.66796875 0.30833333333333335 0.03125 0.044444444444444446
0 0.68359375 0.4375 0.021875000000000002 0.061111111111111116
0 0.718359375 0.42430555555555555 0.017968750000000002 0.07083333333333333
0 0.798046875 0.4256944444444445 0.017968750000000002 0.051388888888888894
0 0.7664062500000001 0.44930555555555557 0.018750000000000003 0.06805555555555556
0 0.8265625000000001 0.4701388888888889 0.021875000000000002 0.06527777777777778
0 0.6410156250000001 0.5020833333333333 0.02421875 0.07083333333333333
0 0.734375 0.5006944444444444 0.018750000000000003 0.07916666666666666
0 0.7820312500000001 0.5048611111111111 0.021875000000000002 0.06805555555555556
0 0.722265625 0.6263888888888889 0.02421875 0.1
0 0.65390625 0.6486111111111111 0.026562500000000003 0.10277777777777779
0 0.76953125 0.6451388888888889 0.03125 0.10416666666666667
0 0.56796875 0.6548611111111111 0.0328125 0.10694444444444445
