1 0.669140625 0.5604166666666667 0.09609375 0.12361111111111112
0 0.1328125 0.7798611111111111 0.09375 0.16527777777777777
0 0.7875000000000001 0.7819444444444444 0.046875 0.1638888888888889
0 0.716796875 0.8256944444444445 0.04453125 0.2013888888888889
0 0.451953125 0.5305555555555556 0.03515625 0.075
0 0.7578125 0.5326388888888889 0.0234375 0.07916666666666666
0 0.7957031250000001 0.5270833333333333 0.02109375 0.07916666666666666
0 0.82734375 0.5430555555555556 0.025 0.08055555555555556
0 0.7253906250000001 0.6444444444444445 0.02734375 0.11666666666666667
0 0.771484375 0.6354166666666667 0.032031250000000004 0.1125
