3 0.6550781250000001 0.7513888888888889 0.21484375 0.4777777777777778
2 0.8546875 0.7583333333333334 0.23593750000000002 0.4638888888888889
2 0.58515625 0.25 0.06875 0.13333333333333333
2 0.6707031250000001 0.40208333333333335 0.14609375 0.2847222222222222
1 0.577734375 0.4534722222222222 0.07265625 0.11805555555555557
0 0.21875 0.6319444444444444 0.0390625 0.14166666666666666
0 0.269140625 0.6673611111111112 0.03671875 0.15694444444444444
0 0.333984375 0.7486111111111111 0.04609375 0.17777777777777778
0 0.2546875 0.8368055555555556 0.045312500000000006 0.18472222222222223
0 0.125390625 0.8520833333333334 0.06640625 0.19583333333333333
1 0.43984375000000003 0.8583333333333334 0.140625 0.2972222222222222
1 0.538671875 0.31527777777777777 0.041406250000000006 0.08611111111111111
0 0.50234375 0.45208333333333334 0.0234375 0.09861111111111112
0 0.47773437500000004 0.4847222222222222 0.02421875 0.10277777777777779
0 0.047656250000000004 0.5125000000000001 0.035937500000000004 0.09444444444444444
0 0.201953125 0.5118055555555556 0.03359375 0.0763888888888889
0 0.30117187500000003 0.5694444444444444 0.03515625 0.11111111111111112
0 0.50390625 0.5826388888888889 0.0421875 0.10972222222222222
0 0.194140625 0.5993055555555555 0.032031250000000004 0.11527777777777778
0 0.361328125 0.607638888888889 0.03359375 0.11527777777777778
