1 0.5265625 0.6472222222222223 0.096875 0.11666666666666667
1 0.6585937500000001 0.6541666666666667 0.08125 0.14444444444444446
0 0.468359375 0.7243055555555555 0.047656250000000004 0.12083333333333333
0 0.36562500000000003 0.7458333333333333 0.053125000000000006 0.13055555555555556
0 0.5398437500000001 0.7854166666666667 0.045312500000000006 0.14027777777777778
0 0.140234375 0.8604166666666667 0.06328125 0.12361111111111112
1 0.3984375 0.9006944444444445 0.1234375 0.2013888888888889
1 0.66171875 0.8881944444444445 0.1296875 0.2263888888888889
0 0.121484375 0.9381944444444444 0.07421875 0.1125
1 0.6667968750000001 0.29583333333333334 0.02734375 0.030555555555555558
1 0.706640625 0.30972222222222223 0.022656250000000003 0.02777777777777778
1 0.676953125 0.3298611111111111 0.03671875 0.04861111111111111
0 0.853515625 0.37430555555555556 0.01640625 0.04583333333333334
1 0.646484375 0.38819444444444445 0.041406250000000006 0.05416666666666667
0 0.712890625 0.39513888888888893 0.014843750000000001 0.04583333333333334
1 0.5457031250000001 0.4173611111111111 0.049218750000000006 0.051388888888888894
0 0.7933593750000001 0.4173611111111111 0.014843750000000001 0.05694444444444444
0 0.837109375 0.4222222222222222 0.01640625 0.05
0 0.74765625 0.45069444444444445 0.018750000000000003 0.05416666666666667
0 0.815625 0.4444444444444445 0.018750000000000003 0.06666666666666667
1 0.504296875 0.4756944444444445 0.057031250000000006 0.06805555555555556
0 0.8519531250000001 0.47222222222222227 0.02109375 0.07222222222222223
1 0.6941406250000001 0.4840277777777778 0.047656250000000004 0.07361111111111111
0 0.6746093750000001 0.5291666666666667 0.022656250000000003 0.07777777777777778
0 0.7203125 0.5395833333333333 0.0234375 0.07083333333333333
0 0.7660156250000001 0.5416666666666667 0.02109375 0.07777777777777778
0 0.8015625000000001 0.5423611111111112 0.0203125 0.07916666666666666
0 0.8328125000000001 0.5604166666666667 0.021875000000000002 0.08472222222222223
