0 0.5730468750000001 0.7652777777777778 0.03828125 0.14722222222222223
0 0.2546875 0.8784722222222222 0.0578125 0.18194444444444446
0 0.29335937500000003 0.9284722222222223 0.06484375 0.16527777777777777
1 0.701171875 0.3506944444444445 0.03359375 0.034722222222222224
1 0.573828125 0.39375 0.04453125 0.059722222222222225
1 0.665625 0.39861111111111114 0.0421875 0.05
0 0.835546875 0.38472222222222224 0.02109375 0.05555555555555556
0 0.728125 0.43194444444444446 0.0171875 0.04722222222222222
1 0.45546875000000003 0.48125 0.07187500000000001 0.08194444444444444
0 0.7722656250000001 0.48680555555555555 0.025781250000000002 0.059722222222222225
0 0.59375 0.5055555555555555 0.026562500000000003 0.07222222222222223
0 0.68359375 0.5013888888888889 0.021875000000000002 0.0638888888888889
1 0.7445312500000001 0.5402777777777777 0.07187500000000001 0.08055555555555556
0 0.5164062500000001 0.5777777777777778 0.028125 0.09444444444444444
0 0.63828125 0.6381944444444445 0.03125 0.10138888888888889
