3 0.42421875000000003 0.4291666666666667 0.08281250000000001 0.25277777777777777
3 0.596875 0.4375 0.1015625 0.225
1 0.22421875000000002 0.5333333333333333 0.08281250000000001 0.14166666666666666
0 0.288671875 0.6763888888888889 0.03671875 0.16666666666666669
0 0.886328125 0.7611111111111112 0.057031250000000006 0.1388888888888889
0 0.166015625 0.8104166666666667 0.055468750000000004 0.19861111111111113
0 0.303515625 0.8784722222222222 0.047656250000000004 0.19305555555555556
1 0.554296875 0.8527777777777779 0.18828125 0.2833333333333333
0 0.22382812500000002 0.9020833333333333 0.055468750000000004 0.18472222222222223
0 0.05 0.49097222222222225 0.035937500000000004 0.09861111111111112
0 0.484375 0.6083333333333334 0.0421875 0.10833333333333334
