0 0.15703125 0.8951388888888889 0.07187500000000001 0.1736111111111111
1 0.6589843750000001 0.27569444444444446 0.02421875 0.02638888888888889
1 0.6976562500000001 0.2791666666666667 0.025 0.02777777777777778
1 0.662109375 0.3402777777777778 0.02734375 0.03888888888888889
1 0.619140625 0.3451388888888889 0.03671875 0.0375
0 0.7828125 0.3729166666666667 0.0171875 0.04583333333333334
0 0.818359375 0.3840277777777778 0.017968750000000002 0.04861111111111111
0 0.8460937500000001 0.39861111111111114 0.0171875 0.05
0 0.7429687500000001 0.40972222222222227 0.015625 0.05
0 0.7562500000000001 0.42847222222222225 0.015625 0.059722222222222225
0 0.7984375 0.43194444444444446 0.018750000000000003 0.05277777777777778
0 0.860546875 0.43680555555555556 0.01953125 0.05694444444444444
0 0.775390625 0.45625000000000004 0.01640625 0.059722222222222225
0 0.72578125 0.4652777777777778 0.018750000000000003 0.06666666666666667
0 0.625 0.48055555555555557 0.0203125 0.07222222222222223
0 0.6472656250000001 0.48680555555555555 0.01953125 0.07361111111111111
0 0.7054687500000001 0.5027777777777778 0.018750000000000003 0.075
0 0.7722656250000001 0.5277777777777778 0.022656250000000003 0.08611111111111111
0 0.578125 0.5916666666666667 0.03125 0.09722222222222222
0 0.61484375 0.58125 0.028125 0.09583333333333334
0 0.490234375 0.6652777777777779 0.039843750000000004 0.11944444444444445
0 0.388671875 0.6736111111111112 0.041406250000000006 0.11388888888888889
0 0.669921875 0.7312500000000001 0.03671875 0.11805555555555557
