1 0.2421875 0.4305555555555556 0.1390625 0.09722222222222222
0 0.606640625 0.44375000000000003 0.06484375 0.09305555555555556
0 0.9050781250000001 0.5159722222222223 0.06640625 0.11527777777777778
0 0.39375000000000004 0.5402777777777777 0.0734375 0.13333333333333333
0 0.48867187500000003 0.5486111111111112 0.05859375 0.11944444444444445
0 0.54453125 0.5604166666666667 0.0578125 0.12361111111111112
0 0.63984375 0.5708333333333333 0.060937500000000006 0.11111111111111112
0 0.77734375 0.6048611111111112 0.0578125 0.12916666666666668
0 0.2546875 0.6402777777777778 0.0390625 0.15555555555555556
0 0.597265625 0.6395833333333334 0.08359375000000001 0.1125
1 0.10625000000000001 0.8354166666666667 0.1859375 0.2763888888888889
0 0.5875 0.33194444444444443 0.026562500000000003 0.07222222222222223
0 0.25546875 0.4840277777777778 0.06875 0.07916666666666666
0 0.01953125 0.5034722222222222 0.037500000000000006 0.08194444444444444
0 0.1015625 0.50625 0.043750000000000004 0.08194444444444444
