1 0.401953125 0.51875 0.08203125 0.09027777777777778
1 0.837109375 0.6326388888888889 0.16015625 0.13194444444444445
0 0.3609375 0.7708333333333334 0.05 0.14722222222222223
1 0.09726562500000001 0.8194444444444445 0.19921875 0.2
0 0.6703125000000001 0.9256944444444445 0.046875 0.15972222222222224
1 0.701171875 0.3076388888888889 0.025781250000000002 0.02638888888888889
1 0.6160156250000001 0.3354166666666667 0.03671875 0.0625
1 0.646484375 0.3625 0.03359375 0.04166666666666667
1 0.70234375 0.35208333333333336 0.03125 0.0375
1 0.58515625 0.3840277777777778 0.037500000000000006 0.04583333333333334
0 0.74140625 0.39722222222222225 0.018750000000000003 0.05
0 0.791015625 0.40347222222222223 0.01953125 0.04861111111111111
0 0.85078125 0.4138888888888889 0.018750000000000003 0.05277777777777778
0 0.821875 0.42708333333333337 0.018750000000000003 0.051388888888888894
0 0.8718750000000001 0.425 0.018750000000000003 0.05277777777777778
1 0.68125 0.44583333333333336 0.043750000000000004 0.06666666666666667
0 0.7371093750000001 0.4708333333333333 0.017968750000000002 0.05555555555555556
0 0.619140625 0.48958333333333337 0.01953125 0.059722222222222225
0 0.8289062500000001 0.48541666666666666 0.021875000000000002 0.06805555555555556
0 0.87890625 0.5118055555555556 0.025 0.07916666666666666
0 0.7816406250000001 0.5506944444444445 0.025781250000000002 0.08472222222222223
0 0.794921875 0.5666666666666667 0.03359375 0.08611111111111111
0 0.62890625 0.5777777777777778 0.025 0.08611111111111111
0 0.7351562500000001 0.5854166666666667 0.028125 0.09027777777777778
0 0.67890625 0.6020833333333333 0.028125 0.09583333333333334
0 0.58828125 0.6201388888888889 0.03125 0.09861111111111112
0 0.4703125 0.6583333333333333 0.035937500000000004 0.10555555555555556
0 0.5125000000000001 0.7041666666666667 0.034375 0.12222222222222223
