1 0.42734375 0.36875 0.134375 0.10138888888888889
1 0.23945312500000002 0.39722222222222225 0.14921875 0.12222222222222223
1 0.74140625 0.3993055555555556 0.115625 0.10416666666666667
0 0.20859375000000002 0.5125000000000001 0.043750000000000004 0.15
0 0.166796875 0.21875 0.01953125 0.04583333333333334
0 0.12578125 0.25833333333333336 0.015625 0.05277777777777778
0 0.33320312500000004 0.24930555555555556 0.03359375 0.05416666666666667
0 0.5496093750000001 0.2576388888888889 0.025781250000000002 0.0625
0 0.15390625000000002 0.2798611111111111 0.021875000000000002 0.06805555555555556
0 0.220703125 0.2777777777777778 0.02421875 0.06944444444444445
0 0.19257812500000002 0.3111111111111111 0.02421875 0.07222222222222223
