2 0.63046875 0.3784722222222222 0.0546875 0.10138888888888889
1 0.555078125 0.5597222222222222 0.06171875 0.10555555555555556
1 0.16562500000000002 0.6729166666666667 0.1453125 0.12083333333333333
1 0.051953125 0.8361111111111111 0.10546875 0.15555555555555556
0 0.323046875 0.8770833333333333 0.05234375 0.1486111111111111
1 0.505859375 0.9111111111111111 0.13203125000000002 0.18055555555555555
4 0.8910156250000001 0.9375 0.05390625 0.13055555555555556
1 0.7000000000000001 0.3215277777777778 0.026562500000000003 0.04027777777777778
0 0.83984375 0.3493055555555556 0.0140625 0.034722222222222224
1 0.7093750000000001 0.36875 0.037500000000000006 0.0375
0 0.80859375 0.37083333333333335 0.015625 0.04166666666666667
0 0.88203125 0.39513888888888893 0.015625 0.043055555555555555
1 0.712109375 0.41250000000000003 0.03359375 0.05277777777777778
0 0.761328125 0.40972222222222227 0.017968750000000002 0.044444444444444446
0 0.8343750000000001 0.4083333333333333 0.0171875 0.04722222222222222
1 0.58125 0.43472222222222223 0.0421875 0.05555555555555556
0 0.6734375 0.43125 0.0140625 0.04861111111111111
0 0.800390625 0.4465277777777778 0.017968750000000002 0.05416666666666667
0 0.8718750000000001 0.44722222222222224 0.018750000000000003 0.05555555555555556
1 0.48828125 0.46458333333333335 0.059375000000000004 0.05694444444444444
0 0.7671875 0.4638888888888889 0.0203125 0.05555555555555556
0 0.822265625 0.4701388888888889 0.01640625 0.05694444444444444
0 0.677734375 0.4930555555555556 0.01953125 0.06666666666666667
0 0.723828125 0.4861111111111111 0.01953125 0.0638888888888889
0 0.823828125 0.5270833333333333 0.022656250000000003 0.07083333333333333
1 0.34218750000000003 0.5506944444444445 0.09843750000000001 0.08750000000000001
0 0.48750000000000004 0.5541666666666667 0.026562500000000003 0.08055555555555556
1 0.6800781250000001 0.5701388888888889 0.05390625 0.08750000000000001
0 0.794921875 0.5875 0.02421875 0.09166666666666667
0 0.47265625 0.6402777777777778 0.03125 0.08333333333333334
0 0.551953125 0.6381944444444445 0.02890625 0.07916666666666666
0 0.6000000000000001 0.6479166666666667 0.03125 0.09583333333333334
0 0.708203125 0.64375 0.025781250000000002 0.09583333333333334
0 0.839453125 0.6465277777777778 0.025781250000000002 0.10138888888888889
0 0.7464843750000001 0.6673611111111112 0.030468750000000003 0.10416666666666667
0 0.645703125 0.6743055555555556 0.02890625 0.09861111111111112
0 0.565625 0.7215277777777778 0.037500000000000006 0.10138888888888889
0 0.32343750000000004 0.7312500000000001 0.040625 0.10694444444444445
0 0.62890625 0.7423611111111111 0.034375 0.11805555555555557
0 0.41718750000000004 0.7506944444444444 0.037500000000000006 0.1125
0 0.471484375 0.757638888888889 0.03828125 0.10972222222222222
0 0.5390625 0.7715277777777778 0.0390625 0.10972222222222222
0 0.859375 0.7770833333333333 0.0328125 0.12916666666666668
0 0.26484375 0.8 0.034375 0.13333333333333333
