0 0.45390625 0.6826388888888889 0.043750000000000004 0.1763888888888889
0 0.21015625000000002 0.7395833333333334 0.0484375 0.19583333333333333
0 0.2828125 0.7604166666666667 0.043750000000000004 0.1902777777777778
2 0.720703125 0.8229166666666667 0.20390625 0.33472222222222225
1 0.46601562500000004 0.35208333333333336 0.047656250000000004 0.09861111111111112
0 0.330859375 0.44930555555555557 0.030468750000000003 0.10972222222222222
0 0.126953125 0.47500000000000003 0.06640625 0.07777777777777778
0 0.0203125 0.5229166666666667 0.040625 0.09027777777777778
0 0.270703125 0.5819444444444445 0.03359375 0.11111111111111112
0 0.3796875 0.5902777777777778 0.037500000000000006 0.1277777777777778
0 0.3296875 0.61875 0.034375 0.12916666666666668
