1 0.354296875 0.43819444444444444 0.12578125 0.1763888888888889
1 0.7562500000000001 0.6611111111111111 0.1703125 0.23611111111111113
1 0.634375 0.7194444444444444 0.19843750000000002 0.25277777777777777
0 0.234375 0.21944444444444444 0.040625 0.05555555555555556
1 0.1640625 0.23541666666666666 0.0421875 0.07916666666666666
0 0.134765625 0.2888888888888889 0.01640625 0.04722222222222222
0 0.18476562500000002 0.33958333333333335 0.022656250000000003 0.07916666666666666
0 0.4234375 0.36597222222222225 0.051562500000000004 0.0763888888888889
0 0.20078125000000002 0.41250000000000003 0.026562500000000003 0.09444444444444444
0 0.7898437500000001 0.4361111111111111 0.03125 0.1
0 0.65390625 0.4548611111111111 0.0328125 0.11527777777777778
0 0.7375 0.4465277777777778 0.026562500000000003 0.10138888888888889
0 0.598828125 0.48333333333333334 0.03359375 0.11388888888888889
0 0.718359375 0.5020833333333333 0.02890625 0.10416666666666667
0 0.2390625 0.5236111111111111 0.035937500000000004 0.125
