2 0.802734375 0.3388888888888889 0.17890625000000002 0.15555555555555556
0 0.397265625 0.6486111111111111 0.047656250000000004 0.1388888888888889
0 0.9359375000000001 0.6729166666666667 0.043750000000000004 0.1486111111111111
1 0.6875 0.7729166666666667 0.146875 0.2569444444444445
0 0.362109375 0.81875 0.05234375 0.1513888888888889
1 0.09765625 0.8972222222222223 0.16718750000000002 0.2111111111111111
0 0.24531250000000002 0.4048611111111111 0.025 0.059722222222222225
0 0.880078125 0.49583333333333335 0.03359375 0.10555555555555556
0 0.342578125 0.5298611111111111 0.04296875 0.10416666666666667
0 0.11210937500000001 0.5527777777777778 0.025781250000000002 0.1
