0 0.7484375000000001 0.6395833333333334 0.0421875 0.1486111111111111
0 0.63828125 0.7465277777777778 0.0390625 0.15972222222222224
0 0.874609375 0.7791666666666667 0.05078125 0.15
1 0.5320312500000001 0.23750000000000002 0.037500000000000006 0.05277777777777778
0 0.33046875000000003 0.3298611111111111 0.0203125 0.07083333333333333
0 0.494921875 0.3784722222222222 0.02890625 0.0763888888888889
0 0.721875 0.37569444444444444 0.021875000000000002 0.07083333333333333
0 0.19375 0.40694444444444444 0.0484375 0.08055555555555556
0 0.3953125 0.4236111111111111 0.043750000000000004 0.08611111111111111
0 0.503125 0.4756944444444445 0.043750000000000004 0.07916666666666666
