0 0.436328125 0.40902777777777777 0.05234375 0.12916666666666668
0 0.2015625 0.4701388888888889 0.08125 0.18472222222222223
1 0.017578125 0.7486111111111111 0.03515625 0.2111111111111111
0 0.17890625000000002 0.17569444444444446 0.028125 0.07083333333333333
0 0.6062500000000001 0.18611111111111112 0.0140625 0.04166666666666667
0 0.6195312500000001 0.17847222222222223 0.0140625 0.04027777777777778
0 0.641796875 0.18680555555555556 0.014843750000000001 0.043055555555555555
0 0.5921875 0.22013888888888888 0.0203125 0.04861111111111111
0 0.54296875 0.2625 0.025 0.06666666666666667
0 0.39492187500000003 0.3861111111111111 0.032031250000000004 0.08611111111111111
