2 0.36484375 0.39583333333333337 0.11093750000000001 0.2972222222222222
0 0.521875 0.7055555555555556 0.059375000000000004 0.13333333333333333
0 0.78125 0.6965277777777779 0.059375000000000004 0.14027777777777778
0 0.118359375 0.8013888888888889 0.05078125 0.18055555555555555
0 0.530859375 0.7833333333333333 0.06015625 0.14444444444444446
0 0.9328125 0.8166666666666667 0.07500000000000001 0.1638888888888889
1 0.21484375 0.8534722222222223 0.1625 0.2986111111111111
0 0.56484375 0.9013888888888889 0.0421875 0.19722222222222224
0 0.8679687500000001 0.9125000000000001 0.0765625 0.1527777777777778
0 0.283203125 0.4361111111111111 0.02421875 0.09722222222222222
0 0.625 0.4527777777777778 0.025 0.09166666666666667
0 0.20234375000000002 0.5444444444444445 0.03125 0.09444444444444444
0 0.6976562500000001 0.5423611111111112 0.037500000000000006 0.11527777777777778
0 0.759765625 0.5486111111111112 0.039843750000000004 0.10833333333333334
0 0.6058593750000001 0.5625 0.03671875 0.13055555555555556
0 0.20039062500000002 0.6826388888888889 0.041406250000000006 0.1125
