1 0.4578125 0.6715277777777778 0.09375 0.12916666666666668
1 0.640234375 0.6659722222222223 0.07890625000000001 0.12361111111111112
0 0.35664062500000004 0.7312500000000001 0.041406250000000006 0.1375
1 0.710546875 0.7722222222222223 0.11328125 0.17777777777777778
0 0.244140625 0.8277777777777778 0.05390625 0.14722222222222223
1 0.466796875 0.8465277777777778 0.09921875000000001 0.1486111111111111
0 0.237109375 0.945138888888889 0.06171875 0.10694444444444445
0 0.40156250000000004 0.9256944444444445 0.060937500000000006 0.1513888888888889
0 0.526953125 0.9402777777777778 0.06171875 0.11666666666666667
0 0.81015625 0.9409722222222222 0.065625 0.10416666666666667
1 0.6121093750000001 0.36736111111111114 0.03515625 0.05416666666666667
0 0.8152343750000001 0.3763888888888889 0.01640625 0.044444444444444446
1 0.694921875 0.39583333333333337 0.041406250000000006 0.05555555555555556
0 0.858984375 0.3875 0.01640625 0.05277777777777778
0 0.7917968750000001 0.4361111111111111 0.01640625 0.05555555555555556
0 0.81015625 0.42708333333333337 0.015625 0.05694444444444444
0 0.8406250000000001 0.42986111111111114 0.0171875 0.05416666666666667
0 0.85703125 0.45069444444444445 0.0203125 0.06527777777777778
1 0.6996093750000001 0.46458333333333335 0.04609375 0.0763888888888889
1 0.59921875 0.49583333333333335 0.05625 0.08055555555555556
1 0.38007812500000004 0.5333333333333333 0.08203125 0.07777777777777778
0 0.62265625 0.5527777777777778 0.025 0.06944444444444445
0 0.6839843750000001 0.5465277777777778 0.022656250000000003 0.08194444444444444
0 0.491015625 0.5777777777777778 0.03359375 0.07777777777777778
0 0.5359375000000001 0.5791666666666667 0.0328125 0.08888888888888889
0 0.7078125000000001 0.6006944444444444 0.026562500000000003 0.09305555555555556
