0 0.27773437500000003 0.6277777777777778 0.047656250000000004 0.19166666666666668
0 0.7644531250000001 0.7451388888888889 0.05859375 0.2013888888888889
1 0.16875 0.23958333333333334 0.051562500000000004 0.07083333333333333
1 0.24726562500000002 0.2576388888888889 0.049218750000000006 0.06805555555555556
0 0.371875 0.27083333333333337 0.035937500000000004 0.05555555555555556
1 0.20820312500000002 0.2902777777777778 0.05078125 0.07222222222222223
0 0.17695312500000002 0.3611111111111111 0.022656250000000003 0.08611111111111111
0 0.737890625 0.3652777777777778 0.039843750000000004 0.08055555555555556
0 0.28046875 0.48888888888888893 0.0328125 0.1277777777777778
0 0.230859375 0.5041666666666667 0.03359375 0.13333333333333333
