3 0.558203125 0.33263888888888893 0.057031250000000006 0.14305555555555557
0 0.19453125000000002 0.6833333333333333 0.0484375 0.18055555555555555
0 0.296875 0.6666666666666667 0.051562500000000004 0.15555555555555556
1 0.716796875 0.6666666666666667 0.14140625 0.20555555555555557
0 0.8578125000000001 0.7583333333333334 0.053125000000000006 0.15833333333333333
1 0.563671875 0.21597222222222223 0.03359375 0.05694444444444444
1 0.53671875 0.2423611111111111 0.0328125 0.059722222222222225
0 0.312109375 0.3472222222222222 0.025781250000000002 0.08611111111111111
0 0.37890625 0.3548611111111111 0.0234375 0.07916666666666666
1 0.443359375 0.36736111111111114 0.04609375 0.10138888888888889
0 0.61640625 0.36875 0.0234375 0.07083333333333333
0 0.6566406250000001 0.375 0.02109375 0.05555555555555556
0 0.6472656250000001 0.44583333333333336 0.032031250000000004 0.08888888888888889
0 0.5125000000000001 0.46805555555555556 0.025 0.10833333333333334
0 0.33046875000000003 0.48958333333333337 0.029687500000000002 0.1125
0 0.7074218750000001 0.49097222222222225 0.02890625 0.10694444444444445
0 0.75390625 0.5013888888888889 0.029687500000000002 0.10833333333333334
0 0.37812500000000004 0.5201388888888889 0.034375 0.12638888888888888
0 0.8230468750000001 0.5479166666666667 0.032031250000000004 0.10138888888888889
0 0.778515625 0.58125 0.039843750000000004 0.12361111111111112
