2 0.28984375 0.576388888888889 0.203125 0.2138888888888889
1 0.6179687500000001 0.63125 0.06406250000000001 0.12083333333333333
0 0.447265625 0.8291666666666667 0.05390625 0.1527777777777778
0 0.602734375 0.8659722222222223 0.04609375 0.16805555555555557
0 0.047265625000000006 0.9152777777777779 0.07109375 0.1527777777777778
0 0.148828125 0.9284722222222223 0.07890625000000001 0.13472222222222222
1 0.6644531250000001 0.2847222222222222 0.025781250000000002 0.04166666666666667
1 0.696875 0.2826388888888889 0.025 0.04027777777777778
1 0.65 0.3423611111111111 0.028125 0.0375
0 0.868359375 0.36736111111111114 0.014843750000000001 0.043055555555555555
0 0.802734375 0.39375 0.01640625 0.05416666666666667
1 0.6859375000000001 0.43472222222222223 0.045312500000000006 0.07777777777777778
0 0.7718750000000001 0.4652777777777778 0.0203125 0.07222222222222223
0 0.870703125 0.46805555555555556 0.01953125 0.06666666666666667
1 0.6109375 0.48194444444444445 0.046875 0.075
0 0.8269531250000001 0.48680555555555555 0.025781250000000002 0.07916666666666666
0 0.602734375 0.5215277777777778 0.025781250000000002 0.08194444444444444
0 0.677734375 0.5375 0.032031250000000004 0.08888888888888889
0 0.873046875 0.5520833333333334 0.025781250000000002 0.07916666666666666
0 0.7390625000000001 0.5819444444444445 0.018750000000000003 0.08888888888888889
0 0.821484375 0.6055555555555556 0.022656250000000003 0.08611111111111111
0 0.761328125 0.625 0.02421875 0.09444444444444444
0 0.3328125 0.6819444444444445 0.0390625 0.10555555555555556
0 0.733984375 0.7340277777777778 0.032031250000000004 0.12083333333333333
