1 0.12617187500000002 0.7840277777777778 0.21484375 0.1763888888888889
1 0.24609375 0.6104166666666667 0.1296875 0.1125
1 0.338671875 0.6402777777777778 0.12265625000000001 0.10555555555555556
0 0.5015625 0.7201388888888889 0.035937500000000004 0.14583333333333334
0 0.8390625 0.8375 0.0421875 0.15
0 0.42617187500000003 0.8645833333333334 0.057031250000000006 0.15972222222222224
0 0.566796875 0.8604166666666667 0.049218750000000006 0.17083333333333334
0 0.9578125000000001 0.8791666666666667 0.05 0.18333333333333335
1 0.640234375 0.2923611111111111 0.02890625 0.034722222222222224
0 0.81640625 0.3215277777777778 0.0140625 0.034722222222222224
1 0.516015625 0.33472222222222225 0.030468750000000003 0.03888888888888889
1 0.661328125 0.35555555555555557 0.03359375 0.03888888888888889
0 0.841015625 0.35000000000000003 0.01640625 0.036111111111111115
0 0.744140625 0.3784722222222222 0.01953125 0.051388888888888894
0 0.7777343750000001 0.3791666666666667 0.017968750000000002 0.05
1 0.6214843750000001 0.4 0.04296875 0.061111111111111116
0 0.8406250000000001 0.40555555555555556 0.018750000000000003 0.044444444444444446
1 0.547265625 0.4430555555555556 0.05234375 0.0638888888888889
1 0.6664062500000001 0.4569444444444445 0.0421875 0.075
0 0.809765625 0.4430555555555556 0.01953125 0.05277777777777778
0 0.62890625 0.4763888888888889 0.0171875 0.07222222222222223
0 0.8363281250000001 0.49583333333333335 0.022656250000000003 0.061111111111111116
0 0.8621093750000001 0.5083333333333333 0.022656250000000003 0.06666666666666667
1 0.530859375 0.53125 0.057031250000000006 0.08194444444444444
0 0.7878906250000001 0.5395833333333333 0.02109375 0.07916666666666666
0 0.6671875 0.5715277777777777 0.029687500000000002 0.10138888888888889
0 0.7171875000000001 0.5673611111111111 0.0234375 0.08750000000000001
0 0.7367187500000001 0.5666666666666667 0.0234375 0.09166666666666667
0 0.823828125 0.5722222222222223 0.02421875 0.08055555555555556
0 0.6101562500000001 0.5770833333333334 0.029687500000000002 0.08750000000000001
0 0.5593750000000001 0.6256944444444444 0.034375 0.12916666666666668
0 0.8597656250000001 0.625 0.02890625 0.09722222222222222
0 0.7046875 0.64375 0.028125 0.10138888888888889
0 0.749609375 0.70625 0.03359375 0.12083333333333333
0 0.80859375 0.7027777777777778 0.034375 0.11388888888888889
0 0.35859375000000004 0.7312500000000001 0.0421875 0.11805555555555557
0 0.619140625 0.7416666666666667 0.03828125 0.13055555555555556
0 0.855078125 0.9520833333333334 0.04453125 0.09027777777777778
