1 0.390625 0.7194444444444444 0.15781250000000002 0.2
1 0.58046875 0.7090277777777778 0.1078125 0.14583333333333334
0 0.6937500000000001 0.7944444444444445 0.034375 0.1638888888888889
0 0.8484375000000001 0.7972222222222223 0.040625 0.15
0 0.7488281250000001 0.8131944444444444 0.03671875 0.1736111111111111
0 0.6078125000000001 0.8527777777777779 0.046875 0.14166666666666666
0 0.44921875 0.9152777777777779 0.059375000000000004 0.14444444444444446
0 0.6644531250000001 0.9034722222222222 0.05078125 0.17916666666666667
0 0.784375 0.9375 0.046875 0.13055555555555556
0 0.64375 0.3548611111111111 0.0171875 0.04027777777777778
0 0.624609375 0.3729166666666667 0.01953125 0.04583333333333334
0 0.68515625 0.4076388888888889 0.029687500000000002 0.05694444444444444
0 0.7312500000000001 0.4118055555555556 0.0234375 0.04861111111111111
0 0.751171875 0.5770833333333334 0.02734375 0.08194444444444444
0 0.732421875 0.6625 0.02890625 0.11111111111111112
0 0.798828125 0.6659722222222223 0.03515625 0.1125
0 0.6683593750000001 0.6951388888888889 0.03359375 0.13194444444444445
