2 0.39960937500000004 0.2923611111111111 0.07734375 0.18194444444444446
1 0.34023437500000003 0.4729166666666667 0.08515625 0.16805555555555557
1 0.41523437500000004 0.6215277777777778 0.10078125 0.19861111111111113
0 0.77734375 0.61875 0.045312500000000006 0.1375
0 0.8464843750000001 0.6652777777777779 0.05234375 0.14444444444444446
0 0.147265625 0.7020833333333334 0.039843750000000004 0.1625
0 0.51875 0.7041666666666667 0.053125000000000006 0.13055555555555556
0 0.7046875 0.7618055555555556 0.0484375 0.17083333333333334
0 0.5398437500000001 0.7826388888888889 0.0484375 0.14583333333333334
0 0.9546875 0.7965277777777778 0.060937500000000006 0.1513888888888889
0 0.8328125000000001 0.8215277777777779 0.0625 0.1513888888888889
0 0.56484375 0.9048611111111111 0.043750000000000004 0.19305555555555556
0 0.8656250000000001 0.9416666666666667 0.06406250000000001 0.11388888888888889
0 0.9640625 0.9381944444444444 0.065625 0.11805555555555557
0 0.6414062500000001 0.44375000000000003 0.028125 0.10138888888888889
0 0.125 0.4743055555555556 0.053125000000000006 0.07916666666666666
0 0.25234375000000003 0.47500000000000003 0.029687500000000002 0.1
0 0.58125 0.46597222222222223 0.028125 0.10972222222222222
0 0.18828125 0.48888888888888893 0.029687500000000002 0.10833333333333334
0 0.405859375 0.48194444444444445 0.02734375 0.08888888888888889
0 0.70625 0.5111111111111112 0.0328125 0.11666666666666667
0 0.6839843750000001 0.5784722222222223 0.03828125 0.11805555555555557
0 0.234765625 0.6062500000000001 0.03359375 0.11527777777777778
0 0.71640625 0.65625 0.043750000000000004 0.1125
