0 0.3640625 0.3736111111111111 0.0484375 0.14166666666666666
0 0.507421875 0.5277777777777778 0.05234375 0.17222222222222222
0 0.6796875 0.22083333333333335 0.0125 0.05
0 0.6507812500000001 0.2326388888888889 0.015625 0.059722222222222225
0 0.659765625 0.23402777777777778 0.014843750000000001 0.05694444444444444
0 0.540234375 0.2576388888888889 0.02421875 0.07083333333333333
0 0.47421875 0.3 0.03125 0.09166666666666667
0 0.30234375 0.31875000000000003 0.0390625 0.10694444444444445
0 0.49765625 0.3479166666666667 0.035937500000000004 0.09305555555555556
0 0.5859375 0.3548611111111111 0.029687500000000002 0.10694444444444445
0 0.653515625 0.36597222222222225 0.02734375 0.09583333333333334
