0 0.491796875 0.46805555555555556 0.05078125 0.14444444444444446
0 0.56796875 0.48333333333333334 0.0421875 0.1527777777777778
0 0.07734375 0.6597222222222222 0.11406250000000001 0.2833333333333333
0 0.36445312500000004 0.7527777777777778 0.09609375 0.29444444444444445
0 0.6078125000000001 0.2 0.018750000000000003 0.05555555555555556
0 0.679296875 0.23472222222222222 0.01640625 0.05277777777777778
0 0.6468750000000001 0.25277777777777777 0.0203125 0.06666666666666667
0 0.4703125 0.2729166666666667 0.029687500000000002 0.07361111111111111
0 0.630078125 0.3 0.02734375 0.08055555555555556
0 0.6039062500000001 0.36944444444444446 0.03125 0.09722222222222222
0 0.6687500000000001 0.40625 0.029687500000000002 0.11527777777777778
