2 0.34921875 0.7284722222222223 0.209375 0.4375
1 0.24375000000000002 0.6256944444444444 0.109375 0.10694444444444445
1 0.516015625 0.8625 0.11953125 0.16944444444444445
0 0.09140625000000001 0.90625 0.0734375 0.16527777777777777
0 0.171875 0.9375 0.078125 0.12222222222222223
1 0.7015625000000001 0.28125 0.028125 0.03194444444444445
0 0.859375 0.37430555555555556 0.0171875 0.04583333333333334
1 0.65546875 0.3902777777777778 0.043750000000000004 0.05
0 0.815625 0.4173611111111111 0.015625 0.051388888888888894
0 0.6941406250000001 0.43680555555555556 0.02109375 0.051388888888888894
0 0.733984375 0.42708333333333337 0.017968750000000002 0.05416666666666667
0 0.7601562500000001 0.42708333333333337 0.015625 0.051388888888888894
0 0.65625 0.4534722222222222 0.021875000000000002 0.05416666666666667
0 0.7058593750000001 0.4430555555555556 0.02109375 0.05277777777777778
1 0.5390625 0.4763888888888889 0.060937500000000006 0.0638888888888889
0 0.7828125 0.4638888888888889 0.0171875 0.05555555555555556
0 0.8421875000000001 0.46458333333333335 0.018750000000000003 0.06805555555555556
0 0.813671875 0.5104166666666667 0.017968750000000002 0.08472222222222223
1 0.65 0.5326388888888889 0.0546875 0.09305555555555556
0 0.77734375 0.5486111111111112 0.026562500000000003 0.1
0 0.853125 0.5534722222222223 0.0234375 0.08472222222222223
1 0.55 0.5708333333333333 0.059375000000000004 0.08888888888888889
0 0.6042968750000001 0.6173611111111111 0.025781250000000002 0.09305555555555556
0 0.7308593750000001 0.6194444444444445 0.025781250000000002 0.1
0 0.6472656250000001 0.6368055555555556 0.025781250000000002 0.09583333333333334
0 0.8421875000000001 0.6590277777777778 0.026562500000000003 0.10416666666666667
0 0.835546875 0.7986111111111112 0.02734375 0.13055555555555556
