1 0.22187500000000002 0.6486111111111111 0.1265625 0.10277777777777779
0 0.56640625 0.7909722222222223 0.046875 0.13472222222222222
0 0.2765625 0.8250000000000001 0.05 0.1277777777777778
0 0.48125 0.8236111111111112 0.053125000000000006 0.13055555555555556
0 0.861328125 0.8875000000000001 0.041406250000000006 0.14722222222222223
0 0.203515625 0.9395833333333333 0.05390625 0.12361111111111112
0 0.276953125 0.9361111111111111 0.055468750000000004 0.125
0 0.423828125 0.9263888888888889 0.06015625 0.14444444444444446
1 0.69453125 0.35694444444444445 0.0328125 0.05277777777777778
1 0.5796875 0.3770833333333333 0.0328125 0.051388888888888894
1 0.6410156250000001 0.3861111111111111 0.032031250000000004 0.05555555555555556
1 0.6121093750000001 0.40694444444444444 0.032031250000000004 0.061111111111111116
1 0.6917968750000001 0.4048611111111111 0.03515625 0.07083333333333333
0 0.7640625000000001 0.41805555555555557 0.0171875 0.05277777777777778
1 0.509375 0.45208333333333334 0.051562500000000004 0.0625
1 0.65 0.44236111111111115 0.046875 0.07083333333333333
0 0.856640625 0.45555555555555555 0.01640625 0.05555555555555556
0 0.723828125 0.46944444444444444 0.017968750000000002 0.06666666666666667
0 0.8757812500000001 0.4673611111111111 0.0203125 0.06805555555555556
0 0.8031250000000001 0.48194444444444445 0.018750000000000003 0.06666666666666667
1 0.40390625 0.53125 0.07968750000000001 0.0763888888888889
1 0.646484375 0.5347222222222222 0.047656250000000004 0.07777777777777778
0 0.7503906250000001 0.5513888888888889 0.022656250000000003 0.08055555555555556
0 0.496875 0.6048611111111112 0.0328125 0.08750000000000001
0 0.6667968750000001 0.5986111111111111 0.025781250000000002 0.07222222222222223
0 0.42304687500000004 0.6416666666666667 0.032031250000000004 0.08055555555555556
0 0.6882812500000001 0.6868055555555556 0.029687500000000002 0.1125
0 0.771484375 0.6854166666666667 0.032031250000000004 0.12083333333333333
0 0.48984375 0.7048611111111112 0.0390625 0.09583333333333334
0 0.6199218750000001 0.7138888888888889 0.02890625 0.09722222222222222
0 0.7375 0.7243055555555555 0.029687500000000002 0.11805555555555557
0 0.33906250000000004 0.7347222222222223 0.0484375 0.11666666666666667
0 0.868359375 0.7520833333333333 0.030468750000000003 0.12361111111111112
0 0.6355468750000001 0.7923611111111112 0.03828125 0.12638888888888888
0 0.712109375 0.7909722222222223 0.03359375 0.1125
