0 0.42734375 0.7145833333333333 0.035937500000000004 0.1625
0 0.09140625000000001 0.7902777777777779 0.046875 0.15
0 0.25703125 0.8166666666666667 0.035937500000000004 0.1638888888888889
0 0.3875 0.8173611111111111 0.0328125 0.18194444444444446
0 0.3171875 0.8986111111111111 0.046875 0.17777777777777778
1 0.38125000000000003 0.26944444444444443 0.037500000000000006 0.06944444444444445
1 0.58828125 0.3194444444444445 0.096875 0.0638888888888889
0 0.361328125 0.38819444444444445 0.04453125 0.07916666666666666
0 0.563671875 0.43472222222222223 0.04609375 0.075
0 0.7800781250000001 0.45069444444444445 0.041406250000000006 0.08472222222222223
0 0.868359375 0.46944444444444444 0.05234375 0.08888888888888889
0 0.40703125 0.5291666666666667 0.025 0.09722222222222222
0 0.158984375 0.5604166666666667 0.06953125 0.07916666666666666
0 0.33242187500000003 0.5645833333333333 0.02734375 0.10694444444444445
0 0.37812500000000004 0.5881944444444445 0.026562500000000003 0.12916666666666668
