3 0.448437 0.250000 0.068750 0.213889
3 0.623437 0.233333 0.050000 0.122222
3 0.578125 0.392361 0.093750 0.218056
1 0.685547 0.386111 0.091406 0.122222
1 0.272656 0.577083 0.140625 0.254167
0 0.031641 0.775000 0.061719 0.225000
1 0.378906 0.266667 0.053125 0.097222
0 0.334766 0.325694 0.022656 0.087500
0 0.287891 0.359028 0.024219 0.093056
0 0.782813 0.406250 0.026562 0.084722
0 0.217188 0.443056 0.034375 0.116667
0 0.757422 0.463889 0.033594 0.108333
0 0.803125 0.523611 0.039062 0.100000
