1 0.444140625 0.5506944444444445 0.08671875000000001 0.09305555555555556
1 0.523046875 0.6263888888888889 0.09140625000000001 0.11666666666666667
1 0.6605468750000001 0.6291666666666667 0.06953125 0.11666666666666667
0 0.28125 0.7034722222222223 0.046875 0.12083333333333333
0 0.48984375 0.775 0.043750000000000004 0.14166666666666666
0 0.355078125 0.8222222222222223 0.055468750000000004 0.1388888888888889
0 0.1484375 0.86875 0.0671875 0.15416666666666667
0 0.388671875 0.8548611111111112 0.05234375 0.15694444444444444
0 0.5734375 0.8618055555555556 0.045312500000000006 0.16805555555555557
0 0.211328125 0.9125000000000001 0.07890625000000001 0.16666666666666669
0 0.70234375 0.9104166666666667 0.051562500000000004 0.17916666666666667
0 0.33984375 0.9430555555555556 0.0734375 0.12222222222222223
1 0.6371093750000001 0.30208333333333337 0.02890625 0.034722222222222224
1 0.700390625 0.29930555555555555 0.02890625 0.03194444444444445
1 0.6664062500000001 0.34097222222222223 0.029687500000000002 0.0375
0 0.727734375 0.3770833333333333 0.014843750000000001 0.04583333333333334
0 0.8011718750000001 0.3729166666666667 0.017968750000000002 0.051388888888888894
0 0.75546875 0.38819444444444445 0.0171875 0.05416666666666667
0 0.8328125000000001 0.4166666666666667 0.0203125 0.05555555555555556
1 0.623046875 0.43333333333333335 0.04453125 0.06944444444444445
1 0.6917968750000001 0.45208333333333334 0.049218750000000006 0.07083333333333333
0 0.543359375 0.48750000000000004 0.02421875 0.06944444444444445
1 0.6316406250000001 0.4951388888888889 0.04296875 0.0763888888888889
0 0.791015625 0.4861111111111111 0.02109375 0.06944444444444445
0 0.598046875 0.513888888888889 0.017968750000000002 0.075
0 0.835546875 0.5152777777777778 0.022656250000000003 0.075
0 0.564453125 0.5256944444444445 0.022656250000000003 0.0763888888888889
0 0.6687500000000001 0.5277777777777778 0.0234375 0.075
0 0.751953125 0.525 0.01953125 0.08333333333333334
0 0.580078125 0.5409722222222222 0.022656250000000003 0.07361111111111111
0 0.6507812500000001 0.5444444444444445 0.0203125 0.075
0 0.7171875000000001 0.5645833333333333 0.0234375 0.08750000000000001
0 0.4859375 0.5798611111111112 0.028125 0.08194444444444444
0 0.7464843750000001 0.6868055555555556 0.03359375 0.12638888888888888
0 0.41953125 0.6993055555555556 0.043750000000000004 0.10972222222222222
0 0.5398437500000001 0.7125 0.0421875 0.11666666666666667
0 0.59140625 0.7215277777777778 0.034375 0.11805555555555557
0 0.673828125 0.7402777777777778 0.03515625 0.11666666666666667
