2 0.312109375 0.37430555555555556 0.11640625 0.20416666666666666
0 0.273046875 0.5486111111111112 0.041406250000000006 0.17222222222222222
0 0.7308593750000001 0.6645833333333333 0.047656250000000004 0.15972222222222224
0 0.84140625 0.7138888888888889 0.051562500000000004 0.17777777777777778
0 0.80078125 0.7909722222222223 0.0703125 0.18194444444444446
1 0.134765625 0.19722222222222224 0.030468750000000003 0.03888888888888889
1 0.10625000000000001 0.2138888888888889 0.028125 0.03888888888888889
1 0.18906250000000002 0.26319444444444445 0.0546875 0.0763888888888889
0 0.150390625 0.2951388888888889 0.017968750000000002 0.05416666666666667
1 0.8132812500000001 0.34652777777777777 0.053125000000000006 0.06805555555555556
0 0.3875 0.36597222222222225 0.05 0.07916666666666666
0 0.722265625 0.39861111111111114 0.03671875 0.09444444444444444
0 0.19296875000000002 0.4375 0.028125 0.1
0 0.7566406250000001 0.5673611111111111 0.03515625 0.12083333333333333
