3 0.30117187500000003 0.31527777777777777 0.055468750000000004 0.14166666666666666
3 0.567578125 0.38680555555555557 0.07109375 0.12361111111111112
1 0.158984375 0.6291666666666667 0.11015625000000001 0.2138888888888889
0 0.755078125 0.7229166666666667 0.039843750000000004 0.14583333333333334
1 0.48125 0.20625000000000002 0.026562500000000003 0.034722222222222224
0 0.55859375 0.2451388888888889 0.015625 0.04583333333333334
0 0.7664062500000001 0.28194444444444444 0.026562500000000003 0.058333333333333334
0 0.657421875 0.3979166666666667 0.02421875 0.07083333333333333
0 0.732421875 0.6013888888888889 0.03671875 0.125
0 0.78515625 0.5972222222222222 0.037500000000000006 0.11666666666666667
0 0.035937500000000004 0.6194444444444445 0.034375 0.09166666666666667
