3 0.32070312500000003 0.43472222222222223 0.09140625000000001 0.2611111111111111
1 0.41953125 0.48888888888888893 0.06875 0.1277777777777778
3 0.6039062500000001 0.5020833333333333 0.0765625 0.1763888888888889
0 0.21250000000000002 0.7583333333333334 0.043750000000000004 0.18055555555555555
0 0.084375 0.8125 0.0484375 0.18888888888888888
1 0.56015625 0.3666666666666667 0.0484375 0.08055555555555556
0 0.8597656250000001 0.4236111111111111 0.02734375 0.075
0 0.487890625 0.4638888888888889 0.02421875 0.09166666666666667
0 0.6585937500000001 0.47222222222222227 0.029687500000000002 0.1
0 0.70625 0.46597222222222223 0.029687500000000002 0.09027777777777778
0 0.7585937500000001 0.5326388888888889 0.0328125 0.12083333333333333
0 0.22617187500000002 0.5888888888888889 0.03359375 0.1277777777777778
0 0.503515625 0.5847222222222223 0.030468750000000003 0.12222222222222223
