1 0.620703125 0.6715277777777778 0.07734375 0.14027777777777778
0 0.46875 0.7625000000000001 0.045312500000000006 0.13333333333333333
0 0.507421875 0.7986111111111112 0.04296875 0.15
0 0.298046875 0.8625 0.055468750000000004 0.1527777777777778
0 0.40078125000000003 0.8701388888888889 0.0484375 0.15694444444444444
0 0.525 0.8701388888888889 0.046875 0.1513888888888889
0 0.2734375 0.9430555555555556 0.060937500000000006 0.11944444444444445
1 0.6625000000000001 0.945138888888889 0.19062500000000002 0.10694444444444445
1 0.6410156250000001 0.28194444444444444 0.032031250000000004 0.05277777777777778
1 0.6761718750000001 0.3513888888888889 0.03359375 0.036111111111111115
1 0.6472656250000001 0.37083333333333335 0.032031250000000004 0.04166666666666667
1 0.57734375 0.39375 0.0390625 0.051388888888888894
1 0.6839843750000001 0.3923611111111111 0.030468750000000003 0.05694444444444444
0 0.78515625 0.39722222222222225 0.015625 0.05277777777777778
0 0.84140625 0.39513888888888893 0.0171875 0.04861111111111111
0 0.673828125 0.4138888888888889 0.014843750000000001 0.05277777777777778
0 0.7585937500000001 0.4166666666666667 0.0171875 0.061111111111111116
0 0.8230468750000001 0.4354166666666667 0.017968750000000002 0.05694444444444444
0 0.80390625 0.45625000000000004 0.0203125 0.06805555555555556
0 0.7777343750000001 0.4756944444444445 0.02109375 0.07083333333333333
1 0.48359375000000004 0.5125000000000001 0.078125 0.08611111111111111
0 0.62265625 0.5111111111111112 0.0203125 0.06666666666666667
0 0.702734375 0.5034722222222222 0.01953125 0.05416666666666667
0 0.8625 0.5 0.0234375 0.06666666666666667
1 0.32929687500000004 0.5652777777777778 0.09140625000000001 0.08888888888888889
0 0.5847656250000001 0.5701388888888889 0.025781250000000002 0.08472222222222223
0 0.8203125 0.5618055555555556 0.0234375 0.08750000000000001
1 0.6625000000000001 0.5881944444444445 0.05625 0.09305555555555556
0 0.3609375 0.7048611111111112 0.0390625 0.11527777777777778
0 0.6015625 0.7756944444444445 0.035937500000000004 0.12361111111111112
