1 0.13984375000000002 0.9111111111111111 0.265625 0.1527777777777778
3 0.553125 0.5472222222222223 0.096875 0.15555555555555556
1 0.6257812500000001 0.6430555555555556 0.0890625 0.10833333333333334
0 0.751171875 0.7534722222222222 0.039843750000000004 0.14305555555555557
1 0.487890625 0.8368055555555556 0.18046875 0.24583333333333335
0 0.669921875 0.9256944444444445 0.05859375 0.14027777777777778
0 0.177734375 0.49444444444444446 0.032031250000000004 0.05277777777777778
1 0.087890625 0.5215277777777778 0.05234375 0.06527777777777778
0 0.75546875 0.5618055555555556 0.025 0.08194444444444444
0 0.798828125 0.6034722222222223 0.02734375 0.10138888888888889
0 0.434375 0.6638888888888889 0.043750000000000004 0.09722222222222222
