2 0.28828125 0.6277777777777778 0.15156250000000002 0.17777777777777778
1 0.648046875 0.7618055555555556 0.09453125000000001 0.14027777777777778
0 0.299609375 0.8236111111111112 0.05390625 0.14444444444444446
0 0.46718750000000003 0.8166666666666667 0.0421875 0.15833333333333333
0 0.8031250000000001 0.851388888888889 0.0421875 0.16944444444444445
0 0.405859375 0.8895833333333334 0.047656250000000004 0.18194444444444446
1 0.5921875 0.9270833333333334 0.1453125 0.14305555555555557
1 0.52578125 0.3375 0.035937500000000004 0.04722222222222222
1 0.6625000000000001 0.3354166666666667 0.026562500000000003 0.04583333333333334
1 0.6121093750000001 0.3548611111111111 0.032031250000000004 0.0375
1 0.6839843750000001 0.36597222222222225 0.03359375 0.04861111111111111
0 0.8542968750000001 0.3784722222222222 0.013281250000000001 0.043055555555555555
1 0.5828125000000001 0.39375 0.040625 0.05416666666666667
0 0.8011718750000001 0.4083333333333333 0.01640625 0.04722222222222222
1 0.521875 0.43472222222222223 0.0484375 0.05555555555555556
1 0.675390625 0.4256944444444445 0.039843750000000004 0.05416666666666667
0 0.85546875 0.4881944444444445 0.021875000000000002 0.06527777777777778
1 0.49453125000000003 0.5090277777777777 0.06406250000000001 0.06527777777777778
0 0.562890625 0.5131944444444445 0.02421875 0.06527777777777778
0 0.6160156250000001 0.5006944444444444 0.02109375 0.059722222222222225
0 0.8230468750000001 0.5013888888888889 0.02109375 0.061111111111111116
1 0.6667968750000001 0.5222222222222223 0.05078125 0.07777777777777778
1 0.366015625 0.5520833333333334 0.07265625 0.0763888888888889
0 0.86328125 0.5611111111111111 0.0234375 0.075
0 0.4921875 0.5777777777777778 0.026562500000000003 0.07777777777777778
0 0.5359375000000001 0.5895833333333333 0.0234375 0.09027777777777778
0 0.7566406250000001 0.5854166666666667 0.02421875 0.09027777777777778
0 0.80078125 0.58125 0.025 0.07361111111111111
0 0.6734375 0.6145833333333334 0.029687500000000002 0.09027777777777778
0 0.7195312500000001 0.6194444444444445 0.026562500000000003 0.08611111111111111
0 0.634375 0.6395833333333334 0.026562500000000003 0.08750000000000001
0 0.55078125 0.6868055555555556 0.034375 0.1125
0 0.6097656250000001 0.6826388888888889 0.025781250000000002 0.09583333333333334
0 0.501171875 0.757638888888889 0.039843750000000004 0.12361111111111112
0 0.853125 0.7701388888888889 0.034375 0.13472222222222222
0 0.5769531250000001 0.8104166666666667 0.03671875 0.12361111111111112
