1 0.448828125 0.44722222222222224 0.05859375 0.11944444444444445
0 0.19765625 0.6055555555555556 0.037500000000000006 0.14444444444444446
0 0.800390625 0.6340277777777779 0.04296875 0.15416666666666667
0 0.23554687500000002 0.6736111111111112 0.041406250000000006 0.16111111111111112
0 0.748046875 0.65625 0.05078125 0.1486111111111111
3 0.6390625000000001 0.6986111111111112 0.15625 0.4388888888888889
0 0.346484375 0.7548611111111111 0.04453125 0.1736111111111111
0 0.25546875 0.8 0.051562500000000004 0.18611111111111112
0 0.86484375 0.7868055555555555 0.0578125 0.1486111111111111
0 0.94453125 0.7965277777777778 0.060937500000000006 0.14583333333333334
0 0.142578125 0.8631944444444445 0.057031250000000006 0.2013888888888889
0 0.37539062500000003 0.9041666666666667 0.05234375 0.1638888888888889
1 0.46132812500000003 0.34652777777777777 0.04296875 0.07916666666666666
0 0.7347656250000001 0.5298611111111111 0.032031250000000004 0.10138888888888889
0 0.7722656250000001 0.5222222222222223 0.03515625 0.11388888888888889
