3 0.58515625 0.4041666666666667 0.08750000000000001 0.2
1 0.234765625 0.45069444444444445 0.16640625 0.13194444444444445
0 0.314453125 0.5972222222222222 0.03828125 0.14166666666666666
1 0.731640625 0.5875 0.11015625000000001 0.14444444444444446
0 0.512109375 0.7208333333333333 0.049218750000000006 0.14722222222222223
0 0.393359375 0.7770833333333333 0.041406250000000006 0.16527777777777777
3 0.88984375 0.8159722222222222 0.22031250000000002 0.3902777777777778
1 0.24179687500000002 0.8465277777777778 0.13984375000000002 0.3180555555555556
0 0.751171875 0.40555555555555556 0.025781250000000002 0.08611111111111111
0 0.41015625 0.5125000000000001 0.029687500000000002 0.10277777777777779
0 0.36835937500000004 0.5236111111111111 0.02890625 0.11944444444444445
0 0.7757812500000001 0.5270833333333333 0.0328125 0.10416666666666667
