3 0.55625 0.33819444444444446 0.045312500000000006 0.11527777777777778
1 0.27421875 0.44097222222222227 0.0703125 0.11805555555555557
1 0.40156250000000004 0.5541666666666667 0.0921875 0.2111111111111111
0 0.483984375 0.5965277777777778 0.04609375 0.14027777777777778
0 0.22578125000000002 0.6673611111111112 0.0625 0.13472222222222222
3 0.66171875 0.6826388888888889 0.1703125 0.39583333333333337
0 0.12421875 0.7201388888888889 0.040625 0.1736111111111111
1 0.5984375000000001 0.2972222222222222 0.035937500000000004 0.0638888888888889
0 0.640234375 0.4236111111111111 0.02734375 0.09166666666666667
0 0.34882812500000004 0.48750000000000004 0.02890625 0.09722222222222222
0 0.5164062500000001 0.4840277777777778 0.028125 0.11805555555555557
0 0.7234375000000001 0.5118055555555556 0.026562500000000003 0.10416666666666667
0 0.26953125 0.5604166666666667 0.034375 0.12638888888888888
0 0.7972656250000001 0.5791666666666667 0.03671875 0.13333333333333333
0 0.75546875 0.6097222222222223 0.0390625 0.11944444444444445
0 0.01171875 0.7770833333333333 0.025 0.15416666666666667
