2 0.6253906250000001 0.3 0.09765625 0.17222222222222222
1 0.42500000000000004 0.43680555555555556 0.0703125 0.1375
1 0.7015625000000001 0.6458333333333334 0.12812500000000002 0.19722222222222224
0 0.291796875 0.6763888888888889 0.03671875 0.17500000000000002
0 0.34804687500000003 0.6618055555555555 0.039843750000000004 0.16805555555555557
0 0.19375 0.7041666666666667 0.037500000000000006 0.1638888888888889
0 0.8988281250000001 0.7604166666666667 0.04609375 0.1486111111111111
0 0.956640625 0.7520833333333333 0.049218750000000006 0.14305555555555557
0 0.117578125 0.7979166666666667 0.04609375 0.1513888888888889
1 0.590234375 0.7881944444444444 0.14453125 0.25972222222222224
0 0.83125 0.7854166666666667 0.045312500000000006 0.15972222222222224
1 0.46132812500000003 0.2638888888888889 0.03828125 0.08055555555555556
1 0.3796875 0.29305555555555557 0.045312500000000006 0.08888888888888889
1 0.529296875 0.2888888888888889 0.03828125 0.075
0 0.16718750000000002 0.4041666666666667 0.05 0.08055555555555556
0 0.663671875 0.425 0.02890625 0.08055555555555556
0 0.358984375 0.45555555555555555 0.02734375 0.10555555555555556
0 0.31679687500000003 0.47361111111111115 0.02890625 0.1
0 0.591796875 0.48888888888888893 0.02890625 0.08611111111111111
0 0.230859375 0.5069444444444444 0.030468750000000003 0.10555555555555556
0 0.68125 0.513888888888889 0.03125 0.09166666666666667
0 0.7308593750000001 0.5409722222222222 0.032031250000000004 0.09583333333333334
0 0.6023437500000001 0.5798611111111112 0.03125 0.10972222222222222
0 0.150390625 0.6625 0.03828125 0.1277777777777778
0 0.7972656250000001 0.6583333333333333 0.03671875 0.10555555555555556
