3 0.28046875 0.5597222222222222 0.22031250000000002 0.4916666666666667
3 0.533203125 0.38680555555555557 0.08515625 0.19583333333333333
1 0.09257812500000001 0.7458333333333333 0.11484375000000001 0.2
3 0.37265625 0.23333333333333334 0.0390625 0.11111111111111112
1 0.3671875 0.2951388888888889 0.037500000000000006 0.10138888888888889
1 0.315234375 0.31180555555555556 0.041406250000000006 0.05416666666666667
0 0.273046875 0.33819444444444446 0.017968750000000002 0.051388888888888894
0 0.253125 0.3493055555555556 0.0171875 0.05694444444444444
0 0.22421875000000002 0.41111111111111115 0.018750000000000003 0.06666666666666667
0 0.150390625 0.49583333333333335 0.02890625 0.08611111111111111
0 0.41796875 0.5847222222222223 0.029687500000000002 0.1
0 0.757421875 0.5791666666666667 0.03671875 0.11111111111111112
0 0.022265625 0.6097222222222223 0.039843750000000004 0.08055555555555556
