1 0.07109375 0.7819444444444444 0.1390625 0.19444444444444445
0 0.39375000000000004 0.7847222222222222 0.0484375 0.15
0 0.60859375 0.8277777777777778 0.035937500000000004 0.16666666666666669
0 0.203125 0.8993055555555556 0.0765625 0.16527777777777777
0 0.755078125 0.9 0.03828125 0.16944444444444445
0 0.872265625 0.9097222222222222 0.04453125 0.15833333333333333
0 0.7093750000000001 0.9465277777777779 0.0484375 0.11527777777777778
1 0.6371093750000001 0.2916666666666667 0.02734375 0.03333333333333333
0 0.736328125 0.3576388888888889 0.014843750000000001 0.05416666666666667
0 0.8132812500000001 0.3729166666666667 0.0140625 0.05694444444444444
0 0.708984375 0.4104166666666667 0.01953125 0.051388888888888894
0 0.7445312500000001 0.43194444444444446 0.0171875 0.05555555555555556
0 0.7605468750000001 0.4305555555555556 0.017968750000000002 0.06944444444444445
0 0.839453125 0.44583333333333336 0.02109375 0.07777777777777778
0 0.6179687500000001 0.5270833333333333 0.0234375 0.0763888888888889
0 0.788671875 0.5777777777777778 0.025781250000000002 0.08888888888888889
0 0.7390625000000001 0.6048611111111112 0.025 0.09861111111111112
0 0.812109375 0.6291666666666667 0.02890625 0.10277777777777779
0 0.6746093750000001 0.6444444444444445 0.02890625 0.09722222222222222
0 0.7621093750000001 0.6930555555555555 0.030468750000000003 0.10555555555555556
0 0.6917968750000001 0.7145833333333333 0.02890625 0.10972222222222222
0 0.80234375 0.7729166666666667 0.03125 0.12083333333333333
