0 0.3515625 0.3 0.0484375 0.125
1 0.515234375 0.28055555555555556 0.11015625000000001 0.16666666666666669
0 0.30234375 0.44375000000000003 0.0703125 0.1902777777777778
0 0.56953125 0.4479166666666667 0.040625 0.14583333333333334
0 0.48125 0.5479166666666667 0.059375000000000004 0.2013888888888889
0 0.0578125 0.5798611111111112 0.09843750000000001 0.24583333333333335
0 0.20546875 0.16805555555555557 0.026562500000000003 0.075
0 0.640234375 0.1736111111111111 0.01640625 0.036111111111111115
0 0.5671875000000001 0.2013888888888889 0.025 0.044444444444444446
0 0.60859375 0.2125 0.021875000000000002 0.044444444444444446
0 0.416796875 0.28125 0.03671875 0.09305555555555556
0 0.630078125 0.33819444444444446 0.03359375 0.09305555555555556
0 0.663671875 0.46319444444444446 0.032031250000000004 0.11805555555555557
