0 0.555078125 0.45555555555555555 0.047656250000000004 0.1527777777777778
0 0.02109375 0.7548611111111111 0.0390625 0.24305555555555555
0 0.3875 0.7736111111111111 0.09843750000000001 0.27222222222222225
0 0.6234375000000001 0.16805555555555557 0.0140625 0.036111111111111115
0 0.6410156250000001 0.1736111111111111 0.014843750000000001 0.03888888888888889
0 0.5609375 0.19444444444444445 0.018750000000000003 0.05277777777777778
0 0.68125 0.21319444444444446 0.015625 0.043055555555555555
0 0.51171875 0.23958333333333334 0.0234375 0.06805555555555556
0 0.655859375 0.24027777777777778 0.017968750000000002 0.05277777777777778
0 0.6296875000000001 0.2534722222222222 0.0203125 0.06805555555555556
0 0.608984375 0.3284722222222222 0.025781250000000002 0.09027777777777778
0 0.6609375000000001 0.33125 0.0234375 0.08750000000000001
