0 0.7621093750000001 0.6 0.04609375 0.1388888888888889
0 0.17304687500000002 0.6458333333333334 0.049218750000000006 0.13333333333333333
0 0.240625 0.68125 0.045312500000000006 0.14027777777777778
0 0.32343750000000004 0.75625 0.0421875 0.1625
0 0.49453125000000003 0.7625000000000001 0.051562500000000004 0.16666666666666669
0 0.38593750000000004 0.7826388888888889 0.0421875 0.2013888888888889
0 0.110546875 0.8194444444444445 0.05390625 0.19722222222222224
0 0.21484375 0.8138888888888889 0.053125000000000006 0.16111111111111112
0 0.065625 0.9340277777777778 0.07968750000000001 0.12083333333333333
0 0.19843750000000002 0.945138888888889 0.0859375 0.10694444444444445
0 0.565625 0.23958333333333334 0.0140625 0.04583333333333334
0 0.58828125 0.24097222222222223 0.0140625 0.04583333333333334
0 0.380859375 0.5604166666666667 0.030468750000000003 0.09861111111111112
0 0.2421875 0.5826388888888889 0.043750000000000004 0.09583333333333334
0 0.41523437500000004 0.6270833333333333 0.030468750000000003 0.12083333333333333
