1 0.8792968750000001 0.63125 0.15703125 0.11805555555555557
0 0.33710937500000004 0.7611111111111112 0.04453125 0.16111111111111112
0 0.41132812500000004 0.7583333333333334 0.04609375 0.13611111111111113
0 0.48984375 0.8791666666666667 0.0484375 0.15833333333333333
1 0.026562500000000003 0.9090277777777778 0.0484375 0.1625
1 0.70078125 0.2986111111111111 0.028125 0.03333333333333333
1 0.6585937500000001 0.3611111111111111 0.0328125 0.05
1 0.555078125 0.4118055555555556 0.047656250000000004 0.05416666666666667
0 0.731640625 0.4215277777777778 0.017968750000000002 0.043055555555555555
0 0.837890625 0.45416666666666666 0.01953125 0.05277777777777778
0 0.7058593750000001 0.46458333333333335 0.022656250000000003 0.04861111111111111
0 0.798828125 0.4604166666666667 0.017968750000000002 0.04583333333333334
0 0.8675781250000001 0.4701388888888889 0.01953125 0.051388888888888894
0 0.6179687500000001 0.49583333333333335 0.025 0.06666666666666667
0 0.78671875 0.49930555555555556 0.018750000000000003 0.059722222222222225
0 0.8187500000000001 0.5076388888888889 0.0203125 0.07083333333333333
0 0.861328125 0.5131944444444445 0.022656250000000003 0.06805555555555556
0 0.7609375 0.5208333333333334 0.018750000000000003 0.06944444444444445
0 0.64609375 0.5409722222222222 0.0234375 0.08194444444444444
0 0.681640625 0.5541666666666667 0.02421875 0.08055555555555556
0 0.7140625 0.5437500000000001 0.0203125 0.07083333333333333
0 0.6976562500000001 0.6027777777777777 0.025 0.09166666666666667
0 0.562109375 0.6354166666666667 0.02890625 0.10972222222222222
0 0.44843750000000004 0.6611111111111111 0.037500000000000006 0.10555555555555556
0 0.5085937500000001 0.6590277777777778 0.03125 0.10138888888888889
