0 0.48945312500000004 0.7111111111111111 0.08984375 0.2555555555555556
0 0.602734375 0.1638888888888889 0.01640625 0.044444444444444446
0 0.63203125 0.16597222222222222 0.0140625 0.0375
0 0.6125 0.19861111111111113 0.0203125 0.05
0 0.66171875 0.22291666666666668 0.018750000000000003 0.051388888888888894
0 0.6843750000000001 0.2138888888888889 0.015625 0.044444444444444446
0 0.487109375 0.2611111111111111 0.025781250000000002 0.06944444444444445
0 0.523828125 0.275 0.022656250000000003 0.0638888888888889
0 0.6125 0.3576388888888889 0.028125 0.10138888888888889
0 0.6800781250000001 0.34652777777777777 0.022656250000000003 0.09027777777777778
0 0.535546875 0.39513888888888893 0.032031250000000004 0.1125
