1 0.765625 0.38958333333333334 0.115625 0.09583333333333334
1 0.41328125000000004 0.42291666666666666 0.12187500000000001 0.1486111111111111
0 0.12070312500000001 0.5048611111111111 0.057031250000000006 0.10972222222222222
1 0.31757812500000004 0.5055555555555555 0.12578125 0.1638888888888889
0 0.2609375 0.55625 0.045312500000000006 0.1513888888888889
1 0.14296875 0.22291666666666668 0.037500000000000006 0.051388888888888894
0 0.278515625 0.2423611111111111 0.02890625 0.05416666666666667
0 0.33320312500000004 0.24166666666666667 0.03671875 0.05277777777777778
0 0.11484375000000001 0.2611111111111111 0.0171875 0.044444444444444446
1 0.220703125 0.2902777777777778 0.05078125 0.07222222222222223
