3 0.5421875 0.5131944444444445 0.0703125 0.12638888888888888
0 0.82421875 0.7631944444444445 0.0421875 0.14583333333333334
1 0.38203125000000004 0.7881944444444444 0.13125 0.16527777777777777
0 0.705078125 0.8 0.041406250000000006 0.16111111111111112
0 0.6472656250000001 0.5486111111111112 0.03359375 0.09166666666666667
0 0.687109375 0.5590277777777778 0.02734375 0.08194444444444444
0 0.743359375 0.5611111111111111 0.02890625 0.09166666666666667
0 0.8269531250000001 0.6097222222222223 0.03359375 0.10555555555555556
0 0.6160156250000001 0.65625 0.03359375 0.10694444444444445
0 0.757421875 0.70625 0.03828125 0.12916666666666668
