1 0.49531250000000004 0.3277777777777778 0.1078125 0.11388888888888889
0 0.275390625 0.5284722222222222 0.05078125 0.10972222222222222
1 0.63828125 0.6097222222222223 0.10312500000000001 0.15833333333333333
0 0.2015625 0.6423611111111112 0.046875 0.14583333333333334
0 0.36757812500000003 0.6194444444444445 0.039843750000000004 0.14722222222222223
0 0.8167968750000001 0.7097222222222223 0.049218750000000006 0.14722222222222223
0 0.127734375 0.7541666666666667 0.05078125 0.18611111111111112
0 0.8734375000000001 0.8770833333333333 0.0625 0.16805555555555557
0 0.31015625 0.3701388888888889 0.021875000000000002 0.08472222222222223
0 0.20546875 0.4173611111111111 0.045312500000000006 0.07361111111111111
0 0.3375 0.4138888888888889 0.025 0.09722222222222222
0 0.732421875 0.4569444444444445 0.030468750000000003 0.09722222222222222
0 0.683203125 0.4729166666666667 0.02890625 0.09861111111111112
0 0.8382812500000001 0.4729166666666667 0.029687500000000002 0.09027777777777778
0 0.8031250000000001 0.5590277777777778 0.037500000000000006 0.11805555555555557
