2 0.139453125 0.24583333333333335 0.06015625 0.11111111111111112
1 0.56796875 0.3527777777777778 0.11093750000000001 0.08611111111111111
1 0.361328125 0.3875 0.10859375 0.125
1 0.36054687500000004 0.5305555555555556 0.15390625000000002 0.24166666666666667
1 0.603515625 0.5034722222222222 0.15546875000000002 0.15694444444444444
0 0.273046875 0.64375 0.06796875000000001 0.1625
1 0.601171875 0.6430555555555556 0.18984375 0.2833333333333333
0 0.271484375 0.24375000000000002 0.02890625 0.0625
0 0.1703125 0.4638888888888889 0.0328125 0.11666666666666667
0 0.244921875 0.4701388888888889 0.03515625 0.1125
0 0.128515625 0.5215277777777778 0.03671875 0.10972222222222222
