2 0.6882812500000001 0.38680555555555557 0.059375000000000004 0.11805555555555557
2 0.34921875 0.6694444444444445 0.1125 0.17500000000000002
1 0.55703125 0.6611111111111111 0.08125 0.11944444444444445
1 0.578515625 0.8381944444444445 0.10859375 0.20972222222222223
0 0.33320312500000004 0.9291666666666667 0.06796875000000001 0.13333333333333333
0 0.43671875000000004 0.9333333333333333 0.0546875 0.13611111111111113
0 0.511328125 0.9500000000000001 0.06328125 0.10555555555555556
1 0.59765625 0.3652777777777778 0.034375 0.04166666666666667
1 0.57421875 0.3923611111111111 0.0328125 0.051388888888888894
0 0.5328125 0.4465277777777778 0.0203125 0.051388888888888894
1 0.591796875 0.44930555555555557 0.055468750000000004 0.06805555555555556
0 0.7781250000000001 0.4569444444444445 0.018750000000000003 0.08055555555555556
0 0.8324218750000001 0.45069444444444445 0.017968750000000002 0.05416666666666667
0 0.7425781250000001 0.4618055555555556 0.017968750000000002 0.06805555555555556
0 0.8046875 0.47500000000000003 0.018750000000000003 0.06944444444444445
1 0.42695312500000004 0.5111111111111112 0.06640625 0.075
0 0.7453125 0.5381944444444444 0.0234375 0.08472222222222223
0 0.8542968750000001 0.5395833333333333 0.022656250000000003 0.08472222222222223
0 0.705078125 0.5694444444444444 0.02421875 0.08888888888888889
0 0.815625 0.5618055555555556 0.025 0.10972222222222222
0 0.788671875 0.6784722222222223 0.030468750000000003 0.11527777777777778
0 0.83359375 0.757638888888889 0.0328125 0.13194444444444445
