2 0.41835937500000003 0.5013888888888889 0.09765625 0.11666666666666667
1 0.46640625 0.7090277777777778 0.078125 0.11805555555555557
1 0.6078125000000001 0.7416666666666667 0.0921875 0.13611111111111113
1 0.7449218750000001 0.7645833333333334 0.08828125 0.12916666666666668
1 0.08867187500000001 0.85 0.17890625000000002 0.2138888888888889
0 0.46992187500000004 0.8895833333333334 0.05078125 0.15694444444444444
0 0.550390625 0.9152777777777779 0.049218750000000006 0.16666666666666669
0 0.702734375 0.8875000000000001 0.041406250000000006 0.16111111111111112
1 0.6160156250000001 0.32083333333333336 0.03359375 0.06666666666666667
1 0.6734375 0.30833333333333335 0.03125 0.030555555555555558
1 0.697265625 0.33819444444444446 0.02734375 0.0375
1 0.6507812500000001 0.3527777777777778 0.03125 0.05277777777777778
0 0.8460937500000001 0.3597222222222222 0.015625 0.04722222222222222
1 0.5691406250000001 0.4 0.041406250000000006 0.05555555555555556
0 0.700390625 0.4173611111111111 0.014843750000000001 0.05694444444444444
0 0.8695312500000001 0.40625 0.0203125 0.05416666666666667
0 0.8304687500000001 0.425 0.018750000000000003 0.05
0 0.6605468750000001 0.4666666666666667 0.017968750000000002 0.05277777777777778
0 0.8660156250000001 0.4777777777777778 0.02421875 0.0638888888888889
1 0.6980468750000001 0.49375 0.041406250000000006 0.06805555555555556
0 0.8363281250000001 0.4930555555555556 0.022656250000000003 0.075
0 0.808203125 0.5013888888888889 0.01953125 0.07222222222222223
0 0.6828125 0.5333333333333333 0.0203125 0.08055555555555556
0 0.77890625 0.5423611111111112 0.021875000000000002 0.10416666666666667
0 0.65 0.5680555555555555 0.026562500000000003 0.09166666666666667
0 0.716015625 0.5902777777777778 0.02421875 0.08611111111111111
0 0.45078125 0.6173611111111111 0.03125 0.08472222222222223
0 0.784375 0.6479166666666667 0.025 0.09305555555555556
0 0.40546875000000004 0.6548611111111111 0.034375 0.1125
0 0.8269531250000001 0.6541666666666667 0.02890625 0.08888888888888889
0 0.8386718750000001 0.7611111111111112 0.02890625 0.13333333333333333
