3 0.41835937500000003 0.29791666666666666 0.10703125000000001 0.1625
3 0.9535156250000001 0.2743055555555556 0.08359375000000001 0.1513888888888889
3 0.41718750000000004 0.5152777777777778 0.16562500000000002 0.21666666666666667
3 0.530859375 0.5854166666666667 0.17109375000000002 0.3180555555555556
1 0.47500000000000003 0.2138888888888889 0.0328125 0.02777777777777778
0 0.5640625 0.22222222222222224 0.010937500000000001 0.03333333333333333
0 0.57421875 0.2534722222222222 0.018750000000000003 0.0375
0 0.60703125 0.2611111111111111 0.015625 0.03888888888888889
0 0.58984375 0.28194444444444444 0.018750000000000003 0.044444444444444446
0 0.278515625 0.30208333333333337 0.014843750000000001 0.04861111111111111
0 0.6265625 0.30069444444444443 0.018750000000000003 0.043055555555555555
0 0.6937500000000001 0.4152777777777778 0.026562500000000003 0.08888888888888889
0 0.288671875 0.4256944444444445 0.030468750000000003 0.07083333333333333
0 0.7800781250000001 0.4451388888888889 0.03359375 0.09583333333333334
