1 0.36054687500000004 0.4486111111111111 0.12734375 0.17222222222222222
1 0.16523437500000002 0.25 0.049218750000000006 0.06944444444444445
1 0.29531250000000003 0.2965277777777778 0.0546875 0.07361111111111111
1 0.253125 0.32708333333333334 0.065625 0.07916666666666666
0 0.48554687500000004 0.3680555555555556 0.049218750000000006 0.08055555555555556
0 0.6921875000000001 0.3902777777777778 0.03125 0.08888888888888889
0 0.20820312500000002 0.40625 0.02734375 0.1125
0 0.6589843750000001 0.41458333333333336 0.030468750000000003 0.09583333333333334
0 0.8078125 0.42291666666666666 0.040625 0.08194444444444444
0 0.7347656250000001 0.5645833333333333 0.032031250000000004 0.11527777777777778
