2 0.444921875 0.5284722222222222 0.19765625 0.24027777777777778
1 0.31289062500000003 0.7618055555555556 0.13203125000000002 0.14583333333333334
1 0.102734375 0.7916666666666667 0.19453125000000002 0.15555555555555556
0 0.44375000000000003 0.7763888888888889 0.046875 0.13611111111111113
0 0.6101562500000001 0.7993055555555556 0.034375 0.15694444444444444
0 0.956640625 0.8784722222222222 0.04609375 0.1763888888888889
0 0.185546875 0.9173611111111112 0.05859375 0.14583333333333334
0 0.043750000000000004 0.9354166666666667 0.084375 0.11805555555555557
0 0.23789062500000002 0.9527777777777778 0.06796875000000001 0.09722222222222222
0 0.39765625000000004 0.9486111111111112 0.059375000000000004 0.10833333333333334
1 0.640234375 0.2888888888888889 0.022656250000000003 0.025
1 0.697265625 0.33263888888888893 0.030468750000000003 0.03194444444444445
1 0.608984375 0.37083333333333335 0.03671875 0.03888888888888889
0 0.71640625 0.3791666666666667 0.0125 0.04166666666666667
0 0.7074218750000001 0.3888888888888889 0.013281250000000001 0.044444444444444446
0 0.8660156250000001 0.41250000000000003 0.01953125 0.05
0 0.80859375 0.4354166666666667 0.0171875 0.05694444444444444
0 0.6953125 0.4486111111111111 0.0171875 0.05
0 0.7800781250000001 0.4479166666666667 0.01953125 0.051388888888888894
0 0.74609375 0.4673611111111111 0.018750000000000003 0.05694444444444444
0 0.8578125000000001 0.5055555555555555 0.021875000000000002 0.06944444444444445
0 0.6023437500000001 0.5236111111111111 0.0203125 0.07777777777777778
0 0.83984375 0.5333333333333333 0.0234375 0.075
0 0.63203125 0.5395833333333333 0.021875000000000002 0.0763888888888889
0 0.7054687500000001 0.5409722222222222 0.021875000000000002 0.08194444444444444
0 0.598046875 0.607638888888889 0.025781250000000002 0.10138888888888889
0 0.49062500000000003 0.6805555555555556 0.035937500000000004 0.11944444444444445
