3 0.453125 0.3652777777777778 0.06406250000000001 0.16666666666666669
3 0.5808593750000001 0.3597222222222222 0.049218750000000006 0.125
1 0.32265625000000003 0.5673611111111111 0.0921875 0.16805555555555557
0 0.15351562500000002 0.6013888888888889 0.03671875 0.1388888888888889
0 0.209375 0.6256944444444444 0.037500000000000006 0.15694444444444444
1 0.5546875 0.6236111111111111 0.1015625 0.16111111111111112
0 0.8093750000000001 0.6715277777777778 0.043750000000000004 0.14305555555555557
0 0.17578125 0.7027777777777778 0.043750000000000004 0.14166666666666666
0 0.874609375 0.7020833333333334 0.047656250000000004 0.14583333333333334
0 0.6042968750000001 0.7965277777777778 0.039843750000000004 0.15694444444444444
0 0.5515625000000001 0.8277777777777778 0.043750000000000004 0.15555555555555556
0 0.073046875 0.8520833333333334 0.055468750000000004 0.19861111111111113
0 0.176171875 0.8541666666666667 0.04453125 0.20555555555555557
2 0.4 0.25277777777777777 0.037500000000000006 0.08888888888888889
1 0.5484375 0.27569444444444446 0.040625 0.07083333333333333
0 0.40546875000000004 0.3416666666666667 0.0234375 0.08333333333333334
0 0.365234375 0.3611111111111111 0.022656250000000003 0.075
0 0.608984375 0.4451388888888889 0.022656250000000003 0.08750000000000001
0 0.5730468750000001 0.49444444444444446 0.041406250000000006 0.09722222222222222
0 0.708203125 0.5118055555555556 0.03359375 0.10138888888888889
0 0.7828125 0.5055555555555555 0.0390625 0.10833333333333334
0 0.6351562500000001 0.5201388888888889 0.029687500000000002 0.09861111111111112
0 0.8542968750000001 0.5798611111111112 0.04296875 0.10138888888888889
