2 0.723828125 0.8034722222222223 0.20390625 0.41250000000000003
1 0.625 0.6256944444444444 0.0671875 0.12638888888888888
1 0.462890625 0.675 0.09453125000000001 0.11666666666666667
0 0.055859375 0.8111111111111111 0.06328125 0.13333333333333333
0 0.158203125 0.8298611111111112 0.05390625 0.1375
0 0.291015625 0.8180555555555555 0.05390625 0.14444444444444446
0 0.23398437500000002 0.8548611111111112 0.039843750000000004 0.16805555555555557
1 0.408203125 0.888888888888889 0.13203125000000002 0.22777777777777777
1 0.675390625 0.3013888888888889 0.02734375 0.03888888888888889
1 0.6980468750000001 0.33472222222222225 0.030468750000000003 0.03888888888888889
1 0.65625 0.3611111111111111 0.034375 0.04722222222222222
1 0.662109375 0.4354166666666667 0.04296875 0.0625
0 0.77265625 0.4361111111111111 0.018750000000000003 0.05277777777777778
0 0.71875 0.48680555555555555 0.0203125 0.06805555555555556
0 0.7890625 0.4826388888888889 0.0203125 0.06805555555555556
0 0.603125 0.5013888888888889 0.021875000000000002 0.06944444444444445
0 0.5593750000000001 0.5291666666666667 0.0234375 0.08055555555555556
0 0.640234375 0.5263888888888889 0.02421875 0.07222222222222223
0 0.743359375 0.5236111111111111 0.02421875 0.08055555555555556
0 0.694921875 0.5444444444444445 0.025781250000000002 0.07222222222222223
0 0.503125 0.5625 0.03125 0.08611111111111111
0 0.41523437500000004 0.6055555555555556 0.03359375 0.10277777777777779
0 0.29453125 0.6791666666666667 0.040625 0.11388888888888889
0 0.36835937500000004 0.7541666666666667 0.03828125 0.11388888888888889
