1 0.201171875 0.33263888888888893 0.06171875 0.09583333333333334
1 0.32929687500000004 0.41458333333333336 0.09609375 0.11805555555555557
1 0.687109375 0.5152777777777778 0.08046875 0.16944444444444445
0 0.39921875 0.64375 0.059375000000000004 0.19305555555555556
0 0.35234375 0.7055555555555556 0.053125000000000006 0.19444444444444445
0 0.32929687500000004 0.8020833333333334 0.07734375 0.19861111111111113
0 0.40546875000000004 0.25 0.037500000000000006 0.061111111111111116
0 0.115625 0.2763888888888889 0.0171875 0.05277777777777778
0 0.73359375 0.42638888888888893 0.034375 0.09166666666666667
0 0.62421875 0.45069444444444445 0.028125 0.10972222222222222
0 0.253515625 0.4638888888888889 0.03515625 0.10277777777777779
