3 0.474609375 0.2986111111111111 0.07421875 0.20833333333333334
3 0.9144531250000001 0.2881944444444445 0.15546875000000002 0.1736111111111111
1 0.5710937500000001 0.701388888888889 0.11406250000000001 0.2111111111111111
2 0.087890625 0.85 0.17421875 0.33611111111111114
0 0.284375 0.2951388888888889 0.0140625 0.05416666666666667
1 0.36562500000000003 0.2951388888888889 0.0390625 0.06805555555555556
0 0.798046875 0.3180555555555556 0.032031250000000004 0.061111111111111116
1 0.55234375 0.3375 0.053125000000000006 0.07777777777777778
0 0.25546875 0.34861111111111115 0.015625 0.05555555555555556
0 0.71796875 0.3590277777777778 0.03125 0.08194444444444444
0 0.6351562500000001 0.3666666666666667 0.021875000000000002 0.06944444444444445
0 0.1953125 0.42638888888888893 0.0203125 0.07222222222222223
0 0.7765625 0.6034722222222223 0.0390625 0.12361111111111112
