0 0.211328125 0.43194444444444446 0.06484375 0.16666666666666669
0 0.5390625 0.525 0.05 0.17222222222222222
0 0.6433593750000001 0.15763888888888888 0.01171875 0.0375
0 0.178515625 0.1736111111111111 0.02734375 0.075
0 0.616796875 0.1840277777777778 0.013281250000000001 0.051388888888888894
0 0.5671875000000001 0.20277777777777778 0.0171875 0.05277777777777778
0 0.6781250000000001 0.2326388888888889 0.0140625 0.05694444444444444
0 0.49453125000000003 0.26319444444444445 0.025 0.07916666666666666
0 0.6566406250000001 0.25277777777777777 0.01640625 0.07222222222222223
0 0.602734375 0.38958333333333334 0.032031250000000004 0.12083333333333333
