3 0.556640625 0.3229166666666667 0.06796875000000001 0.14305555555555557
1 0.349609375 0.5305555555555556 0.10078125 0.18055555555555555
1 0.740234375 0.5243055555555556 0.09296875 0.15416666666666667
0 0.45 0.6020833333333333 0.045312500000000006 0.13472222222222222
3 0.646484375 0.59375 0.12890625 0.2652777777777778
0 0.33906250000000004 0.6986111111111112 0.040625 0.18333333333333335
0 0.491015625 0.6965277777777779 0.05234375 0.14305555555555557
3 0.42734375 0.1625 0.026562500000000003 0.058333333333333334
1 0.389453125 0.25416666666666665 0.03359375 0.08055555555555556
1 0.35468750000000004 0.31180555555555556 0.043750000000000004 0.08194444444444444
0 0.48515625 0.37569444444444444 0.025 0.07916666666666666
0 0.327734375 0.4277777777777778 0.02890625 0.08333333333333334
0 0.8617187500000001 0.42430555555555555 0.035937500000000004 0.07916666666666666
0 0.284765625 0.5111111111111112 0.03359375 0.11111111111111112
0 0.4890625 0.5326388888888889 0.040625 0.10416666666666667
0 0.451171875 0.5493055555555556 0.03671875 0.08750000000000001
0 0.815625 0.5791666666666667 0.0390625 0.125
0 0.8773437500000001 0.6243055555555556 0.0390625 0.1125
