1 0.51796875 0.5590277777777778 0.15625 0.1875
1 0.3359375 0.5805555555555556 0.07187500000000001 0.12222222222222223
0 0.6785156250000001 0.6583333333333333 0.04453125 0.14444444444444446
0 0.703125 0.41458333333333336 0.015625 0.043055555555555555
0 0.6351562500000001 0.4277777777777778 0.0171875 0.04166666666666667
0 0.812109375 0.4354166666666667 0.014843750000000001 0.05416666666666667
0 0.6742187500000001 0.45208333333333334 0.018750000000000003 0.04861111111111111
0 0.78828125 0.49444444444444446 0.0203125 0.075
0 0.683203125 0.5430555555555556 0.02890625 0.08333333333333334
0 0.7367187500000001 0.5819444444444445 0.03125 0.08611111111111111
