0 0.310546875 0.8375 0.05234375 0.14722222222222223
0 0.358203125 0.8972222222222223 0.06171875 0.17500000000000002
0 0.6371093750000001 0.9291666666666667 0.047656250000000004 0.15
0 0.81171875 0.3111111111111111 0.0140625 0.03333333333333333
0 0.8343750000000001 0.3416666666666667 0.015625 0.04166666666666667
1 0.65 0.3590277777777778 0.0328125 0.04027777777777778
1 0.6976562500000001 0.3888888888888889 0.045312500000000006 0.04722222222222222
1 0.5890625 0.4152777777777778 0.043750000000000004 0.058333333333333334
1 0.634765625 0.4083333333333333 0.03515625 0.05
0 0.81171875 0.40347222222222223 0.015625 0.051388888888888894
0 0.831640625 0.4041666666666667 0.01640625 0.05
0 0.6746093750000001 0.4361111111111111 0.017968750000000002 0.05
0 0.618359375 0.4513888888888889 0.01640625 0.05
1 0.583203125 0.49444444444444446 0.05390625 0.08333333333333334
1 0.677734375 0.4916666666666667 0.049218750000000006 0.06944444444444445
0 0.7992187500000001 0.5104166666666667 0.0234375 0.07361111111111111
0 0.763671875 0.5388888888888889 0.02109375 0.07777777777777778
0 0.8074218750000001 0.5888888888888889 0.02734375 0.09722222222222222
0 0.578515625 0.5993055555555555 0.025781250000000002 0.09027777777777778
0 0.6156250000000001 0.6111111111111112 0.026562500000000003 0.09722222222222222
0 0.482421875 0.61875 0.02890625 0.09861111111111112
0 0.512109375 0.6291666666666667 0.02734375 0.1
0 0.73359375 0.6291666666666667 0.026562500000000003 0.09166666666666667
0 0.6765625000000001 0.6347222222222223 0.029687500000000002 0.1
0 0.755859375 0.6680555555555556 0.02890625 0.10555555555555556
0 0.5613281250000001 0.6972222222222223 0.03359375 0.1277777777777778
