2 0.51953125 0.4166666666666667 0.08125 0.10277777777777779
1 0.71796875 0.5875 0.115625 0.09166666666666667
0 0.316015625 0.7541666666666667 0.04609375 0.13055555555555556
0 0.42578125 0.7625000000000001 0.046875 0.13611111111111113
0 0.544140625 0.8111111111111111 0.039843750000000004 0.15
0 0.32460937500000003 0.9020833333333333 0.06171875 0.1763888888888889
1 0.63984375 0.2965277777777778 0.029687500000000002 0.0375
1 0.701171875 0.35555555555555557 0.032031250000000004 0.036111111111111115
1 0.579296875 0.39305555555555555 0.041406250000000006 0.05
1 0.58203125 0.4340277777777778 0.0421875 0.05416666666666667
0 0.739453125 0.42708333333333337 0.017968750000000002 0.051388888888888894
0 0.7914062500000001 0.4305555555555556 0.018750000000000003 0.05
0 0.7234375000000001 0.46944444444444444 0.021875000000000002 0.0638888888888889
0 0.76171875 0.46319444444444446 0.018750000000000003 0.05694444444444444
0 0.809765625 0.48194444444444445 0.017968750000000002 0.06666666666666667
0 0.833984375 0.4826388888888889 0.017968750000000002 0.07083333333333333
0 0.59765625 0.5104166666666667 0.021875000000000002 0.07916666666666666
0 0.87890625 0.5104166666666667 0.021875000000000002 0.07361111111111111
1 0.390625 0.5381944444444444 0.0890625 0.08750000000000001
0 0.56015625 0.5673611111111111 0.025 0.08194444444444444
0 0.5140625 0.6395833333333334 0.0328125 0.12083333333333333
0 0.567578125 0.6534722222222222 0.030468750000000003 0.10416666666666667
0 0.641796875 0.6763888888888889 0.030468750000000003 0.10833333333333334
0 0.6960937500000001 0.6944444444444444 0.0328125 0.11111111111111112
0 0.64765625 0.7784722222222222 0.03125 0.12638888888888888
