0 0.39140625 0.39305555555555555 0.05 0.14722222222222223
0 0.139453125 0.5513888888888889 0.10703125000000001 0.22777777777777777
0 0.585546875 0.20625000000000002 0.01640625 0.051388888888888894
0 0.6765625000000001 0.20347222222222222 0.015625 0.04861111111111111
0 0.37929687500000003 0.2138888888888889 0.04453125 0.061111111111111116
0 0.56015625 0.24444444444444446 0.018750000000000003 0.06944444444444445
0 0.509765625 0.2576388888888889 0.02421875 0.07083333333333333
0 0.634765625 0.25416666666666665 0.02109375 0.0638888888888889
0 0.369921875 0.28958333333333336 0.04609375 0.08194444444444444
0 0.6507812500000001 0.3201388888888889 0.021875000000000002 0.08472222222222223
0 0.605078125 0.33194444444444443 0.022656250000000003 0.08888888888888889
