2 0.40468750000000003 0.6291666666666667 0.178125 0.25833333333333336
1 0.68125 0.5576388888888889 0.0703125 0.10138888888888889
0 0.465625 0.7534722222222222 0.043750000000000004 0.14027777777777778
1 0.087109375 0.7986111111111112 0.18515625000000002 0.15833333333333333
0 0.3984375 0.7805555555555556 0.040625 0.14166666666666666
1 0.611328125 0.8222222222222223 0.11640625 0.17777777777777778
0 0.818359375 0.8104166666666667 0.03515625 0.16805555555555557
0 0.946875 0.8381944444444445 0.0421875 0.1625
0 0.06015625 0.9541666666666667 0.0765625 0.08611111111111111
0 0.177734375 0.9437500000000001 0.07734375 0.10694444444444445
0 0.34804687500000003 0.951388888888889 0.06171875 0.1
0 0.562109375 0.9409722222222222 0.06171875 0.11527777777777778
1 0.6960937500000001 0.2916666666666667 0.029687500000000002 0.036111111111111115
0 0.841015625 0.35347222222222224 0.013281250000000001 0.0375
1 0.6355468750000001 0.37430555555555556 0.039843750000000004 0.05416666666666667
1 0.578125 0.3840277777777778 0.034375 0.04027777777777778
0 0.8523437500000001 0.3993055555555556 0.0171875 0.04861111111111111
1 0.603125 0.4083333333333333 0.037500000000000006 0.05555555555555556
0 0.72421875 0.4076388888888889 0.0203125 0.04861111111111111
0 0.7546875000000001 0.4152777777777778 0.0203125 0.04722222222222222
0 0.80234375 0.4305555555555556 0.0171875 0.05277777777777778
0 0.6570312500000001 0.4569444444444445 0.0171875 0.061111111111111116
0 0.70234375 0.4465277777777778 0.0171875 0.051388888888888894
0 0.8386718750000001 0.4618055555555556 0.01953125 0.05694444444444444
1 0.5234375 0.49444444444444446 0.0625 0.07222222222222223
0 0.6902343750000001 0.4847222222222222 0.01953125 0.05
0 0.7578125 0.4861111111111111 0.0203125 0.06944444444444445
0 0.7972656250000001 0.525 0.022656250000000003 0.07222222222222223
0 0.839453125 0.5409722222222222 0.022656250000000003 0.07916666666666666
0 0.7800781250000001 0.5631944444444444 0.022656250000000003 0.09861111111111112
0 0.6257812500000001 0.6395833333333334 0.029687500000000002 0.09861111111111112
0 0.821484375 0.6381944444444445 0.025781250000000002 0.09861111111111112
0 0.7703125000000001 0.7180555555555556 0.029687500000000002 0.11111111111111112
0 0.8578125000000001 0.9520833333333334 0.043750000000000004 0.09305555555555556
