0 0.272265625 0.6 0.05234375 0.125
1 0.3796875 0.6284722222222222 0.14375000000000002 0.20694444444444446
0 0.831640625 0.6173611111111111 0.03671875 0.1513888888888889
1 0.48281250000000003 0.6743055555555556 0.14375000000000002 0.2125
1 0.6980468750000001 0.7090277777777778 0.11953125 0.22916666666666669
0 0.5808593750000001 0.2590277777777778 0.014843750000000001 0.043055555555555555
0 0.6042968750000001 0.31319444444444444 0.017968750000000002 0.051388888888888894
0 0.619140625 0.3368055555555556 0.017968750000000002 0.059722222222222225
0 0.43007812500000003 0.3513888888888889 0.022656250000000003 0.06666666666666667
0 0.209375 0.3763888888888889 0.015625 0.061111111111111116
0 0.23945312500000002 0.37083333333333335 0.01640625 0.058333333333333334
0 0.6703125000000001 0.3680555555555556 0.0234375 0.06666666666666667
0 0.15546875000000002 0.4930555555555556 0.034375 0.08333333333333334
0 0.019140625 0.6958333333333334 0.039843750000000004 0.10833333333333334
