2 0.353125 0.27569444444444446 0.078125 0.15416666666666667
3 0.448046875 0.3138888888888889 0.047656250000000004 0.17500000000000002
1 0.55234375 0.6243055555555556 0.10625000000000001 0.15694444444444444
0 0.81640625 0.7541666666666667 0.051562500000000004 0.15
0 0.87109375 0.7368055555555556 0.046875 0.14027777777777778
1 0.70078125 0.8340277777777778 0.12187500000000001 0.2652777777777778
0 0.97421875 0.8715277777777778 0.0484375 0.1486111111111111
3 0.416796875 0.21944444444444444 0.039843750000000004 0.09444444444444444
1 0.568359375 0.2513888888888889 0.03515625 0.06666666666666667
1 0.6062500000000001 0.3402777777777778 0.053125000000000006 0.08611111111111111
0 0.30898437500000003 0.36944444444444446 0.01953125 0.08055555555555556
0 0.366015625 0.41805555555555557 0.017968750000000002 0.08888888888888889
0 0.6179687500000001 0.43680555555555556 0.03125 0.10694444444444445
0 0.681640625 0.4715277777777778 0.02734375 0.09027777777777778
0 0.7253906250000001 0.48125 0.02421875 0.08194444444444444
0 0.24140625000000002 0.5083333333333333 0.029687500000000002 0.11111111111111112
0 0.7796875000000001 0.5208333333333334 0.035937500000000004 0.10277777777777779
0 0.7000000000000001 0.5416666666666667 0.028125 0.1
0 0.7503906250000001 0.5576388888888889 0.030468750000000003 0.10694444444444445
0 0.8375 0.5666666666666667 0.0390625 0.11111111111111112
0 0.7234375000000001 0.6201388888888889 0.034375 0.12361111111111112
0 0.816015625 0.6430555555555556 0.03671875 0.10277777777777779
