1 0.5613281250000001 0.42708333333333337 0.11328125 0.12083333333333333
2 0.330078125 0.46111111111111114 0.13046875 0.25
1 0.5164062500000001 0.5694444444444444 0.1625 0.20555555555555557
0 0.24375000000000002 0.6409722222222223 0.045312500000000006 0.17916666666666667
0 0.829296875 0.6611111111111111 0.05859375 0.17222222222222222
1 0.17421875 0.25416666666666665 0.040625 0.07222222222222223
1 0.27968750000000003 0.2763888888888889 0.060937500000000006 0.061111111111111116
1 0.219140625 0.29444444444444445 0.05859375 0.09166666666666667
0 0.10117187500000001 0.32083333333333336 0.01640625 0.08055555555555556
0 0.1296875 0.33472222222222225 0.0171875 0.075
0 0.155078125 0.3701388888888889 0.01953125 0.07916666666666666
0 0.19296875000000002 0.5125000000000001 0.035937500000000004 0.13055555555555556
