0 0.30976562500000004 0.5611111111111111 0.06484375 0.10277777777777779
0 0.48046875 0.5604166666666667 0.07187500000000001 0.10138888888888889
0 0.59921875 0.5520833333333334 0.07187500000000001 0.09027777777777778
0 0.547265625 0.6298611111111111 0.06484375 0.10416666666666667
0 0.059765625 0.6958333333333334 0.08828125 0.10555555555555556
1 0.397265625 0.2534722222222222 0.030468750000000003 0.07083333333333333
0 0.365234375 0.3784722222222222 0.03671875 0.07361111111111111
0 0.5265625 0.4305555555555556 0.0484375 0.06666666666666667
0 0.126953125 0.45069444444444445 0.04296875 0.07916666666666666
0 0.22226562500000002 0.4548611111111111 0.04609375 0.08750000000000001
0 0.41640625000000003 0.45 0.05 0.09166666666666667
