1 0.30898437500000003 0.48541666666666666 0.07734375 0.12638888888888888
1 0.41718750000000004 0.61875 0.13125 0.16805555555555557
0 0.225 0.6680555555555556 0.035937500000000004 0.16666666666666669
0 0.8250000000000001 0.7118055555555556 0.05 0.14027777777777778
0 0.125 0.7625000000000001 0.0421875 0.19166666666666668
0 0.5066406250000001 0.7375 0.06328125 0.13055555555555556
0 0.908203125 0.7368055555555556 0.06953125 0.15972222222222224
0 0.24335937500000002 0.7770833333333333 0.04609375 0.17083333333333334
1 0.7113281250000001 0.8340277777777778 0.14765625000000002 0.24583333333333335
0 0.19687500000000002 0.857638888888889 0.05 0.1763888888888889
0 0.2234375 0.5201388888888889 0.0328125 0.11805555555555557
0 0.16328125000000002 0.5430555555555556 0.029687500000000002 0.11388888888888889
0 0.81171875 0.5625 0.0421875 0.11388888888888889
0 0.17695312500000002 0.6083333333333334 0.03359375 0.13611111111111113
