2 0.42031250000000003 0.2791666666666667 0.065625 0.17222222222222222
3 0.590234375 0.36041666666666666 0.08203125 0.1736111111111111
1 0.444921875 0.3902777777777778 0.07265625 0.11666666666666667
1 0.353125 0.45625000000000004 0.1375 0.11805555555555557
0 0.140625 0.7131944444444445 0.0484375 0.1625
1 0.56953125 0.7604166666666667 0.1484375 0.2263888888888889
1 0.552734375 0.2152777777777778 0.030468750000000003 0.05555555555555556
0 0.667578125 0.31666666666666665 0.01640625 0.058333333333333334
0 0.35546875 0.3368055555555556 0.0203125 0.07083333333333333
0 0.38007812500000004 0.36458333333333337 0.02109375 0.07083333333333333
0 0.217578125 0.48958333333333337 0.03359375 0.1125
0 0.274609375 0.5076388888888889 0.041406250000000006 0.10694444444444445
0 0.1859375 0.5875 0.034375 0.13055555555555556
