1 0.27109375 0.35208333333333336 0.07187500000000001 0.09861111111111112
0 0.35664062500000004 0.5923611111111111 0.05078125 0.15416666666666667
1 0.49062500000000003 0.5881944444444445 0.171875 0.27361111111111114
0 0.7781250000000001 0.5965277777777778 0.053125000000000006 0.15694444444444444
0 0.8207031250000001 0.7222222222222222 0.06796875000000001 0.18055555555555555
1 0.123046875 0.23819444444444446 0.03359375 0.0625
1 0.1703125 0.23055555555555557 0.035937500000000004 0.061111111111111116
0 0.256640625 0.24305555555555555 0.030468750000000003 0.05555555555555556
0 0.30898437500000003 0.24583333333333335 0.02890625 0.0638888888888889
0 0.135546875 0.36041666666666666 0.022656250000000003 0.08194444444444444
0 0.18125000000000002 0.35833333333333334 0.0234375 0.08055555555555556
0 0.36054687500000004 0.3548611111111111 0.05078125 0.08194444444444444
0 0.708203125 0.45 0.03515625 0.11388888888888889
0 0.201171875 0.4715277777777778 0.03515625 0.12916666666666668
