3 0.74375 0.41805555555555557 0.08750000000000001 0.16666666666666669
1 0.694921875 0.5520833333333334 0.09921875000000001 0.11527777777777778
0 0.452734375 0.6631944444444444 0.06953125 0.10972222222222222
3 0.55625 0.68125 0.1421875 0.18194444444444446
0 0.81015625 0.6958333333333334 0.043750000000000004 0.15
0 0.27890625 0.7486111111111111 0.0859375 0.20555555555555557
0 0.8390625 0.45208333333333334 0.0140625 0.05416666666666667
0 0.853125 0.4548611111111111 0.0125 0.059722222222222225
0 0.578515625 0.4715277777777778 0.025781250000000002 0.06805555555555556
0 0.533203125 0.5125000000000001 0.030468750000000003 0.07777777777777778
0 0.605078125 0.5111111111111112 0.030468750000000003 0.08888888888888889
0 0.8296875 0.5263888888888889 0.025 0.07222222222222223
0 0.773046875 0.5993055555555555 0.025781250000000002 0.11527777777777778
0 0.8132812500000001 0.5965277777777778 0.028125 0.08750000000000001
0 0.35976562500000003 0.6215277777777778 0.041406250000000006 0.08194444444444444
0 0.73203125 0.6416666666666667 0.029687500000000002 0.1277777777777778
0 0.40664062500000003 0.6569444444444444 0.039843750000000004 0.09722222222222222
