0 0.403125 0.7520833333333333 0.043750000000000004 0.1513888888888889
0 0.46210937500000004 0.7854166666666667 0.039843750000000004 0.15972222222222224
0 0.58828125 0.8548611111111112 0.0421875 0.15694444444444444
0 0.80390625 0.3388888888888889 0.0171875 0.044444444444444446
0 0.813671875 0.3590277777777778 0.014843750000000001 0.051388888888888894
1 0.602734375 0.36875 0.030468750000000003 0.043055555555555555
0 0.74765625 0.3770833333333333 0.015625 0.04583333333333334
0 0.859375 0.3805555555555556 0.0171875 0.05
0 0.73203125 0.3944444444444445 0.0171875 0.05555555555555556
0 0.773046875 0.4041666666666667 0.02109375 0.05
0 0.8140625 0.45555555555555555 0.021875000000000002 0.06666666666666667
0 0.7421875 0.4826388888888889 0.0203125 0.08194444444444444
1 0.443359375 0.5027777777777778 0.07109375 0.07222222222222223
0 0.72265625 0.5430555555555556 0.0234375 0.08055555555555556
0 0.6570312500000001 0.5791666666666667 0.025 0.09166666666666667
0 0.773046875 0.6069444444444445 0.022656250000000003 0.09444444444444444
0 0.57265625 0.6770833333333334 0.0328125 0.11527777777777778
