1 0.33242187500000003 0.4277777777777778 0.12734375 0.1638888888888889
0 0.20429687500000002 0.5611111111111111 0.03671875 0.17222222222222222
0 0.258984375 0.5548611111111111 0.04609375 0.16805555555555557
1 0.603125 0.6958333333333334 0.19062500000000002 0.28055555555555556
0 0.39687500000000003 0.8229166666666667 0.08125 0.22083333333333335
1 0.141015625 0.2215277777777778 0.03359375 0.05416666666666667
1 0.20039062500000002 0.2215277777777778 0.04453125 0.05416666666666667
0 0.1125 0.27708333333333335 0.0171875 0.05416666666666667
1 0.19453125000000002 0.2743055555555556 0.040625 0.0625
0 0.142578125 0.3284722222222222 0.02109375 0.07361111111111111
0 0.5296875 0.3597222222222222 0.043750000000000004 0.06944444444444445
0 0.225 0.4451388888888889 0.028125 0.11527777777777778
