3 0.6023437500000001 0.48750000000000004 0.07187500000000001 0.16666666666666669
1 0.6761718750000001 0.4618055555555556 0.06953125 0.10694444444444445
0 0.48359375000000004 0.5993055555555555 0.0546875 0.1375
0 0.199609375 0.6986111111111112 0.04296875 0.16666666666666669
0 0.3609375 0.6986111111111112 0.046875 0.14166666666666666
1 0.6453125000000001 0.7159722222222222 0.12187500000000001 0.2013888888888889
0 0.80859375 0.7055555555555556 0.05 0.15833333333333333
0 0.279296875 0.7979166666666667 0.055468750000000004 0.1763888888888889
0 0.5164062500000001 0.875 0.0546875 0.20277777777777778
0 0.5609375 0.25277777777777777 0.0140625 0.04722222222222222
0 0.58203125 0.2951388888888889 0.0171875 0.05416666666666667
0 0.6218750000000001 0.31666666666666665 0.015625 0.05555555555555556
0 0.51015625 0.43333333333333335 0.025 0.1
0 0.7000000000000001 0.5673611111111111 0.037500000000000006 0.12638888888888888
