2 0.251171875 0.6472222222222223 0.26328125 0.32222222222222224
1 0.669921875 0.28958333333333336 0.025781250000000002 0.029166666666666667
1 0.630859375 0.3104166666666667 0.02734375 0.043055555555555555
1 0.6578125 0.3506944444444445 0.029687500000000002 0.0375
1 0.5867187500000001 0.3888888888888889 0.035937500000000004 0.04722222222222222
0 0.7445312500000001 0.3909722222222222 0.018750000000000003 0.04861111111111111
0 0.76953125 0.3888888888888889 0.0171875 0.05555555555555556
0 0.831640625 0.3861111111111111 0.01640625 0.061111111111111116
0 0.7332031250000001 0.43125 0.01640625 0.05694444444444444
0 0.7933593750000001 0.4527777777777778 0.01953125 0.07222222222222223
0 0.7527343750000001 0.4729166666666667 0.017968750000000002 0.07083333333333333
0 0.730078125 0.55 0.02421875 0.09444444444444444
0 0.827734375 0.5604166666666667 0.02421875 0.09027777777777778
0 0.6996093750000001 0.6284722222222222 0.025781250000000002 0.1125
0 0.446875 0.6534722222222222 0.0328125 0.10416666666666667
