1 0.58359375 0.6819444444444445 0.109375 0.1388888888888889
0 0.6882812500000001 0.7979166666666667 0.037500000000000006 0.1625
0 0.7386718750000001 0.8715277777777778 0.041406250000000006 0.1736111111111111
0 0.209765625 0.8965277777777778 0.08046875 0.14027777777777778
0 0.6429687500000001 0.9111111111111111 0.0484375 0.16111111111111112
0 0.696875 0.39375 0.0234375 0.04583333333333334
1 0.333984375 0.4340277777777778 0.05078125 0.0625
1 0.524609375 0.5 0.05234375 0.08055555555555556
0 0.585546875 0.5402777777777777 0.022656250000000003 0.08055555555555556
0 0.534765625 0.5902777777777778 0.02890625 0.1
0 0.8113281250000001 0.5819444444444445 0.032031250000000004 0.08611111111111111
0 0.494140625 0.6430555555555556 0.03359375 0.10555555555555556
0 0.7269531250000001 0.6368055555555556 0.03359375 0.10694444444444445
