2 0.60546875 0.4013888888888889 0.084375 0.12222222222222223
1 0.44140625 0.5541666666666667 0.0765625 0.09166666666666667
2 0.2515625 0.607638888888889 0.1375 0.14027777777777778
1 0.85546875 0.5972222222222222 0.140625 0.11944444444444445
0 0.21171875 0.7736111111111111 0.051562500000000004 0.1277777777777778
0 0.253515625 0.8368055555555556 0.057031250000000006 0.1513888888888889
0 0.389453125 0.8388888888888889 0.05390625 0.14166666666666666
0 0.52265625 0.8326388888888889 0.0421875 0.15972222222222224
0 0.35546875 0.9180555555555556 0.051562500000000004 0.1527777777777778
1 0.65546875 0.33194444444444443 0.03125 0.05277777777777778
1 0.705078125 0.3298611111111111 0.02890625 0.051388888888888894
1 0.535546875 0.4166666666666667 0.03828125 0.061111111111111116
0 0.802734375 0.40694444444444444 0.01640625 0.05
0 0.813671875 0.40972222222222227 0.014843750000000001 0.05277777777777778
0 0.835546875 0.41805555555555557 0.014843750000000001 0.05277777777777778
0 0.72578125 0.44930555555555557 0.018750000000000003 0.05694444444444444
0 0.775 0.4548611111111111 0.021875000000000002 0.0625
1 0.6273437500000001 0.47361111111111115 0.0390625 0.061111111111111116
0 0.6937500000000001 0.4743055555555556 0.0203125 0.059722222222222225
0 0.845703125 0.49583333333333335 0.025781250000000002 0.07222222222222223
0 0.676953125 0.5034722222222222 0.02109375 0.0625
0 0.58828125 0.5201388888888889 0.021875000000000002 0.07083333333333333
0 0.634375 0.5319444444444444 0.0203125 0.08055555555555556
0 0.7375 0.5493055555555556 0.0234375 0.08194444444444444
0 0.6644531250000001 0.5680555555555555 0.025781250000000002 0.08888888888888889
0 0.7000000000000001 0.5618055555555556 0.021875000000000002 0.08750000000000001
0 0.5484375 0.5888888888888889 0.026562500000000003 0.08611111111111111
0 0.603125 0.5909722222222222 0.025 0.09027777777777778
0 0.5 0.6159722222222223 0.025 0.09583333333333334
0 0.57265625 0.6222222222222222 0.0234375 0.09444444444444444
0 0.6484375 0.6659722222222223 0.03125 0.10694444444444445
0 0.43476562500000004 0.6840277777777778 0.03671875 0.11527777777777778
0 0.7503906250000001 0.6784722222222223 0.039843750000000004 0.1125
0 0.5320312500000001 0.6986111111111112 0.03125 0.11111111111111112
0 0.3296875 0.7201388888888889 0.0421875 0.11527777777777778
0 0.638671875 0.7777777777777778 0.03515625 0.13055555555555556
0 0.146875 0.9631944444444445 0.078125 0.06527777777777778
