0 0.32070312500000003 0.31319444444444444 0.05078125 0.11527777777777778
0 0.13515625 0.4902777777777778 0.065625 0.17777777777777778
0 0.246875 0.5284722222222222 0.0859375 0.2125
0 0.551953125 0.5125000000000001 0.055468750000000004 0.1638888888888889
0 0.6765625000000001 0.20069444444444445 0.015625 0.04583333333333334
0 0.637890625 0.22361111111111112 0.01640625 0.05277777777777778
0 0.55 0.23541666666666666 0.0234375 0.07361111111111111
0 0.494140625 0.3388888888888889 0.03515625 0.1
0 0.6101562500000001 0.3506944444444445 0.026562500000000003 0.09861111111111112
0 0.425390625 0.375 0.04296875 0.10277777777777779
0 0.155078125 0.39166666666666666 0.04453125 0.075
