2 0.58515625 0.24583333333333335 0.043750000000000004 0.13333333333333333
3 0.5554687500000001 0.3201388888888889 0.06406250000000001 0.15694444444444444
1 0.43828125 0.4826388888888889 0.06875 0.12083333333333333
3 0.6117187500000001 0.545138888888889 0.11875000000000001 0.28194444444444444
1 0.7660156250000001 0.6597222222222222 0.13828125 0.22777777777777777
0 0.5164062500000001 0.757638888888889 0.0421875 0.14583333333333334
1 0.44296875 0.28125 0.040625 0.09583333333333334
0 0.335546875 0.3194444444444445 0.017968750000000002 0.07222222222222223
0 0.7835937500000001 0.48750000000000004 0.034375 0.09166666666666667
0 0.7214843750000001 0.5013888888888889 0.02890625 0.08333333333333334
0 0.51328125 0.5618055555555556 0.029687500000000002 0.10416666666666667
0 0.829296875 0.5805555555555556 0.039843750000000004 0.1
0 0.5203125000000001 0.6486111111111111 0.03125 0.10833333333333334
