2 0.8988281250000001 0.3284722222222222 0.10546875 0.1125
1 0.593359375 0.4340277777777778 0.07734375 0.09861111111111112
1 0.973828125 0.45416666666666666 0.05234375 0.11666666666666667
1 0.5437500000000001 0.6263888888888889 0.09531250000000001 0.14722222222222223
3 0.925 0.7423611111111111 0.15781250000000002 0.5097222222222222
3 0.29140625000000003 0.8520833333333334 0.1640625 0.2902777777777778
0 0.2484375 0.3104166666666667 0.0140625 0.04861111111111111
0 0.274609375 0.30833333333333335 0.014843750000000001 0.044444444444444446
0 0.6843750000000001 0.41597222222222224 0.025 0.09305555555555556
0 0.12734375 0.6173611111111111 0.0328125 0.11527777777777778
0 0.039843750000000004 0.6625 0.0390625 0.11666666666666667
