1 0.08164062500000001 0.7493055555555556 0.14765625000000002 0.14027777777777778
1 0.566796875 0.8270833333333334 0.11015625000000001 0.15972222222222224
0 0.05234375 0.8770833333333333 0.07968750000000001 0.14305555555555557
1 0.377734375 0.8909722222222223 0.16328125000000002 0.20972222222222223
0 0.8953125000000001 0.888888888888889 0.043750000000000004 0.16666666666666669
1 0.6746093750000001 0.2951388888888889 0.02890625 0.029166666666666667
1 0.698828125 0.33125 0.030468750000000003 0.03194444444444445
1 0.60859375 0.3597222222222222 0.0328125 0.036111111111111115
1 0.6839843750000001 0.3701388888888889 0.03671875 0.034722222222222224
1 0.5730468750000001 0.3923611111111111 0.041406250000000006 0.051388888888888894
0 0.8582031250000001 0.3979166666666667 0.017968750000000002 0.05694444444444444
1 0.637890625 0.4118055555555556 0.041406250000000006 0.059722222222222225
1 0.546484375 0.46875 0.05234375 0.06805555555555556
0 0.77734375 0.4673611111111111 0.018750000000000003 0.07083333333333333
0 0.649609375 0.48194444444444445 0.01953125 0.06666666666666667
0 0.5535156250000001 0.5118055555555556 0.022656250000000003 0.0763888888888889
1 0.4 0.5243055555555556 0.078125 0.07916666666666666
0 0.8699218750000001 0.5347222222222222 0.02734375 0.07222222222222223
1 0.71640625 0.5465277777777778 0.053125000000000006 0.0763888888888889
0 0.804296875 0.5416666666666667 0.02109375 0.075
1 0.6160156250000001 0.5597222222222222 0.05078125 0.08333333333333334
0 0.734375 0.5909722222222222 0.021875000000000002 0.09027777777777778
0 0.8558593750000001 0.576388888888889 0.02421875 0.08333333333333334
0 0.5796875 0.6097222222222223 0.029687500000000002 0.08055555555555556
0 0.7757812500000001 0.6 0.026562500000000003 0.09722222222222222
0 0.692578125 0.6208333333333333 0.025781250000000002 0.09444444444444444
0 0.8347656250000001 0.6270833333333333 0.02734375 0.10138888888888889
0 0.792578125 0.6361111111111112 0.02421875 0.08888888888888889
0 0.509375 0.6583333333333333 0.0328125 0.09444444444444444
0 0.56640625 0.6763888888888889 0.0328125 0.1
0 0.62890625 0.6736111111111112 0.029687500000000002 0.10833333333333334
0 0.345703125 0.69375 0.039843750000000004 0.11527777777777778
0 0.716796875 0.7229166666666667 0.030468750000000003 0.12083333333333333
0 0.8921875 0.7131944444444445 0.034375 0.12083333333333333
0 0.8050781250000001 0.7388888888888889 0.032031250000000004 0.1277777777777778
0 0.8617187500000001 0.74375 0.0328125 0.12361111111111112
0 0.7523437500000001 0.7722222222222223 0.0328125 0.14166666666666666
0 0.7640625000000001 0.9541666666666667 0.0484375 0.09166666666666667
0 0.8539062500000001 0.9506944444444445 0.0421875 0.10694444444444445
