0 0.240234375 0.40972222222222227 0.06484375 0.12222222222222223
0 0.628125 0.5270833333333333 0.040625 0.15972222222222224
0 0.201953125 0.5638888888888889 0.08203125 0.20833333333333334
0 0.57734375 0.16458333333333333 0.0140625 0.04583333333333334
0 0.17890625000000002 0.1763888888888889 0.026562500000000003 0.07777777777777778
0 0.6156250000000001 0.19722222222222224 0.015625 0.03888888888888889
0 0.6863281250000001 0.19861111111111113 0.013281250000000001 0.03888888888888889
0 0.521484375 0.2604166666666667 0.025781250000000002 0.06805555555555556
0 0.6664062500000001 0.2777777777777778 0.0203125 0.075
0 0.42304687500000004 0.33611111111111114 0.03828125 0.1
