3 0.446875 0.24791666666666667 0.043750000000000004 0.11527777777777778
1 0.138671875 0.5020833333333333 0.14453125 0.14027777777777778
0 0.05234375 0.6381944444444445 0.078125 0.10972222222222222
0 0.378515625 0.6465277777777778 0.039843750000000004 0.1486111111111111
0 0.783203125 0.6215277777777778 0.04453125 0.15972222222222224
0 0.278515625 0.7215277777777778 0.08515625 0.12638888888888888
0 0.1078125 0.7631944444444445 0.09062500000000001 0.14583333333333334
0 0.17109375000000002 0.732638888888889 0.0671875 0.12916666666666668
0 0.6000000000000001 0.7388888888888889 0.045312500000000006 0.1527777777777778
0 0.77734375 0.7541666666666667 0.043750000000000004 0.14166666666666666
0 0.6421875 0.8277777777777778 0.045312500000000006 0.16111111111111112
0 0.5578125 0.8979166666666667 0.0484375 0.1736111111111111
1 0.541015625 0.31527777777777777 0.04296875 0.08055555555555556
0 0.21210937500000002 0.5083333333333333 0.030468750000000003 0.10277777777777779
0 0.24296875 0.5625 0.029687500000000002 0.11944444444444445
0 0.31367187500000004 0.6229166666666667 0.041406250000000006 0.11527777777777778
