1 0.5906250000000001 0.8173611111111111 0.29375 0.40972222222222227
1 0.388671875 0.4166666666666667 0.12578125 0.16111111111111112
0 0.30234375 0.56875 0.0421875 0.15972222222222224
0 0.7191406250000001 0.5666666666666667 0.047656250000000004 0.18611111111111112
0 0.28203125 0.7229166666666667 0.05 0.2152777777777778
1 0.9031250000000001 0.7534722222222222 0.178125 0.2791666666666667
1 0.18046875 0.22291666666666668 0.037500000000000006 0.051388888888888894
4 0.244140625 0.23541666666666666 0.02421875 0.0625
1 0.203125 0.27708333333333335 0.0546875 0.08194444444444444
0 0.19296875000000002 0.4701388888888889 0.025 0.12083333333333333
