0 0.40937500000000004 0.85 0.05 0.17500000000000002
0 0.706640625 0.8479166666666667 0.039843750000000004 0.1625
0 0.8093750000000001 0.8569444444444445 0.0390625 0.18611111111111112
0 0.6664062500000001 0.9145833333333334 0.040625 0.16805555555555557
1 0.6703125000000001 0.27083333333333337 0.028125 0.036111111111111115
1 0.636328125 0.29444444444444445 0.030468750000000003 0.030555555555555558
1 0.60859375 0.3652777777777778 0.028125 0.05277777777777778
0 0.6898437500000001 0.4534722222222222 0.018750000000000003 0.06805555555555556
0 0.73984375 0.44722222222222224 0.015625 0.05277777777777778
0 0.814453125 0.45416666666666666 0.017968750000000002 0.058333333333333334
0 0.716796875 0.4625 0.01640625 0.0638888888888889
0 0.8406250000000001 0.46944444444444444 0.0203125 0.06944444444444445
0 0.775 0.4951388888888889 0.021875000000000002 0.07916666666666666
0 0.669140625 0.5083333333333333 0.022656250000000003 0.075
0 0.584375 0.5243055555555556 0.026562500000000003 0.07916666666666666
0 0.8406250000000001 0.525 0.025 0.08055555555555556
0 0.7269531250000001 0.5479166666666667 0.02421875 0.08194444444444444
0 0.7503906250000001 0.5847222222222223 0.025781250000000002 0.09166666666666667
0 0.512109375 0.6215277777777778 0.032031250000000004 0.10138888888888889
0 0.6488281250000001 0.6423611111111112 0.02890625 0.1125
0 0.6976562500000001 0.6381944444444445 0.029687500000000002 0.10972222222222222
0 0.8343750000000001 0.675 0.03125 0.11111111111111112
0 0.603125 0.9458333333333334 0.037500000000000006 0.11944444444444445
0 0.8359375 0.9472222222222223 0.0421875 0.09722222222222222
