1 0.482421875 0.425 0.12421875 0.10833333333333334
0 0.23203125000000002 0.607638888888889 0.060937500000000006 0.11805555555555557
1 0.519140625 0.5986111111111111 0.14140625 0.18055555555555555
0 0.8078125 0.6194444444444445 0.05 0.15
0 0.180078125 0.6625 0.08515625 0.11666666666666667
0 0.46718750000000003 0.6847222222222222 0.043750000000000004 0.14166666666666666
0 0.0484375 0.6951388888888889 0.08750000000000001 0.11805555555555557
0 0.30859375 0.6979166666666667 0.045312500000000006 0.14027777777777778
0 0.50546875 0.7868055555555555 0.05 0.1513888888888889
1 0.322265625 0.8715277777777778 0.15078125 0.2625
0 0.0921875 0.38680555555555557 0.043750000000000004 0.07083333333333333
0 0.221484375 0.4486111111111111 0.05390625 0.08611111111111111
0 0.398046875 0.4479166666666667 0.032031250000000004 0.07083333333333333
0 0.31289062500000003 0.4826388888888889 0.06796875000000001 0.07083333333333333
0 0.35078125000000004 0.5479166666666667 0.035937500000000004 0.10138888888888889
0 0.39609375 0.5486111111111112 0.0328125 0.10833333333333334
