3 0.605078125 0.3590277777777778 0.09140625000000001 0.14305555555555557
3 0.6726562500000001 0.5118055555555556 0.1375 0.25416666666666665
0 0.020703125000000003 0.6340277777777779 0.041406250000000006 0.14027777777777778
0 0.28125 0.6805555555555556 0.040625 0.14722222222222223
1 0.47773437500000004 0.6770833333333334 0.14296875 0.1625
0 0.14921875 0.7201388888888889 0.053125000000000006 0.15972222222222224
0 0.2109375 0.6958333333333334 0.040625 0.16944444444444445
0 0.8519531250000001 0.795138888888889 0.06171875 0.14305555555555557
0 0.2921875 0.8145833333333333 0.0390625 0.19305555555555556
1 0.455078125 0.12638888888888888 0.022656250000000003 0.03333333333333333
1 0.5421875 0.2451388888888889 0.034375 0.0625
0 0.33828125000000003 0.3680555555555556 0.021875000000000002 0.07222222222222223
0 0.308203125 0.48958333333333337 0.02890625 0.10694444444444445
0 0.11640625 0.5090277777777777 0.03125 0.08472222222222223
0 0.35195312500000003 0.5097222222222222 0.03359375 0.11111111111111112
0 0.7859375000000001 0.5215277777777778 0.037500000000000006 0.09861111111111112
0 0.24335937500000002 0.5423611111111112 0.030468750000000003 0.1125
0 0.282421875 0.5604166666666667 0.02734375 0.10694444444444445
0 0.841796875 0.6430555555555556 0.04609375 0.10833333333333334
