4 0.288671875 0.39722222222222225 0.05078125 0.125
0 0.331640625 0.14305555555555557 0.032031250000000004 0.05277777777777778
0 0.5640625 0.18611111111111112 0.0171875 0.05555555555555556
0 0.2609375 0.20486111111111113 0.037500000000000006 0.07083333333333333
1 0.60859375 0.20416666666666666 0.046875 0.07222222222222223
0 0.658203125 0.2548611111111111 0.01953125 0.04861111111111111
0 0.63046875 0.29305555555555557 0.026562500000000003 0.06944444444444445
0 0.5984375000000001 0.3194444444444445 0.028125 0.08333333333333334
0 0.448828125 0.33055555555555555 0.03515625 0.07222222222222223
0 0.6796875 0.4743055555555556 0.034375 0.1125
