2 0.296875 0.36875 0.1609375 0.2625
1 0.46523437500000003 0.4083333333333333 0.06015625 0.13333333333333333
1 0.6839843750000001 0.5076388888888889 0.10859375 0.12638888888888888
3 0.224609375 0.5631944444444444 0.12578125 0.34861111111111115
0 0.050390625 0.58125 0.057031250000000006 0.1375
1 0.39101562500000003 0.5902777777777778 0.14296875 0.18888888888888888
3 0.675 0.6833333333333333 0.12187500000000001 0.23055555555555557
0 0.437109375 0.6944444444444444 0.05859375 0.11944444444444445
0 0.0578125 0.7881944444444444 0.0546875 0.18194444444444446
0 0.32656250000000003 0.857638888888889 0.0578125 0.17083333333333334
0 0.93359375 0.9263888888888889 0.07187500000000001 0.13611111111111113
0 0.78046875 0.5513888888888889 0.0390625 0.11111111111111112
