0 0.484375 0.8333333333333334 0.053125000000000006 0.1638888888888889
0 0.7054687500000001 0.3819444444444445 0.0140625 0.044444444444444446
0 0.812109375 0.3736111111111111 0.014843750000000001 0.04166666666666667
0 0.839453125 0.3770833333333333 0.014843750000000001 0.04861111111111111
1 0.612890625 0.4 0.04453125 0.0638888888888889
0 0.860546875 0.3993055555555556 0.017968750000000002 0.05694444444444444
0 0.808203125 0.40972222222222227 0.017968750000000002 0.05
0 0.7406250000000001 0.4305555555555556 0.0171875 0.058333333333333334
0 0.765234375 0.4291666666666667 0.017968750000000002 0.061111111111111116
0 0.694921875 0.4416666666666667 0.01953125 0.0638888888888889
1 0.48085937500000003 0.4756944444444445 0.06640625 0.06527777777777778
0 0.653515625 0.4618055555555556 0.01953125 0.06527777777777778
0 0.7175781250000001 0.4840277777777778 0.01953125 0.07361111111111111
0 0.84921875 0.49930555555555556 0.021875000000000002 0.07361111111111111
0 0.566015625 0.5291666666666667 0.02421875 0.075
0 0.7914062500000001 0.5319444444444444 0.021875000000000002 0.08055555555555556
0 0.831640625 0.5194444444444445 0.022656250000000003 0.07222222222222223
0 0.8695312500000001 0.5583333333333333 0.026562500000000003 0.07777777777777778
0 0.75703125 0.6631944444444444 0.026562500000000003 0.10416666666666667
0 0.353125 0.701388888888889 0.0390625 0.11944444444444445
0 0.595703125 0.70625 0.03359375 0.11527777777777778
0 0.6667968750000001 0.7131944444444445 0.02890625 0.12361111111111112
0 0.38984375000000004 0.7319444444444445 0.043750000000000004 0.12222222222222223
0 0.456640625 0.7347222222222223 0.039843750000000004 0.125
