1 0.44648437500000004 0.47500000000000003 0.07109375 0.10555555555555556
1 0.3640625 0.5708333333333333 0.18281250000000002 0.17777777777777778
0 0.168359375 0.5965277777777778 0.06171875 0.12083333333333333
1 0.62421875 0.6840277777777778 0.12812500000000002 0.19861111111111113
1 0.7820312500000001 0.7118055555555556 0.12812500000000002 0.19305555555555556
1 0.44960937500000003 0.35625 0.05234375 0.09861111111111112
0 0.733984375 0.39513888888888893 0.02421875 0.07083333333333333
0 0.1484375 0.48194444444444445 0.05 0.07777777777777778
0 0.065234375 0.5020833333333333 0.04609375 0.08472222222222223
0 0.78046875 0.5631944444444444 0.037500000000000006 0.11805555555555557
