2 0.22578125000000002 0.2215277777777778 0.1171875 0.09583333333333334
3 0.39101562500000003 0.23750000000000002 0.11328125 0.1
0 0.398046875 0.4708333333333333 0.049218750000000006 0.1277777777777778
0 0.20625000000000002 0.5576388888888889 0.037500000000000006 0.16527777777777777
0 0.339453125 0.5402777777777777 0.047656250000000004 0.1527777777777778
0 0.43203125000000003 0.5902777777777778 0.05 0.14444444444444446
0 0.312109375 0.6284722222222222 0.041406250000000006 0.1736111111111111
0 0.412109375 0.6618055555555555 0.05390625 0.1763888888888889
0 0.118359375 0.3159722222222222 0.017968750000000002 0.059722222222222225
0 0.16640625 0.3277777777777778 0.021875000000000002 0.06666666666666667
1 0.8328125000000001 0.34861111111111115 0.0703125 0.06944444444444445
0 0.28164062500000003 0.3840277777777778 0.032031250000000004 0.09861111111111112
0 0.102734375 0.40347222222222223 0.02421875 0.09027777777777778
0 0.2328125 0.4083333333333333 0.028125 0.10277777777777779
