1 0.45156250000000003 0.40902777777777777 0.05625 0.1125
1 0.062890625 0.44027777777777777 0.13359375 0.11944444444444445
1 0.55234375 0.46319444444444446 0.0625 0.1125
1 0.7054687500000001 0.5506944444444445 0.0890625 0.12638888888888888
1 0.43476562500000004 0.5840277777777778 0.08515625 0.1625
1 0.382421875 0.2763888888888889 0.03828125 0.09166666666666667
1 0.37421875000000004 0.35555555555555557 0.043750000000000004 0.08333333333333334
0 0.31875000000000003 0.3888888888888889 0.021875000000000002 0.075
0 0.217578125 0.44722222222222224 0.030468750000000003 0.1
0 0.28359375000000003 0.45 0.026562500000000003 0.09166666666666667
0 0.6312500000000001 0.4513888888888889 0.0328125 0.08611111111111111
0 0.24531250000000002 0.5402777777777777 0.03125 0.11111111111111112
