0 0.41875 0.7423611111111111 0.040625 0.1486111111111111
0 0.45351562500000003 0.8361111111111111 0.04609375 0.16666666666666669
0 0.7136718750000001 0.8416666666666667 0.039843750000000004 0.15555555555555556
0 0.80859375 0.8166666666666667 0.037500000000000006 0.14444444444444446
1 0.563671875 0.9180555555555556 0.11484375000000001 0.1638888888888889
0 0.880078125 0.8930555555555556 0.04296875 0.17222222222222222
1 0.661328125 0.3416666666666667 0.02890625 0.044444444444444446
1 0.6121093750000001 0.3541666666666667 0.030468750000000003 0.04722222222222222
0 0.8308593750000001 0.35555555555555557 0.017968750000000002 0.04722222222222222
0 0.7839843750000001 0.3979166666666667 0.014843750000000001 0.04861111111111111
0 0.8546875 0.4 0.018750000000000003 0.05
1 0.5398437500000001 0.41875 0.053125000000000006 0.059722222222222225
0 0.6882812500000001 0.41458333333333336 0.0171875 0.051388888888888894
0 0.7136718750000001 0.4131944444444445 0.01640625 0.05416666666666667
0 0.81171875 0.42708333333333337 0.0140625 0.051388888888888894
0 0.607421875 0.4451388888888889 0.02109375 0.059722222222222225
0 0.835546875 0.45 0.01640625 0.05277777777777778
0 0.758984375 0.4673611111111111 0.01953125 0.06527777777777778
0 0.853125 0.4652777777777778 0.0203125 0.06666666666666667
1 0.413671875 0.4930555555555556 0.05078125 0.075
1 0.6472656250000001 0.48194444444444445 0.05078125 0.075
0 0.8128906250000001 0.4840277777777778 0.017968750000000002 0.07361111111111111
1 0.5300781250000001 0.5083333333333333 0.05859375 0.1
0 0.7937500000000001 0.5111111111111112 0.0203125 0.07777777777777778
1 0.45351562500000003 0.5236111111111111 0.05859375 0.07777777777777778
1 0.585546875 0.5256944444444445 0.07109375 0.09305555555555556
0 0.833203125 0.5388888888888889 0.022656250000000003 0.075
0 0.63046875 0.607638888888889 0.0234375 0.09305555555555556
0 0.7859375000000001 0.6069444444444445 0.021875000000000002 0.08611111111111111
0 0.53359375 0.6194444444444445 0.028125 0.09444444444444444
0 0.73828125 0.6180555555555556 0.0234375 0.09444444444444444
0 0.845703125 0.6222222222222222 0.025781250000000002 0.09166666666666667
0 0.6746093750000001 0.6569444444444444 0.02734375 0.09722222222222222
0 0.822265625 0.6611111111111111 0.02734375 0.1
0 0.758984375 0.7020833333333334 0.02890625 0.10972222222222222
0 0.71484375 0.7236111111111111 0.029687500000000002 0.10833333333333334
0 0.5609375 0.7319444444444445 0.034375 0.11944444444444445
0 0.8542968750000001 0.7368055555555556 0.02890625 0.12638888888888888
0 0.6859375000000001 0.9472222222222223 0.0390625 0.11111111111111112
0 0.855078125 0.9631944444444445 0.04453125 0.06527777777777778
