1 0.495703125 0.4708333333333333 0.06796875000000001 0.09722222222222222
1 0.77265625 0.7756944444444445 0.10312500000000001 0.17916666666666667
1 0.56796875 0.8347222222222223 0.1078125 0.17777777777777778
0 0.26328125 0.86875 0.065625 0.1625
0 0.884765625 0.8868055555555556 0.041406250000000006 0.16805555555555557
0 0.334765625 0.9256944444444445 0.06171875 0.1625
0 0.456640625 0.9347222222222222 0.05078125 0.14444444444444446
0 0.533203125 0.9430555555555556 0.05859375 0.125
2 0.7019531250000001 0.3284722222222222 0.03828125 0.09305555555555556
0 0.759375 0.3597222222222222 0.0140625 0.05
1 0.603125 0.36875 0.03125 0.04027777777777778
1 0.6570312500000001 0.3715277777777778 0.037500000000000006 0.04861111111111111
0 0.8285156250000001 0.3729166666666667 0.01640625 0.04583333333333334
0 0.776953125 0.41458333333333336 0.01640625 0.05694444444444444
0 0.751953125 0.43472222222222223 0.01640625 0.05277777777777778
0 0.8269531250000001 0.42638888888888893 0.01640625 0.05555555555555556
0 0.8500000000000001 0.425 0.0171875 0.05277777777777778
1 0.6273437500000001 0.4666666666666667 0.045312500000000006 0.0638888888888889
0 0.8152343750000001 0.48125 0.01953125 0.06805555555555556
0 0.8386718750000001 0.5076388888888889 0.02109375 0.07361111111111111
1 0.59765625 0.5243055555555556 0.05625 0.0763888888888889
0 0.6277343750000001 0.5861111111111111 0.02734375 0.08888888888888889
0 0.6734375 0.5979166666666667 0.026562500000000003 0.08194444444444444
0 0.534765625 0.6229166666666667 0.03515625 0.09305555555555556
0 0.740234375 0.6236111111111111 0.02734375 0.1
0 0.6062500000000001 0.6854166666666667 0.03125 0.1125
0 0.649609375 0.7055555555555556 0.032031250000000004 0.11666666666666667
0 0.47500000000000003 0.7180555555555556 0.037500000000000006 0.13055555555555556
0 0.515234375 0.7416666666666667 0.03515625 0.1277777777777778
0 0.848828125 0.9527777777777778 0.041406250000000006 0.08333333333333334
