1 0.45703125 0.5444444444444445 0.096875 0.08888888888888889
0 0.444140625 0.7513888888888889 0.04453125 0.13333333333333333
0 0.630078125 0.8173611111111111 0.041406250000000006 0.16805555555555557
0 0.84140625 0.8277777777777778 0.040625 0.16666666666666669
0 0.9578125000000001 0.8784722222222222 0.05 0.17916666666666667
1 0.041015625 0.9111111111111111 0.08203125 0.1527777777777778
0 0.259765625 0.8965277777777778 0.06015625 0.1736111111111111
1 0.62421875 0.3541666666666667 0.037500000000000006 0.044444444444444446
1 0.675 0.37777777777777777 0.037500000000000006 0.04722222222222222
1 0.5453125 0.4104166666666667 0.046875 0.059722222222222225
0 0.858984375 0.4048611111111111 0.01640625 0.043055555555555555
1 0.60859375 0.4291666666666667 0.043750000000000004 0.05
0 0.67890625 0.46805555555555556 0.0203125 0.05277777777777778
1 0.53515625 0.48055555555555557 0.0578125 0.07222222222222223
0 0.6265625 0.4826388888888889 0.018750000000000003 0.05416666666666667
0 0.809765625 0.48194444444444445 0.017968750000000002 0.07222222222222223
0 0.878125 0.5041666666666667 0.0234375 0.06666666666666667
0 0.8359375 0.5215277777777778 0.021875000000000002 0.06527777777777778
0 0.747265625 0.5708333333333333 0.02109375 0.08611111111111111
0 0.608984375 0.5840277777777778 0.02734375 0.08472222222222223
0 0.68671875 0.5770833333333334 0.026562500000000003 0.08472222222222223
0 0.8464843750000001 0.5826388888888889 0.022656250000000003 0.07916666666666666
0 0.7835937500000001 0.6270833333333333 0.025 0.09305555555555556
0 0.817578125 0.6173611111111111 0.022656250000000003 0.09027777777777778
0 0.444140625 0.6395833333333334 0.03515625 0.09861111111111112
0 0.503515625 0.6354166666666667 0.03515625 0.10416666666666667
0 0.552734375 0.6541666666666667 0.03359375 0.10833333333333334
0 0.6042968750000001 0.6875 0.03515625 0.10833333333333334
0 0.6742187500000001 0.7180555555555556 0.037500000000000006 0.11388888888888889
0 0.762890625 0.7118055555555556 0.03359375 0.11805555555555557
0 0.586328125 0.7701388888888889 0.03828125 0.12916666666666668
