1 0.720703125 0.80625 0.25546875 0.33472222222222225
1 0.36562500000000003 0.3493055555555556 0.09375 0.10972222222222222
1 0.3296875 0.4104166666666667 0.1 0.13194444444444445
1 0.7328125000000001 0.3979166666666667 0.115625 0.09027777777777778
0 0.25039062500000003 0.5145833333333334 0.04453125 0.14305555555555557
1 0.7367187500000001 0.5631944444444444 0.146875 0.2513888888888889
1 0.1875 0.22291666666666668 0.0390625 0.05694444444444444
1 0.144921875 0.24930555555555556 0.04296875 0.07083333333333333
0 0.10312500000000001 0.27847222222222223 0.015625 0.0625
0 0.126953125 0.31180555555555556 0.017968750000000002 0.07083333333333333
1 0.203515625 0.3236111111111111 0.057031250000000006 0.08333333333333334
0 0.16015625 0.35694444444444445 0.0234375 0.08055555555555556
0 0.59375 0.3909722222222222 0.051562500000000004 0.08194444444444444
0 0.17421875 0.4173611111111111 0.025 0.10416666666666667
