1 0.38828125 0.5555555555555556 0.09843750000000001 0.1
1 0.148828125 0.6736111111111112 0.14765625000000002 0.14722222222222223
1 0.59140625 0.7618055555555556 0.10312500000000001 0.14305555555555557
0 0.765234375 0.7722222222222223 0.03359375 0.16944444444444445
0 0.38710937500000003 0.8625 0.055468750000000004 0.15555555555555556
0 0.49335937500000004 0.85 0.04296875 0.16111111111111112
1 0.63984375 0.28402777777777777 0.025 0.04027777777777778
1 0.6171875 0.36458333333333337 0.0328125 0.04583333333333334
1 0.6953125 0.37222222222222223 0.034375 0.05277777777777778
0 0.8035156250000001 0.39722222222222225 0.013281250000000001 0.044444444444444446
0 0.8289062500000001 0.41597222222222224 0.015625 0.05416666666666667
1 0.51953125 0.4375 0.046875 0.058333333333333334
1 0.558203125 0.45625000000000004 0.05234375 0.06805555555555556
1 0.65 0.46319444444444446 0.040625 0.07083333333333333
0 0.8679687500000001 0.4708333333333333 0.021875000000000002 0.061111111111111116
0 0.6667968750000001 0.48541666666666666 0.022656250000000003 0.07361111111111111
0 0.7195312500000001 0.4930555555555556 0.0203125 0.06944444444444445
0 0.6121093750000001 0.5076388888888889 0.02109375 0.06527777777777778
0 0.7644531250000001 0.5041666666666667 0.01953125 0.06666666666666667
0 0.802734375 0.525 0.02109375 0.075
0 0.609375 0.5736111111111112 0.025 0.07777777777777778
0 0.51953125 0.5930555555555556 0.025 0.08333333333333334
0 0.6781250000000001 0.5805555555555556 0.025 0.09166666666666667
0 0.63203125 0.6083333333333334 0.021875000000000002 0.08333333333333334
0 0.53515625 0.6256944444444444 0.026562500000000003 0.09861111111111112
0 0.578515625 0.638888888888889 0.030468750000000003 0.09166666666666667
0 0.84296875 0.75625 0.03125 0.12361111111111112
