0 0.29375 0.6381944444444445 0.043750000000000004 0.16527777777777777
0 0.20546875 0.7979166666666667 0.05 0.2125
0 0.310546875 0.3090277777777778 0.01640625 0.059722222222222225
3 0.546875 0.31319444444444444 0.040625 0.11805555555555557
0 0.32421875 0.3666666666666667 0.025 0.08055555555555556
0 0.35078125000000004 0.39861111111111114 0.028125 0.09166666666666667
0 0.41914062500000004 0.46944444444444444 0.041406250000000006 0.09444444444444444
0 0.284765625 0.49444444444444446 0.03359375 0.1277777777777778
0 0.22421875000000002 0.5520833333333334 0.0328125 0.1375
0 0.32851562500000003 0.5402777777777777 0.032031250000000004 0.11944444444444445
0 0.465625 0.5701388888888889 0.037500000000000006 0.12083333333333333
