3 0.9128906250000001 0.28958333333333336 0.16015625 0.17916666666666667
0 0.020703125000000003 0.7611111111111112 0.039843750000000004 0.14722222222222223
3 0.46953125 0.23194444444444445 0.045312500000000006 0.10277777777777779
0 0.27773437500000003 0.30694444444444446 0.01640625 0.044444444444444446
1 0.36796875 0.30833333333333335 0.0390625 0.061111111111111116
0 0.5796875 0.31319444444444444 0.0203125 0.051388888888888894
0 0.73203125 0.3590277777777778 0.03125 0.0763888888888889
0 0.23125 0.41111111111111115 0.025 0.06944444444444445
0 0.14296875 0.6041666666666667 0.028125 0.11666666666666667
0 0.6667968750000001 0.6 0.03515625 0.11111111111111112
0 0.06992187500000001 0.6208333333333333 0.03828125 0.1277777777777778
0 0.9925781250000001 0.6222222222222222 0.01171875 0.11944444444444445
