3 0.444141 0.221528 0.058594 0.137500
3 0.551172 0.306250 0.060156 0.145833
3 0.388672 0.433333 0.091406 0.261111
1 0.659766 0.433333 0.086719 0.119444
0 0.853516 0.527083 0.042969 0.131944
0 0.140234 0.594444 0.049219 0.166667
0 0.048438 0.639583 0.053125 0.165278
0 0.833203 0.722222 0.055469 0.180556
1 0.629297 0.303472 0.052344 0.093056
0 0.701953 0.344444 0.025781 0.088889
0 0.269922 0.375694 0.025781 0.093056
0 0.231641 0.479167 0.033594 0.133333
0 0.558203 0.462500 0.027344 0.102778
0 0.786719 0.467361 0.032813 0.101389
0 0.725781 0.525694 0.035937 0.120833
0 0.794141 0.546528 0.033594 0.115278
