1 0.5546875 0.8118055555555556 0.2703125 0.3652777777777778
3 0.279296875 0.225 0.08203125 0.09444444444444444
1 0.38007812500000004 0.3805555555555556 0.10703125000000001 0.10277777777777779
1 0.56953125 0.3548611111111111 0.140625 0.10138888888888889
0 0.24296875 0.5513888888888889 0.0421875 0.16666666666666669
0 0.191796875 0.23472222222222222 0.02109375 0.04722222222222222
0 0.0921875 0.2729166666666667 0.015625 0.051388888888888894
0 0.5964843750000001 0.27569444444444446 0.022656250000000003 0.04861111111111111
0 0.203515625 0.2916666666666667 0.022656250000000003 0.05
0 0.12578125 0.3159722222222222 0.0203125 0.06805555555555556
1 0.23671875 0.3458333333333333 0.06875 0.08611111111111111
0 0.16523437500000002 0.36875 0.03515625 0.07083333333333333
0 0.220703125 0.4041666666666667 0.04609375 0.07777777777777778
0 0.12265625000000001 0.43680555555555556 0.0234375 0.10416666666666667
0 0.16953125000000002 0.5444444444444445 0.0328125 0.1388888888888889
