1 0.38710937500000003 0.5111111111111112 0.08984375 0.1
1 0.40742187500000004 0.58125 0.09609375 0.10972222222222222
0 0.440234375 0.7055555555555556 0.04609375 0.13055555555555556
0 0.5515625000000001 0.7645833333333334 0.040625 0.1375
0 0.819921875 0.35694444444444445 0.013281250000000001 0.04166666666666667
0 0.83359375 0.3590277777777778 0.0140625 0.04583333333333334
1 0.649609375 0.3680555555555556 0.03515625 0.05277777777777778
0 0.7425781250000001 0.37986111111111115 0.013281250000000001 0.04861111111111111
1 0.5730468750000001 0.3979166666666667 0.041406250000000006 0.05416666666666667
0 0.68515625 0.39305555555555555 0.0171875 0.04722222222222222
1 0.6214843750000001 0.41875 0.041406250000000006 0.05694444444444444
0 0.716015625 0.40625 0.017968750000000002 0.05416666666666667
0 0.865234375 0.40694444444444444 0.017968750000000002 0.04722222222222222
1 0.49609375 0.4430555555555556 0.053125000000000006 0.06944444444444445
1 0.75390625 0.45 0.046875 0.06666666666666667
1 0.5390625 0.48333333333333334 0.060937500000000006 0.07777777777777778
0 0.703125 0.4916666666666667 0.0203125 0.07222222222222223
0 0.8609375 0.48958333333333337 0.0203125 0.06805555555555556
0 0.7605468750000001 0.5034722222222222 0.02109375 0.07083333333333333
0 0.6265625 0.5333333333333333 0.0203125 0.06944444444444445
0 0.669140625 0.5222222222222223 0.02109375 0.06944444444444445
0 0.6421875 0.6145833333333334 0.025 0.09027777777777778
0 0.515234375 0.6534722222222222 0.03359375 0.10694444444444445
0 0.560546875 0.6625 0.03359375 0.10277777777777779
0 0.7828125 0.6555555555555556 0.028125 0.10277777777777779
