1 0.598046875 0.5604166666666667 0.06953125 0.13194444444444445
1 0.38789062500000004 0.7541666666666667 0.14140625 0.16666666666666669
0 0.58515625 0.7611111111111112 0.0421875 0.15555555555555556
0 0.85546875 0.8013888888888889 0.0421875 0.14444444444444446
0 0.616796875 0.8347222222222223 0.03671875 0.16111111111111112
0 0.6765625000000001 0.8375 0.034375 0.17222222222222222
1 0.39960937500000004 0.9520833333333334 0.21328125 0.09305555555555556
0 0.7546875000000001 0.9319444444444445 0.051562500000000004 0.14722222222222223
0 0.6566406250000001 0.3854166666666667 0.01953125 0.04861111111111111
0 0.68359375 0.3888888888888889 0.0203125 0.044444444444444446
0 0.705078125 0.4104166666666667 0.01953125 0.04583333333333334
0 0.675 0.4465277777777778 0.021875000000000002 0.07083333333333333
1 0.122265625 0.5069444444444444 0.09296875 0.07222222222222223
0 0.6941406250000001 0.5694444444444444 0.02890625 0.09444444444444444
0 0.7421875 0.5701388888888889 0.025 0.09861111111111112
0 0.78046875 0.5694444444444444 0.028125 0.1
0 0.6453125000000001 0.5993055555555555 0.028125 0.1125
0 0.512109375 0.6194444444444445 0.030468750000000003 0.10555555555555556
0 0.855078125 0.6368055555555556 0.03359375 0.10416666666666667
0 0.7328125000000001 0.7125 0.034375 0.125
0 0.8191406250000001 0.7166666666666667 0.032031250000000004 0.13055555555555556
