1 0.9015625 0.6291666666666667 0.15000000000000002 0.10555555555555556
1 0.147265625 0.7138888888888889 0.15703125 0.1388888888888889
0 0.38203125000000004 0.8020833333333334 0.045312500000000006 0.15972222222222224
0 0.14765625000000002 0.9180555555555556 0.08750000000000001 0.14166666666666666
1 0.633984375 0.29097222222222224 0.02890625 0.0375
1 0.6218750000000001 0.34305555555555556 0.028125 0.04166666666666667
1 0.593359375 0.3729166666666667 0.02890625 0.04583333333333334
1 0.6609375000000001 0.3729166666666667 0.03125 0.0375
1 0.630078125 0.3923611111111111 0.03671875 0.05416666666666667
0 0.7781250000000001 0.38958333333333334 0.018750000000000003 0.043055555555555555
0 0.861328125 0.3923611111111111 0.017968750000000002 0.04861111111111111
1 0.5574218750000001 0.40625 0.04609375 0.051388888888888894
0 0.669140625 0.40902777777777777 0.014843750000000001 0.051388888888888894
0 0.6878906250000001 0.4083333333333333 0.01640625 0.04722222222222222
0 0.8 0.41597222222222224 0.0171875 0.04583333333333334
0 0.8343750000000001 0.41597222222222224 0.018750000000000003 0.04583333333333334
0 0.6898437500000001 0.46458333333333335 0.018750000000000003 0.059722222222222225
0 0.740234375 0.4715277777777778 0.01953125 0.05694444444444444
0 0.706640625 0.48888888888888893 0.01953125 0.0638888888888889
0 0.7703125000000001 0.48680555555555555 0.0203125 0.06527777777777778
0 0.8390625 0.48680555555555555 0.021875000000000002 0.06805555555555556
0 0.8753906250000001 0.4951388888888889 0.022656250000000003 0.06805555555555556
0 0.669140625 0.5076388888888889 0.02109375 0.06805555555555556
1 0.48164062500000004 0.5263888888888889 0.07734375 0.08611111111111111
0 0.726171875 0.5326388888888889 0.02109375 0.07361111111111111
0 0.794140625 0.5236111111111111 0.01953125 0.07222222222222223
0 0.8234375 0.53125 0.021875000000000002 0.07361111111111111
0 0.68515625 0.5597222222222222 0.021875000000000002 0.07777777777777778
0 0.620703125 0.5972222222222222 0.02734375 0.08611111111111111
0 0.7058593750000001 0.5951388888888889 0.02109375 0.08750000000000001
0 0.547265625 0.6180555555555556 0.030468750000000003 0.10555555555555556
