0 0.337890625 0.38680555555555557 0.06015625 0.15416666666666667
0 0.5417968750000001 0.51875 0.04296875 0.1486111111111111
0 0.44179687500000003 0.5444444444444445 0.06484375 0.18888888888888888
0 0.27773437500000003 0.7805555555555556 0.10234375000000001 0.2916666666666667
0 0.17890625000000002 0.1763888888888889 0.029687500000000002 0.075
0 0.6203125 0.17430555555555557 0.0140625 0.04861111111111111
0 0.64609375 0.24166666666666667 0.0203125 0.06666666666666667
0 0.45234375000000004 0.2923611111111111 0.035937500000000004 0.09305555555555556
0 0.541015625 0.3138888888888889 0.03359375 0.09722222222222222
0 0.59140625 0.35000000000000003 0.03125 0.10277777777777779
0 0.680859375 0.4743055555555556 0.03359375 0.12083333333333333
