0 0.35195312500000003 0.3888888888888889 0.055468750000000004 0.1388888888888889
0 0.21796875000000002 0.4430555555555556 0.0765625 0.17777777777777778
0 0.511328125 0.48888888888888893 0.049218750000000006 0.1527777777777778
0 0.1796875 0.17777777777777778 0.029687500000000002 0.07777777777777778
0 0.587890625 0.18819444444444444 0.01640625 0.05416666666666667
0 0.5613281250000001 0.22013888888888888 0.01953125 0.06805555555555556
0 0.659375 0.225 0.015625 0.044444444444444446
0 0.532421875 0.27083333333333337 0.02421875 0.06666666666666667
0 0.657421875 0.27847222222222223 0.02109375 0.07083333333333333
0 0.404296875 0.30833333333333335 0.03671875 0.08888888888888889
0 0.6078125000000001 0.30833333333333335 0.029687500000000002 0.08611111111111111
0 0.455859375 0.32916666666666666 0.032031250000000004 0.08611111111111111
0 0.5671875000000001 0.40625 0.034375 0.12638888888888888
