0 0.25234375000000003 0.48333333333333334 0.06875 0.14166666666666666
0 0.483984375 0.46875 0.049218750000000006 0.14305555555555557
0 0.5578125 0.4791666666666667 0.037500000000000006 0.16111111111111112
0 0.412109375 0.7340277777777778 0.09140625000000001 0.2652777777777778
0 0.62109375 0.1798611111111111 0.015625 0.04583333333333334
0 0.55078125 0.21666666666666667 0.021875000000000002 0.0638888888888889
0 0.6578125 0.2576388888888889 0.0171875 0.05694444444444444
0 0.6160156250000001 0.2743055555555556 0.02421875 0.08194444444444444
0 0.417578125 0.29305555555555557 0.03671875 0.10277777777777779
0 0.259375 0.3923611111111111 0.046875 0.0763888888888889
