1 0.25 0.8270833333333334 0.33906250000000004 0.30694444444444446
3 0.14296875 0.47222222222222227 0.1296875 0.1388888888888889
1 0.504296875 0.7819444444444444 0.14453125 0.16944444444444445
0 0.6316406250000001 0.83125 0.047656250000000004 0.1486111111111111
0 0.73828125 0.9152777777777779 0.051562500000000004 0.15
0 0.6078125000000001 0.37569444444444444 0.015625 0.043055555555555555
0 0.7019531250000001 0.4048611111111111 0.02109375 0.043055555555555555
0 0.733984375 0.4131944444444445 0.025781250000000002 0.043055555555555555
0 0.6765625000000001 0.5243055555555556 0.0234375 0.07916666666666666
0 0.8 0.5625 0.025 0.08055555555555556
0 0.74765625 0.6062500000000001 0.026562500000000003 0.10138888888888889
0 0.659765625 0.6361111111111112 0.032031250000000004 0.10555555555555556
0 0.762890625 0.6826388888888889 0.03359375 0.11805555555555557
