1 0.603125 0.6375000000000001 0.07500000000000001 0.10833333333333334
1 0.7019531250000001 0.6840277777777778 0.07109375 0.10694444444444445
0 0.315234375 0.7625000000000001 0.04296875 0.14444444444444446
1 0.1015625 0.7881944444444444 0.18281250000000002 0.15694444444444444
0 0.41171875 0.7736111111111111 0.040625 0.15
0 0.46640625 0.7972222222222223 0.035937500000000004 0.14166666666666666
1 0.780859375 0.7777777777777778 0.09609375 0.17500000000000002
0 0.888671875 0.7895833333333334 0.039843750000000004 0.1513888888888889
1 0.58203125 0.9076388888888889 0.1125 0.1625
0 0.17343750000000002 0.9270833333333334 0.0734375 0.13472222222222222
1 0.37343750000000003 0.9402777777777778 0.1484375 0.125
0 0.904296875 0.9291666666666667 0.049218750000000006 0.14166666666666666
2 0.6953125 0.35000000000000003 0.040625 0.09722222222222222
1 0.597265625 0.37222222222222223 0.032031250000000004 0.03888888888888889
0 0.84140625 0.3715277777777778 0.018750000000000003 0.043055555555555555
0 0.87890625 0.36875 0.018750000000000003 0.043055555555555555
1 0.638671875 0.3993055555555556 0.041406250000000006 0.05416666666666667
1 0.5593750000000001 0.45555555555555555 0.053125000000000006 0.075
0 0.813671875 0.4527777777777778 0.017968750000000002 0.058333333333333334
1 0.46484375 0.47361111111111115 0.07500000000000001 0.075
0 0.603515625 0.48194444444444445 0.01953125 0.05555555555555556
0 0.689453125 0.5090277777777777 0.02109375 0.06527777777777778
0 0.763671875 0.5006944444444444 0.02109375 0.059722222222222225
0 0.6316406250000001 0.5263888888888889 0.02421875 0.07222222222222223
0 0.8210937500000001 0.5326388888888889 0.026562500000000003 0.08472222222222223
0 0.86328125 0.525 0.0203125 0.07777777777777778
1 0.33710937500000004 0.56875 0.09140625000000001 0.07083333333333333
0 0.5109375 0.5909722222222222 0.029687500000000002 0.08472222222222223
0 0.39179687500000004 0.6208333333333333 0.03515625 0.09166666666666667
0 0.859375 0.6368055555555556 0.0328125 0.10138888888888889
0 0.523046875 0.7027777777777778 0.039843750000000004 0.11111111111111112
0 0.43398437500000003 0.7229166666666667 0.03671875 0.11527777777777778
0 0.48984375 0.7354166666666667 0.037500000000000006 0.11527777777777778
0 0.620703125 0.7430555555555556 0.03515625 0.11944444444444445
0 0.6781250000000001 0.7340277777777778 0.0328125 0.12083333333333333
0 0.29726562500000003 0.7541666666666667 0.03515625 0.13611111111111113
0 0.5789062500000001 0.7701388888888889 0.035937500000000004 0.12083333333333333
