0 0.5953125 0.44097222222222227 0.0421875 0.14027777777777778
0 0.32890625 0.47222222222222227 0.0703125 0.23611111111111113
0 0.474609375 0.5166666666666667 0.05390625 0.16944444444444445
0 0.194140625 0.5513888888888889 0.07578125000000001 0.20277777777777778
0 0.253515625 0.10416666666666667 0.02734375 0.0638888888888889
0 0.610546875 0.18125 0.013281250000000001 0.04583333333333334
0 0.64609375 0.23680555555555557 0.018750000000000003 0.05416666666666667
0 0.405078125 0.2590277777777778 0.03671875 0.09027777777777778
0 0.667578125 0.27222222222222225 0.022656250000000003 0.0638888888888889
0 0.44765625000000003 0.3090277777777778 0.029687500000000002 0.0763888888888889
0 0.6160156250000001 0.34652777777777777 0.030468750000000003 0.08750000000000001
