0 0.24296875 0.4534722222222222 0.08125 0.19861111111111113
0 0.59921875 0.5048611111111111 0.0390625 0.18472222222222223
0 0.40742187500000004 0.1486111111111111 0.030468750000000003 0.05277777777777778
0 0.578125 0.16597222222222222 0.0140625 0.04583333333333334
0 0.6097656250000001 0.17500000000000002 0.01640625 0.04166666666666667
0 0.64375 0.18055555555555555 0.0171875 0.04722222222222222
0 0.558984375 0.19375 0.01953125 0.051388888888888894
0 0.5875 0.21180555555555555 0.018750000000000003 0.051388888888888894
0 0.6804687500000001 0.22569444444444445 0.0171875 0.04861111111111111
4 0.19257812500000002 0.2520833333333333 0.02734375 0.08472222222222223
0 0.6640625 0.25069444444444444 0.018750000000000003 0.06805555555555556
0 0.63671875 0.2826388888888889 0.0234375 0.08194444444444444
