1 0.44296875 0.3527777777777778 0.0546875 0.11666666666666667
1 0.447265625 0.49375 0.06796875000000001 0.14027777777777778
0 0.6351562500000001 0.6333333333333333 0.037500000000000006 0.15555555555555556
4 0.7644531250000001 0.6409722222222223 0.09296875 0.1902777777777778
1 0.35859375000000004 0.6784722222222223 0.16718750000000002 0.19861111111111113
0 0.8562500000000001 0.6756944444444445 0.053125000000000006 0.1486111111111111
3 0.521875 0.21180555555555555 0.037500000000000006 0.09027777777777778
0 0.39765625000000004 0.24097222222222223 0.0140625 0.05416666666666667
3 0.43828125 0.24305555555555555 0.043750000000000004 0.11388888888888889
1 0.5613281250000001 0.3180555555555556 0.049218750000000006 0.075
0 0.35664062500000004 0.3548611111111111 0.01953125 0.07083333333333333
0 0.31328125 0.39722222222222225 0.0203125 0.08611111111111111
0 0.6820312500000001 0.42638888888888893 0.029687500000000002 0.08611111111111111
0 0.512109375 0.4673611111111111 0.025781250000000002 0.10694444444444445
0 0.6312500000000001 0.48958333333333337 0.026562500000000003 0.09027777777777778
0 0.36054687500000004 0.5104166666666667 0.030468750000000003 0.10416666666666667
0 0.722265625 0.5201388888888889 0.030468750000000003 0.09861111111111112
