1 0.51015625 0.38680555555555557 0.1421875 0.1125
1 0.25078125 0.4625 0.1046875 0.17777777777777778
0 0.78671875 0.7222222222222222 0.0578125 0.17500000000000002
1 0.10820312500000001 0.2215277777777778 0.02734375 0.04027777777777778
3 0.251171875 0.22222222222222224 0.10078125 0.08611111111111111
1 0.178125 0.25833333333333336 0.043750000000000004 0.06944444444444445
1 0.541015625 0.25277777777777777 0.07734375 0.058333333333333334
0 0.38984375000000004 0.2777777777777778 0.045312500000000006 0.058333333333333334
0 0.115234375 0.33611111111111114 0.03515625 0.075
1 0.2421875 0.3284722222222222 0.060937500000000006 0.08750000000000001
1 0.16953125000000002 0.35208333333333336 0.05 0.09305555555555556
0 0.712890625 0.3701388888888889 0.03515625 0.07361111111111111
