1 0.63671875 0.6083333333333334 0.06875 0.09722222222222222
1 0.503515625 0.6541666666666667 0.10234375000000001 0.11944444444444445
1 0.15703125 0.6944444444444444 0.13593750000000002 0.11944444444444445
1 0.6472656250000001 0.7465277777777778 0.09140625000000001 0.13194444444444445
0 0.39492187500000003 0.7993055555555556 0.04453125 0.1513888888888889
0 0.48867187500000003 0.7729166666666667 0.04296875 0.1486111111111111
0 0.567578125 0.7930555555555556 0.039843750000000004 0.15
0 0.25234375000000003 0.8645833333333334 0.0484375 0.1513888888888889
0 0.3125 0.8736111111111111 0.053125000000000006 0.1527777777777778
0 0.4421875 0.851388888888889 0.05625 0.1638888888888889
0 0.521875 0.8722222222222222 0.051562500000000004 0.1527777777777778
0 0.69453125 0.85 0.051562500000000004 0.16666666666666669
0 0.084375 0.9291666666666667 0.08125 0.13333333333333333
0 0.23554687500000002 0.9354166666666667 0.06953125 0.12361111111111112
0 0.3765625 0.93125 0.0625 0.14305555555555557
1 0.6984375 0.3180555555555556 0.025 0.04166666666666667
1 0.620703125 0.3298611111111111 0.030468750000000003 0.0375
1 0.519921875 0.34861111111111115 0.03515625 0.05277777777777778
1 0.665234375 0.3527777777777778 0.030468750000000003 0.03888888888888889
1 0.570703125 0.39375 0.03828125 0.05416666666666667
1 0.6355468750000001 0.3875 0.03359375 0.05277777777777778
0 0.8656250000000001 0.4375 0.021875000000000002 0.05277777777777778
1 0.6546875000000001 0.44583333333333336 0.037500000000000006 0.0638888888888889
1 0.716796875 0.4569444444444445 0.03671875 0.0638888888888889
1 0.48750000000000004 0.4638888888888889 0.0625 0.07777777777777778
0 0.61875 0.48541666666666666 0.018750000000000003 0.07083333333333333
0 0.6683593750000001 0.4930555555555556 0.017968750000000002 0.07222222222222223
0 0.8191406250000001 0.4847222222222222 0.01953125 0.07222222222222223
0 0.562109375 0.5020833333333333 0.02109375 0.06805555555555556
0 0.7507812500000001 0.5076388888888889 0.0203125 0.07361111111111111
0 0.7035156250000001 0.5319444444444444 0.01953125 0.07777777777777778
0 0.801953125 0.5680555555555555 0.025781250000000002 0.08888888888888889
0 0.845703125 0.5673611111111111 0.02421875 0.07916666666666666
0 0.782421875 0.61875 0.025781250000000002 0.09305555555555556
0 0.8523437500000001 0.6555555555555556 0.028125 0.10833333333333334
0 0.8167968750000001 0.7034722222222223 0.025781250000000002 0.11527777777777778
