1 0.645703125 0.8243055555555556 0.32265625000000003 0.37083333333333335
1 0.18828125 0.3388888888888889 0.059375000000000004 0.11944444444444445
3 0.340625 0.37777777777777777 0.15625 0.23055555555555557
1 0.30507812500000003 0.5284722222222222 0.14453125 0.24583333333333335
0 0.215625 0.5875 0.045312500000000006 0.15
1 0.109375 0.28125 0.03125 0.07361111111111111
0 0.136328125 0.27708333333333335 0.014843750000000001 0.05416666666666667
1 0.257421875 0.3215277777777778 0.04296875 0.08194444444444444
1 0.8515625 0.35625 0.06406250000000001 0.059722222222222225
0 0.12890625 0.3784722222222222 0.0203125 0.08472222222222223
0 0.4625 0.36458333333333337 0.051562500000000004 0.06527777777777778
0 0.525 0.39305555555555555 0.05 0.075
