3 0.747265625 0.4152777777777778 0.09296875 0.16111111111111112
0 0.340625 0.638888888888889 0.0734375 0.16666666666666669
3 0.603515625 0.6375000000000001 0.10703125000000001 0.15833333333333333
0 0.7253906250000001 0.6395833333333334 0.041406250000000006 0.13194444444444445
0 0.786328125 0.6972222222222223 0.04453125 0.15555555555555556
0 0.06640625 0.7875 0.1 0.18611111111111112
0 0.6253906250000001 0.4527777777777778 0.022656250000000003 0.05
0 0.50546875 0.5111111111111112 0.040625 0.08055555555555556
0 0.58203125 0.5020833333333333 0.03125 0.059722222222222225
0 0.83984375 0.5222222222222223 0.0203125 0.075
0 0.818359375 0.55 0.02421875 0.08888888888888889
