0 0.05625 0.6256944444444444 0.059375000000000004 0.12361111111111112
0 0.597265625 0.27083333333333337 0.01640625 0.044444444444444446
0 0.572265625 0.2888888888888889 0.01640625 0.05555555555555556
0 0.54296875 0.30972222222222223 0.018750000000000003 0.06666666666666667
0 0.6125 0.3201388888888889 0.0203125 0.06805555555555556
0 0.7230468750000001 0.37430555555555556 0.022656250000000003 0.0763888888888889
0 0.319140625 0.3902777777777778 0.01953125 0.08333333333333334
0 0.582421875 0.3944444444444445 0.02421875 0.09166666666666667
0 0.342578125 0.4166666666666667 0.022656250000000003 0.10277777777777779
0 0.21210937500000002 0.43194444444444446 0.02890625 0.08888888888888889
0 0.28164062500000003 0.42638888888888893 0.025781250000000002 0.08333333333333334
0 0.38593750000000004 0.43194444444444446 0.028125 0.10833333333333334
0 0.6863281250000001 0.42638888888888893 0.02734375 0.09166666666666667
0 0.8609375 0.42708333333333337 0.0328125 0.08472222222222223
0 0.744140625 0.46319444444444446 0.032031250000000004 0.10138888888888889
0 0.290625 0.4916666666666667 0.028125 0.10555555555555556
0 0.6371093750000001 0.5027777777777778 0.03359375 0.10555555555555556
0 0.7828125 0.5458333333333334 0.037500000000000006 0.11666666666666667
0 0.8402343750000001 0.5819444444444445 0.03671875 0.11944444444444445
