1 0.292578125 0.6062500000000001 0.11015625000000001 0.1125
0 0.35703125 0.7347222222222223 0.046875 0.13611111111111113
0 0.46875 0.7631944444444445 0.040625 0.14027777777777778
0 0.791015625 0.8930555555555556 0.041406250000000006 0.16111111111111112
1 0.640234375 0.2986111111111111 0.030468750000000003 0.03888888888888889
1 0.7039062500000001 0.3041666666666667 0.026562500000000003 0.036111111111111115
1 0.596875 0.38125000000000003 0.0328125 0.04861111111111111
1 0.634375 0.3965277777777778 0.037500000000000006 0.051388888888888894
0 0.8093750000000001 0.3944444444444445 0.015625 0.05
0 0.8582031250000001 0.4 0.01640625 0.04722222222222222
1 0.559765625 0.4166666666666667 0.04609375 0.061111111111111116
0 0.757421875 0.4361111111111111 0.02109375 0.05
0 0.8402343750000001 0.4375 0.01953125 0.058333333333333334
0 0.6785156250000001 0.44722222222222224 0.02109375 0.05555555555555556
0 0.75390625 0.4847222222222222 0.0203125 0.06666666666666667
0 0.650390625 0.5458333333333334 0.022656250000000003 0.08611111111111111
0 0.6171875 0.5604166666666667 0.021875000000000002 0.08472222222222223
0 0.720703125 0.5715277777777777 0.022656250000000003 0.09861111111111112
0 0.478125 0.6576388888888889 0.0390625 0.10416666666666667
0 0.6742187500000001 0.6590277777777778 0.03125 0.10972222222222222
0 0.8140625 0.7819444444444444 0.034375 0.13055555555555556
