3 0.5613281250000001 0.3236111111111111 0.05859375 0.1527777777777778
3 0.45351562500000003 0.4673611111111111 0.07265625 0.22083333333333335
3 0.6058593750000001 0.5104166666666667 0.12109375 0.2652777777777778
0 0.8679687500000001 0.6055555555555556 0.05 0.12222222222222223
0 0.12382812500000001 0.6395833333333334 0.05078125 0.14305555555555557
0 0.8011718750000001 0.6583333333333333 0.06484375 0.11666666666666667
0 0.40156250000000004 0.6986111111111112 0.043750000000000004 0.14722222222222223
0 0.28828125 0.7361111111111112 0.0578125 0.14722222222222223
0 0.162890625 0.7909722222222223 0.05390625 0.1875
0 0.44960937500000003 0.7986111111111112 0.04453125 0.16666666666666669
0 0.7171875000000001 0.7944444444444445 0.0921875 0.16944444444444445
0 0.92734375 0.7847222222222222 0.0625 0.15555555555555556
0 0.38593750000000004 0.8236111111111112 0.045312500000000006 0.17500000000000002
0 0.299609375 0.9152777777777779 0.06484375 0.16111111111111112
0 0.28359375000000003 0.48958333333333337 0.0421875 0.09305555555555556
0 0.6785156250000001 0.5298611111111111 0.03828125 0.1125
0 0.712109375 0.525 0.03359375 0.10555555555555556
0 0.225390625 0.5611111111111111 0.03828125 0.12222222222222223
