1 0.5730468750000001 0.47500000000000003 0.08828125 0.14722222222222223
1 0.17148437500000002 0.5013888888888889 0.15234375 0.1527777777777778
0 0.051562500000000004 0.5576388888888889 0.065625 0.1125
0 0.20039062500000002 0.6368055555555556 0.049218750000000006 0.12916666666666668
0 0.7058593750000001 0.6604166666666667 0.041406250000000006 0.15416666666666667
0 0.8 0.7618055555555556 0.059375000000000004 0.1513888888888889
0 0.524609375 0.8118055555555556 0.047656250000000004 0.19861111111111113
0 0.931640625 0.8944444444444445 0.08203125 0.18333333333333335
1 0.43867187500000004 0.29305555555555557 0.047656250000000004 0.09166666666666667
0 0.8617187500000001 0.42430555555555555 0.0328125 0.08194444444444444
0 0.71484375 0.4534722222222222 0.028125 0.0763888888888889
0 0.79453125 0.5895833333333333 0.037500000000000006 0.13194444444444445
0 0.837890625 0.5902777777777778 0.03515625 0.13333333333333333
