1 0.580078125 0.59375 0.06015625 0.10694444444444445
0 0.2828125 0.7548611111111111 0.0546875 0.14583333333333334
0 0.40390625 0.7625000000000001 0.045312500000000006 0.14722222222222223
1 0.597265625 0.7861111111111111 0.08515625 0.15555555555555556
0 0.7074218750000001 0.7979166666666667 0.03515625 0.1486111111111111
0 0.828125 0.795138888888889 0.0390625 0.1486111111111111
0 0.6687500000000001 0.8979166666666667 0.040625 0.19305555555555556
0 0.609375 0.9319444444444445 0.046875 0.1388888888888889
1 0.669921875 0.32222222222222224 0.02890625 0.06666666666666667
1 0.704296875 0.31527777777777777 0.025781250000000002 0.04166666666666667
1 0.6171875 0.3993055555555556 0.035937500000000004 0.051388888888888894
0 0.7703125000000001 0.39583333333333337 0.0171875 0.05277777777777778
0 0.84921875 0.3965277777777778 0.0171875 0.04861111111111111
0 0.8738281250000001 0.4152777777777778 0.014843750000000001 0.05
0 0.7308593750000001 0.42638888888888893 0.01953125 0.05
0 0.7859375000000001 0.43125 0.0171875 0.051388888888888894
0 0.704296875 0.4618055555555556 0.01953125 0.05694444444444444
0 0.8453125 0.4666666666666667 0.018750000000000003 0.05277777777777778
0 0.7625000000000001 0.49444444444444446 0.018750000000000003 0.075
0 0.80234375 0.4902777777777778 0.018750000000000003 0.07222222222222223
0 0.57734375 0.5041666666666667 0.026562500000000003 0.06944444444444445
1 0.6734375 0.5055555555555555 0.046875 0.08055555555555556
0 0.734375 0.5277777777777778 0.021875000000000002 0.06666666666666667
0 0.8421875000000001 0.5395833333333333 0.0203125 0.07916666666666666
0 0.7234375000000001 0.5875 0.025 0.08888888888888889
0 0.70078125 0.6006944444444444 0.025 0.09583333333333334
0 0.8 0.6104166666666667 0.028125 0.09861111111111112
0 0.6546875000000001 0.6194444444444445 0.026562500000000003 0.09444444444444444
0 0.446875 0.6576388888888889 0.0390625 0.10972222222222222
0 0.62890625 0.6652777777777779 0.035937500000000004 0.10833333333333334
0 0.466796875 0.6736111111111112 0.03828125 0.10555555555555556
0 0.7523437500000001 0.6805555555555556 0.0328125 0.10833333333333334
0 0.54296875 0.6951388888888889 0.0421875 0.11527777777777778
