1 0.31875000000000003 0.3854166666666667 0.1 0.1125
0 0.33632812500000003 0.5888888888888889 0.047656250000000004 0.18055555555555555
0 0.47578125000000004 0.6409722222222223 0.0625 0.19305555555555556
1 0.135546875 0.19930555555555557 0.02890625 0.04027777777777778
1 0.39960937500000004 0.25625000000000003 0.08359375000000001 0.05416666666666667
1 0.23125 0.2888888888888889 0.0546875 0.08333333333333334
0 0.17500000000000002 0.36041666666666666 0.035937500000000004 0.08750000000000001
0 0.432421875 0.36597222222222225 0.05078125 0.07916666666666666
0 0.659765625 0.41111111111111115 0.030468750000000003 0.09444444444444444
0 0.7523437500000001 0.4361111111111111 0.029687500000000002 0.09722222222222222
0 0.28046875 0.4444444444444445 0.035937500000000004 0.11388888888888889
