1 0.40156250000000004 0.38819444444444445 0.11406250000000001 0.1375
1 0.304296875 0.42430555555555555 0.11328125 0.11805555555555557
0 0.303515625 0.6215277777777778 0.047656250000000004 0.1736111111111111
0 0.8367187500000001 0.6972222222222223 0.059375000000000004 0.1638888888888889
1 0.69921875 0.7756944444444445 0.22812500000000002 0.30694444444444446
3 0.28515625 0.23125 0.084375 0.08194444444444444
2 0.16015625 0.2513888888888889 0.0578125 0.09722222222222222
0 0.16523437500000002 0.3354166666666667 0.02421875 0.07083333333333333
0 0.53828125 0.3597222222222222 0.040625 0.075
0 0.638671875 0.3729166666666667 0.041406250000000006 0.08472222222222223
0 0.177734375 0.41597222222222224 0.02890625 0.09861111111111112
0 0.20820312500000002 0.40972222222222227 0.030468750000000003 0.09166666666666667
0 0.6863281250000001 0.5861111111111111 0.039843750000000004 0.12222222222222223
