1 0.23203125000000002 0.3388888888888889 0.06875 0.10555555555555556
1 0.48476562500000003 0.44375000000000003 0.11640625 0.12916666666666668
1 0.6937500000000001 0.4361111111111111 0.1046875 0.11111111111111112
1 0.43867187500000004 0.5534722222222223 0.14765625000000002 0.19861111111111113
2 0.80078125 0.6180555555555556 0.19687500000000002 0.32222222222222224
1 0.37734375000000003 0.6784722222222223 0.16718750000000002 0.28750000000000003
1 0.17421875 0.2111111111111111 0.0390625 0.075
0 0.26328125 0.23125 0.035937500000000004 0.04861111111111111
0 0.11992187500000001 0.3 0.02109375 0.06666666666666667
0 0.38906250000000003 0.3472222222222222 0.045312500000000006 0.07222222222222223
0 0.751953125 0.3902777777777778 0.032031250000000004 0.09166666666666667
0 0.830078125 0.39166666666666666 0.02734375 0.075
0 0.17343750000000002 0.42708333333333337 0.029687500000000002 0.10138888888888889
0 0.14609375 0.48333333333333334 0.028125 0.12222222222222223
