1 0.3171875 0.58125 0.09531250000000001 0.09583333333333334
0 0.4625 0.8020833333333334 0.045312500000000006 0.15416666666666667
0 0.17578125 0.8902777777777778 0.06875 0.15833333333333333
0 0.0859375 0.9458333333333334 0.084375 0.10277777777777779
1 0.598046875 0.37569444444444444 0.03515625 0.04861111111111111
0 0.802734375 0.37986111111111115 0.014843750000000001 0.051388888888888894
0 0.828125 0.3770833333333333 0.0140625 0.05416666666666667
1 0.6328125 0.3902777777777778 0.037500000000000006 0.05
0 0.73203125 0.3888888888888889 0.0171875 0.04722222222222222
0 0.757421875 0.4152777777777778 0.01640625 0.05
0 0.862890625 0.4041666666666667 0.017968750000000002 0.044444444444444446
0 0.723828125 0.45555555555555555 0.01953125 0.06666666666666667
0 0.77734375 0.4756944444444445 0.021875000000000002 0.07361111111111111
0 0.84375 0.4826388888888889 0.021875000000000002 0.07083333333333333
0 0.6804687500000001 0.5027777777777778 0.0203125 0.06666666666666667
0 0.8777343750000001 0.5118055555555556 0.022656250000000003 0.07916666666666666
0 0.595703125 0.5826388888888889 0.025781250000000002 0.09027777777777778
0 0.6570312500000001 0.5909722222222222 0.025 0.09583333333333334
0 0.55 0.6020833333333333 0.029687500000000002 0.08750000000000001
0 0.42617187500000003 0.6604166666666667 0.03828125 0.10416666666666667
0 0.5417968750000001 0.6854166666666667 0.03671875 0.11527777777777778
0 0.8207031250000001 0.7736111111111111 0.030468750000000003 0.12222222222222223
