0 0.34218750000000003 0.725 0.0421875 0.1277777777777778
0 0.36328125 0.7993055555555556 0.045312500000000006 0.14305555555555557
0 0.43671875000000004 0.7840277777777778 0.046875 0.1486111111111111
0 0.625 0.8006944444444445 0.040625 0.14027777777777778
0 0.169921875 0.8736111111111111 0.06640625 0.16944444444444445
0 0.04453125 0.9284722222222223 0.08125 0.12638888888888888
3 0.6953125 0.29097222222222224 0.03125 0.0763888888888889
1 0.6203125 0.33472222222222225 0.028125 0.036111111111111115
1 0.65390625 0.35694444444444445 0.028125 0.044444444444444446
1 0.5734375 0.3965277777777778 0.040625 0.04861111111111111
0 0.677734375 0.4166666666666667 0.017968750000000002 0.05555555555555556
0 0.8718750000000001 0.41111111111111115 0.0171875 0.05555555555555556
0 0.703125 0.43680555555555556 0.018750000000000003 0.0625
0 0.7390625000000001 0.4277777777777778 0.018750000000000003 0.058333333333333334
0 0.7859375000000001 0.42430555555555555 0.0171875 0.04861111111111111
0 0.8375 0.4215277777777778 0.0171875 0.051388888888888894
0 0.78671875 0.47500000000000003 0.0203125 0.06944444444444445
0 0.81796875 0.4673611111111111 0.0203125 0.07083333333333333
0 0.8582031250000001 0.5326388888888889 0.02890625 0.07916666666666666
0 0.669140625 0.5527777777777778 0.02734375 0.08333333333333334
0 0.7203125 0.545138888888889 0.0234375 0.09583333333333334
0 0.6511718750000001 0.6479166666666667 0.03359375 0.10416666666666667
0 0.5300781250000001 0.6618055555555555 0.032031250000000004 0.1125
0 0.566015625 0.6729166666666667 0.03515625 0.11527777777777778
0 0.675390625 0.6784722222222223 0.03359375 0.10694444444444445
