0 0.36445312500000004 0.4076388888888889 0.07109375 0.1763888888888889
0 0.58828125 0.43819444444444444 0.0390625 0.1375
0 0.501171875 0.47847222222222224 0.047656250000000004 0.15694444444444444
0 0.434375 0.7604166666666667 0.0890625 0.2569444444444445
0 0.6359375 0.16666666666666669 0.015625 0.04722222222222222
0 0.1796875 0.17708333333333334 0.028125 0.07361111111111111
0 0.607421875 0.1736111111111111 0.014843750000000001 0.04166666666666667
0 0.5789062500000001 0.20625000000000002 0.0171875 0.05416666666666667
0 0.6703125000000001 0.22083333333333335 0.015625 0.05
0 0.6218750000000001 0.27222222222222225 0.0234375 0.075
0 0.65625 0.275 0.021875000000000002 0.06944444444444445
