1 0.6550781250000001 0.5472222222222223 0.05859375 0.10277777777777779
1 0.6316406250000001 0.6729166666666667 0.07109375 0.11527777777777778
1 0.43203125000000003 0.7076388888888889 0.1125 0.14583333333333334
1 0.10429687500000001 0.757638888888889 0.19296875000000002 0.24861111111111112
1 0.548828125 0.757638888888889 0.09140625000000001 0.12083333333333333
0 0.55234375 0.8388888888888889 0.0484375 0.1388888888888889
1 0.7265625 0.8104166666666667 0.1 0.1513888888888889
0 0.19375 0.8930555555555556 0.0734375 0.1638888888888889
1 0.3609375 0.9375 0.15781250000000002 0.11111111111111112
0 0.85703125 0.9256944444444445 0.043750000000000004 0.14305555555555557
1 0.7046875 0.31180555555555556 0.03125 0.034722222222222224
1 0.52109375 0.3541666666666667 0.034375 0.04722222222222222
1 0.5828125000000001 0.3875 0.0390625 0.044444444444444446
1 0.680859375 0.39305555555555555 0.03828125 0.05277777777777778
1 0.7234375000000001 0.4118055555555556 0.029687500000000002 0.051388888888888894
0 0.7937500000000001 0.4131944444444445 0.0140625 0.05416666666666667
0 0.7781250000000001 0.42430555555555555 0.0140625 0.05416666666666667
1 0.603515625 0.44375000000000003 0.04296875 0.05694444444444444
1 0.47500000000000003 0.4708333333333333 0.0546875 0.0638888888888889
1 0.6937500000000001 0.4638888888888889 0.043750000000000004 0.07222222222222223
0 0.82734375 0.4652777777777778 0.018750000000000003 0.06944444444444445
0 0.8046875 0.4881944444444445 0.0171875 0.07361111111111111
0 0.8792968750000001 0.5145833333333334 0.022656250000000003 0.07361111111111111
0 0.540234375 0.5388888888888889 0.02734375 0.06666666666666667
0 0.5203125000000001 0.5868055555555556 0.028125 0.08194444444444444
0 0.7000000000000001 0.5888888888888889 0.0234375 0.09166666666666667
0 0.73828125 0.5798611111111112 0.0234375 0.08750000000000001
0 0.779296875 0.5770833333333334 0.022656250000000003 0.07916666666666666
0 0.84140625 0.6402777777777778 0.025 0.09444444444444444
0 0.319140625 0.6770833333333334 0.04453125 0.11805555555555557
0 0.8503906250000001 0.7236111111111111 0.030468750000000003 0.10555555555555556
0 0.8421875000000001 0.8159722222222222 0.035937500000000004 0.12361111111111112
