1 0.53359375 0.69375 0.09375 0.14583333333333334
0 0.456640625 0.7861111111111111 0.05234375 0.15
0 0.3515625 0.8395833333333333 0.053125000000000006 0.1625
0 0.74140625 0.8638888888888889 0.043750000000000004 0.17222222222222222
0 0.18710937500000002 0.9388888888888889 0.07109375 0.11944444444444445
0 0.817578125 0.9298611111111111 0.04609375 0.1513888888888889
1 0.673046875 0.30069444444444443 0.02890625 0.0375
1 0.61328125 0.36597222222222225 0.03125 0.0375
1 0.5769531250000001 0.3993055555555556 0.04453125 0.04027777777777778
0 0.6824218750000001 0.41805555555555557 0.01640625 0.05555555555555556
0 0.8609375 0.4173611111111111 0.0203125 0.05416666666666667
0 0.696875 0.45 0.0171875 0.05555555555555556
0 0.8328125000000001 0.4513888888888889 0.018750000000000003 0.05277777777777778
1 0.5421875 0.4763888888888889 0.059375000000000004 0.07222222222222223
0 0.7328125000000001 0.46944444444444444 0.0203125 0.06666666666666667
0 0.766796875 0.4729166666666667 0.01953125 0.07083333333333333
0 0.815625 0.4930555555555556 0.0203125 0.07777777777777778
1 0.6273437500000001 0.5340277777777778 0.0578125 0.08194444444444444
1 0.33125000000000004 0.5770833333333334 0.09062500000000001 0.09305555555555556
0 0.540625 0.5805555555555556 0.034375 0.07777777777777778
0 0.6703125000000001 0.5875 0.025 0.08333333333333334
0 0.7312500000000001 0.5805555555555556 0.025 0.09166666666666667
0 0.82734375 0.6152777777777778 0.026562500000000003 0.09166666666666667
0 0.7996093750000001 0.6479166666666667 0.02734375 0.10138888888888889
0 0.784375 0.6965277777777779 0.03125 0.12083333333333333
0 0.6863281250000001 0.7145833333333333 0.03671875 0.12361111111111112
0 0.859375 0.7555555555555555 0.0328125 0.1277777777777778
0 0.8210937500000001 0.8305555555555556 0.0390625 0.11666666666666667
