1 0.35781250000000003 0.5694444444444444 0.1046875 0.10555555555555556
1 0.48281250000000003 0.5777777777777778 0.0890625 0.09444444444444444
1 0.85546875 0.5798611111111112 0.1265625 0.10694444444444445
0 0.35859375000000004 0.7826388888888889 0.043750000000000004 0.1513888888888889
0 0.521875 0.7847222222222222 0.0390625 0.1638888888888889
0 0.558203125 0.826388888888889 0.04296875 0.15833333333333333
0 0.716015625 0.9111111111111111 0.04609375 0.18055555555555555
0 0.270703125 0.9284722222222223 0.07265625 0.13194444444444445
1 0.61484375 0.35347222222222224 0.03125 0.0375
0 0.8113281250000001 0.3715277777777778 0.014843750000000001 0.04027777777777778
0 0.830078125 0.3736111111111111 0.014843750000000001 0.03888888888888889
1 0.5796875 0.3902777777777778 0.034375 0.036111111111111115
1 0.5828125000000001 0.43333333333333335 0.0484375 0.06666666666666667
0 0.835546875 0.42847222222222225 0.017968750000000002 0.04583333333333334
1 0.47578125000000004 0.45625000000000004 0.07187500000000001 0.07916666666666666
0 0.857421875 0.46597222222222223 0.02109375 0.04583333333333334
1 0.755078125 0.4930555555555556 0.047656250000000004 0.07777777777777778
1 0.572265625 0.5055555555555555 0.05390625 0.06944444444444445
0 0.6605468750000001 0.5076388888888889 0.017968750000000002 0.051388888888888894
0 0.6625000000000001 0.5659722222222222 0.0203125 0.07361111111111111
0 0.6976562500000001 0.5708333333333333 0.0203125 0.075
0 0.7375 0.5625 0.018750000000000003 0.07777777777777778
0 0.6062500000000001 0.5847222222222223 0.0234375 0.08333333333333334
0 0.76953125 0.6097222222222223 0.026562500000000003 0.08888888888888889
0 0.8699218750000001 0.6291666666666667 0.030468750000000003 0.08611111111111111
0 0.564453125 0.65 0.02734375 0.10277777777777779
0 0.6292968750000001 0.6791666666666667 0.030468750000000003 0.10833333333333334
0 0.846875 0.6868055555555556 0.03125 0.11527777777777778
0 0.70078125 0.6958333333333334 0.0328125 0.11666666666666667
0 0.494921875 0.7319444444444445 0.032031250000000004 0.11666666666666667
0 0.5281250000000001 0.9548611111111112 0.0484375 0.08472222222222223
