1 0.431640625 0.4916666666666667 0.07734375 0.08611111111111111
2 0.6160156250000001 0.5145833333333334 0.06953125 0.12638888888888888
2 0.224609375 0.6166666666666667 0.15078125 0.18611111111111112
1 0.64375 0.6805555555555556 0.0765625 0.13055555555555556
0 0.47265625 0.78125 0.0421875 0.15694444444444444
0 0.54140625 0.7756944444444445 0.06406250000000001 0.16805555555555557
1 0.7781250000000001 0.8361111111111111 0.1078125 0.16666666666666669
0 0.252734375 0.875 0.06171875 0.15555555555555556
0 0.16718750000000002 0.9444444444444445 0.059375000000000004 0.10833333333333334
1 0.63828125 0.3159722222222222 0.029687500000000002 0.04027777777777778
1 0.702734375 0.33958333333333335 0.02890625 0.0375
1 0.5769531250000001 0.3854166666666667 0.04296875 0.05416666666666667
0 0.8328125000000001 0.39166666666666666 0.015625 0.04166666666666667
1 0.6546875000000001 0.40347222222222223 0.0390625 0.051388888888888894
0 0.7601562500000001 0.4166666666666667 0.0140625 0.05
0 0.8609375 0.43194444444444446 0.018750000000000003 0.05277777777777778
0 0.700390625 0.45 0.014843750000000001 0.061111111111111116
0 0.7308593750000001 0.44375000000000003 0.017968750000000002 0.06805555555555556
0 0.6839843750000001 0.46111111111111114 0.017968750000000002 0.06666666666666667
0 0.8187500000000001 0.4625 0.0203125 0.06666666666666667
1 0.5105468750000001 0.49236111111111114 0.06796875000000001 0.09027777777777778
0 0.7984375 0.5270833333333333 0.021875000000000002 0.07361111111111111
0 0.60859375 0.5722222222222223 0.026562500000000003 0.08611111111111111
0 0.685546875 0.5680555555555555 0.02734375 0.08055555555555556
0 0.7234375000000001 0.5868055555555556 0.029687500000000002 0.09027777777777778
0 0.6734375 0.6013888888888889 0.025 0.08333333333333334
0 0.5710937500000001 0.6159722222222223 0.034375 0.09861111111111112
0 0.694921875 0.7444444444444445 0.03828125 0.13611111111111113
0 0.878125 0.9534722222222223 0.0484375 0.08472222222222223
