1 0.30312500000000003 0.5916666666666667 0.084375 0.09722222222222222
0 0.39179687500000004 0.7534722222222222 0.04296875 0.13194444444444445
1 0.6589843750000001 0.7493055555555556 0.09296875 0.16527777777777777
0 0.241015625 0.7923611111111112 0.05390625 0.1375
0 0.36640625000000004 0.8138888888888889 0.0421875 0.14166666666666666
0 0.41914062500000004 0.8354166666666667 0.04296875 0.14305555555555557
0 0.48554687500000004 0.8381944444444445 0.04609375 0.1486111111111111
0 0.5867187500000001 0.8173611111111111 0.0484375 0.1625
0 0.9539062500000001 0.8097222222222222 0.0484375 0.1527777777777778
0 0.8582031250000001 0.8659722222222223 0.04453125 0.1513888888888889
0 0.180078125 0.9118055555555555 0.06953125 0.16805555555555557
0 0.38046875 0.9152777777777779 0.0484375 0.14722222222222223
0 0.299609375 0.945138888888889 0.05859375 0.1125
1 0.66796875 0.9520833333333334 0.18125000000000002 0.10138888888888889
1 0.657421875 0.2916666666666667 0.032031250000000004 0.06944444444444445
1 0.6984375 0.32222222222222224 0.028125 0.05277777777777778
1 0.616796875 0.34652777777777777 0.03359375 0.04583333333333334
0 0.7367187500000001 0.3784722222222222 0.015625 0.05416666666666667
0 0.7546875000000001 0.3791666666666667 0.0171875 0.05277777777777778
0 0.7894531250000001 0.3791666666666667 0.01640625 0.05
0 0.8203125 0.375 0.0171875 0.044444444444444446
0 0.837109375 0.3652777777777778 0.01640625 0.04166666666666667
1 0.6296875000000001 0.3979166666666667 0.0390625 0.04861111111111111
0 0.7113281250000001 0.42847222222222225 0.01953125 0.05416666666666667
0 0.796875 0.44236111111111115 0.0171875 0.05694444444444444
0 0.82734375 0.46319444444444446 0.018750000000000003 0.06805555555555556
1 0.6644531250000001 0.4798611111111111 0.04609375 0.06805555555555556
1 0.59296875 0.5048611111111111 0.051562500000000004 0.09027777777777778
0 0.878125 0.5131944444444445 0.0234375 0.0763888888888889
0 0.775390625 0.5541666666666667 0.022656250000000003 0.08055555555555556
0 0.8425781250000001 0.5416666666666667 0.022656250000000003 0.075
0 0.6214843750000001 0.5895833333333333 0.022656250000000003 0.08750000000000001
0 0.731640625 0.5902777777777778 0.022656250000000003 0.10277777777777779
0 0.519140625 0.6097222222222223 0.030468750000000003 0.09444444444444444
0 0.44609375 0.6284722222222222 0.0390625 0.09861111111111112
0 0.6566406250000001 0.6243055555555556 0.03359375 0.09305555555555556
0 0.702734375 0.6277777777777778 0.02421875 0.10277777777777779
0 0.81171875 0.6243055555555556 0.026562500000000003 0.09583333333333334
0 0.580078125 0.6479166666666667 0.030468750000000003 0.10416666666666667
0 0.5261718750000001 0.6993055555555556 0.03359375 0.11527777777777778
0 0.8425781250000001 0.7027777777777778 0.032031250000000004 0.11944444444444445
0 0.8500000000000001 0.9548611111111112 0.040625 0.08194444444444444
