3 0.886328125 0.29930555555555555 0.20390625 0.1902777777777778
3 0.5574218750000001 0.5256944444444445 0.16015625 0.4791666666666667
0 0.8558593750000001 0.8208333333333334 0.05859375 0.15833333333333333
0 0.58125 0.3104166666666667 0.021875000000000002 0.04861111111111111
0 0.630859375 0.32708333333333334 0.02109375 0.05416666666666667
0 0.271484375 0.37777777777777777 0.02890625 0.058333333333333334
0 0.318359375 0.3861111111111111 0.03359375 0.0638888888888889
0 0.177734375 0.4354166666666667 0.017968750000000002 0.07361111111111111
0 0.21796875000000002 0.4277777777777778 0.0203125 0.06666666666666667
0 0.05859375 0.6055555555555556 0.0390625 0.1
