3 0.32578125 0.4048611111111111 0.07187500000000001 0.1875
3 0.7878906250000001 0.44375000000000003 0.14296875 0.22916666666666669
1 0.583984375 0.55625 0.13828125 0.1486111111111111
1 0.19257812500000002 0.63125 0.12265625000000001 0.20972222222222223
0 0.28359375000000003 0.3513888888888889 0.018750000000000003 0.05
0 0.6898437500000001 0.3666666666666667 0.035937500000000004 0.0638888888888889
0 0.65 0.39583333333333337 0.037500000000000006 0.08333333333333334
0 0.701171875 0.41111111111111115 0.03828125 0.075
0 0.225390625 0.4638888888888889 0.02734375 0.08055555555555556
0 0.884375 0.49375 0.0328125 0.10138888888888889
0 0.160546875 0.5243055555555556 0.032031250000000004 0.08194444444444444
0 0.048046875 0.6263888888888889 0.049218750000000006 0.10277777777777779
