3 0.565625 0.3104166666666667 0.065625 0.1513888888888889
0 0.8132812500000001 0.49375 0.060937500000000006 0.09861111111111112
1 0.42734375 0.6006944444444444 0.12187500000000001 0.1486111111111111
0 0.8 0.6423611111111112 0.05 0.1486111111111111
0 0.199609375 0.6604166666666667 0.041406250000000006 0.15416666666666667
0 0.078125 0.6979166666666667 0.0390625 0.16527777777777777
0 0.164453125 0.7840277777777778 0.04453125 0.19305555555555556
0 0.20664062500000002 0.8777777777777778 0.047656250000000004 0.225
1 0.505859375 0.8583333333333334 0.14921875 0.2638888888888889
1 0.451953125 0.14722222222222223 0.025781250000000002 0.03333333333333333
0 0.6179687500000001 0.35694444444444445 0.0203125 0.075
0 0.6410156250000001 0.3611111111111111 0.017968750000000002 0.075
0 0.7468750000000001 0.4083333333333333 0.026562500000000003 0.07222222222222223
0 0.314453125 0.425 0.02890625 0.08055555555555556
0 0.5769531250000001 0.4326388888888889 0.03828125 0.08750000000000001
0 0.659765625 0.4354166666666667 0.025781250000000002 0.08194444444444444
0 0.8621093750000001 0.42430555555555555 0.03828125 0.08472222222222223
0 0.538671875 0.45 0.03671875 0.09444444444444444
0 0.7015625000000001 0.44236111111111115 0.025 0.07916666666666666
0 0.118359375 0.5055555555555555 0.03515625 0.08611111111111111
0 0.2578125 0.5111111111111112 0.034375 0.11111111111111112
0 0.525 0.5597222222222222 0.046875 0.1
0 0.30312500000000003 0.6 0.035937500000000004 0.13055555555555556
