1 0.46953125 0.5118055555555556 0.09531250000000001 0.10972222222222222
1 0.337890625 0.5541666666666667 0.09765625 0.10833333333333334
0 0.446875 0.8590277777777778 0.051562500000000004 0.15694444444444444
1 0.669140625 0.31319444444444444 0.025781250000000002 0.043055555555555555
1 0.694921875 0.33333333333333337 0.02734375 0.03888888888888889
1 0.6117187500000001 0.3493055555555556 0.029687500000000002 0.0375
1 0.58046875 0.37430555555555556 0.040625 0.051388888888888894
1 0.6394531250000001 0.3784722222222222 0.03515625 0.05694444444444444
0 0.8523437500000001 0.3652777777777778 0.0140625 0.036111111111111115
1 0.727734375 0.39375 0.03828125 0.051388888888888894
0 0.7855468750000001 0.3993055555555556 0.017968750000000002 0.05416666666666667
1 0.5964843750000001 0.40694444444444444 0.039843750000000004 0.05555555555555556
0 0.8109375000000001 0.4138888888888889 0.018750000000000003 0.05277777777777778
0 0.82734375 0.40972222222222227 0.0203125 0.044444444444444446
0 0.862890625 0.4048611111111111 0.017968750000000002 0.043055555555555555
0 0.83984375 0.4548611111111111 0.018750000000000003 0.05416666666666667
0 0.751171875 0.49930555555555556 0.02109375 0.06527777777777778
0 0.7132812500000001 0.5493055555555556 0.0234375 0.07916666666666666
0 0.5847656250000001 0.5993055555555555 0.02734375 0.08194444444444444
0 0.6121093750000001 0.6180555555555556 0.02421875 0.08611111111111111
0 0.6726562500000001 0.6555555555555556 0.0328125 0.09722222222222222
0 0.38984375000000004 0.6729166666666667 0.0421875 0.10416666666666667
0 0.474609375 0.7006944444444445 0.03515625 0.11805555555555557
0 0.5769531250000001 0.7000000000000001 0.03359375 0.10555555555555556
0 0.6429687500000001 0.7388888888888889 0.03125 0.12222222222222223
