3 0.5457031250000001 0.31736111111111115 0.05390625 0.13194444444444445
0 0.85859375 0.6611111111111111 0.0484375 0.125
3 0.4265625 0.7041666666666667 0.1296875 0.4666666666666667
1 0.78671875 0.7027777777777778 0.140625 0.19722222222222224
0 0.223046875 0.7368055555555556 0.04453125 0.15972222222222224
0 0.31679687500000003 0.7569444444444444 0.04453125 0.18333333333333335
0 0.033984375000000004 0.7972222222222223 0.05859375 0.19166666666666668
1 0.642578125 0.7798611111111111 0.12890625 0.25972222222222224
1 0.434375 0.30208333333333337 0.035937500000000004 0.0763888888888889
1 0.616796875 0.3590277777777778 0.06171875 0.06805555555555556
1 0.296875 0.3791666666666667 0.07968750000000001 0.08611111111111111
0 0.8617187500000001 0.4277777777777778 0.03125 0.08055555555555556
0 0.35781250000000003 0.4569444444444445 0.026562500000000003 0.1
0 0.743359375 0.45069444444444445 0.032031250000000004 0.08750000000000001
0 0.7000000000000001 0.49444444444444446 0.035937500000000004 0.10277777777777779
0 0.783203125 0.5437500000000001 0.039843750000000004 0.09861111111111112
0 0.29140625000000003 0.5631944444444444 0.034375 0.12083333333333333
0 0.13671875 0.5895833333333333 0.035937500000000004 0.12361111111111112
0 0.20820312500000002 0.6048611111111112 0.032031250000000004 0.13472222222222222
0 0.353125 0.6097222222222223 0.035937500000000004 0.1277777777777778
