0 0.593359375 0.5861111111111111 0.049218750000000006 0.19722222222222224
0 0.6421875 0.15833333333333333 0.0125 0.04166666666666667
0 0.17890625000000002 0.17777777777777778 0.028125 0.07777777777777778
0 0.6179687500000001 0.1875 0.0140625 0.05277777777777778
0 0.491796875 0.23750000000000002 0.022656250000000003 0.06666666666666667
0 0.563671875 0.23055555555555557 0.01953125 0.07222222222222223
0 0.6019531250000001 0.23750000000000002 0.01953125 0.06944444444444445
0 0.35000000000000003 0.2576388888888889 0.0390625 0.08750000000000001
0 0.533203125 0.2638888888888889 0.02109375 0.06944444444444445
0 0.65 0.2902777777777778 0.0203125 0.075
