1 0.45156250000000003 0.38680555555555557 0.05625 0.10972222222222222
4 0.335546875 0.6062500000000001 0.06796875000000001 0.17083333333333334
0 0.852734375 0.6180555555555556 0.05234375 0.125
0 0.219140625 0.6729166666666667 0.039843750000000004 0.14583333333333334
0 0.13593750000000002 0.7069444444444445 0.045312500000000006 0.1638888888888889
0 0.39765625000000004 0.7069444444444445 0.037500000000000006 0.1638888888888889
1 0.6882812500000001 0.7486111111111111 0.12187500000000001 0.22777777777777777
0 0.792578125 0.7513888888888889 0.05078125 0.1527777777777778
0 0.91015625 0.7909722222222223 0.059375000000000004 0.15694444444444444
0 0.22187500000000002 0.8229166666666667 0.0484375 0.16805555555555557
0 0.141015625 0.8916666666666667 0.055468750000000004 0.20555555555555557
1 0.4 0.26875 0.034375 0.06805555555555556
0 0.546484375 0.2826388888888889 0.013281250000000001 0.05694444444444444
0 0.5925781250000001 0.2791666666666667 0.014843750000000001 0.05277777777777778
1 0.45390625 0.29375 0.0390625 0.08194444444444444
0 0.6203125 0.2916666666666667 0.0140625 0.05555555555555556
1 0.37109375 0.3215277777777778 0.046875 0.0763888888888889
0 0.568359375 0.33819444444444446 0.01953125 0.07083333333333333
0 0.6078125000000001 0.3527777777777778 0.021875000000000002 0.06944444444444445
0 0.6804687500000001 0.375 0.0203125 0.07222222222222223
0 0.346484375 0.40625 0.022656250000000003 0.08194444444444444
0 0.6265625 0.4104166666666667 0.018750000000000003 0.09583333333333334
0 0.8609375 0.425 0.03125 0.08611111111111111
0 0.69296875 0.47500000000000003 0.028125 0.1
0 0.27382812500000003 0.49375 0.02890625 0.10694444444444445
0 0.6492187500000001 0.48888888888888893 0.028125 0.1
0 0.42734375 0.5486111111111112 0.03125 0.125
0 0.23593750000000002 0.5819444444444445 0.035937500000000004 0.11388888888888889
0 0.17500000000000002 0.6020833333333333 0.03125 0.11527777777777778
0 0.703125 0.6020833333333333 0.037500000000000006 0.10416666666666667
0 0.7562500000000001 0.6194444444444445 0.037500000000000006 0.11666666666666667
