3 0.5906250000000001 0.6736111111111112 0.24531250000000002 0.6722222222222223
3 0.6277343750000001 0.40972222222222227 0.09296875 0.14166666666666666
0 0.40937500000000004 0.888888888888889 0.0421875 0.19722222222222224
1 0.45937500000000003 0.19791666666666669 0.028125 0.029166666666666667
0 0.5125000000000001 0.23541666666666666 0.0140625 0.04583333333333334
0 0.5796875 0.275 0.021875000000000002 0.04166666666666667
0 0.6195312500000001 0.2826388888888889 0.018750000000000003 0.04583333333333334
0 0.554296875 0.2888888888888889 0.022656250000000003 0.04722222222222222
0 0.925 0.30208333333333337 0.037500000000000006 0.0625
0 0.7957031250000001 0.3527777777777778 0.03671875 0.07222222222222223
0 0.38828125 0.36458333333333337 0.018750000000000003 0.059722222222222225
0 0.101953125 0.5298611111111111 0.02890625 0.08472222222222223
0 0.053125000000000006 0.7222222222222222 0.035937500000000004 0.11388888888888889
