0 0.233203125 0.820138888888889 0.06015625 0.15416666666666667
0 0.528515625 0.8666666666666667 0.05078125 0.15555555555555556
0 0.144140625 0.9326388888888889 0.08046875 0.12916666666666668
0 0.26484375 0.9527777777777778 0.0765625 0.1
1 0.60859375 0.36041666666666666 0.035937500000000004 0.04861111111111111
1 0.696484375 0.3479166666666667 0.032031250000000004 0.04027777777777778
0 0.8328125000000001 0.35000000000000003 0.015625 0.04166666666666667
0 0.878515625 0.3680555555555556 0.017968750000000002 0.044444444444444446
0 0.8125 0.3993055555555556 0.015625 0.051388888888888894
1 0.562890625 0.4083333333333333 0.041406250000000006 0.05
0 0.827734375 0.4118055555555556 0.017968750000000002 0.051388888888888894
0 0.721875 0.43125 0.018750000000000003 0.05416666666666667
0 0.7582031250000001 0.4534722222222222 0.017968750000000002 0.05694444444444444
0 0.784375 0.44236111111111115 0.018750000000000003 0.05694444444444444
0 0.8464843750000001 0.4673611111111111 0.02109375 0.06527777777777778
1 0.5203125000000001 0.5027777777777778 0.0546875 0.06944444444444445
0 0.662109375 0.5055555555555555 0.01953125 0.07222222222222223
0 0.687109375 0.5423611111111112 0.02109375 0.07916666666666666
0 0.57421875 0.5576388888888889 0.026562500000000003 0.08472222222222223
0 0.6453125000000001 0.6208333333333333 0.05 0.10555555555555556
0 0.503125 0.68125 0.0421875 0.10972222222222222
0 0.44296875 0.6951388888888889 0.0421875 0.10972222222222222
0 0.5222656250000001 0.725 0.03671875 0.11388888888888889
