3 0.45078125 0.31527777777777777 0.053125000000000006 0.14166666666666666
1 0.41640625000000003 0.4673611111111111 0.0765625 0.1763888888888889
1 0.61875 0.46597222222222223 0.07187500000000001 0.13194444444444445
1 0.5328125 0.6 0.11093750000000001 0.17777777777777778
0 0.17343750000000002 0.6638888888888889 0.040625 0.1388888888888889
0 0.521484375 0.7201388888888889 0.03515625 0.1736111111111111
0 0.86640625 0.7493055555555556 0.0484375 0.15416666666666667
1 0.705078125 0.7736111111111111 0.15078125 0.3111111111111111
3 0.419921875 0.1840277777777778 0.03359375 0.08750000000000001
3 0.5496093750000001 0.2902777777777778 0.04453125 0.10833333333333334
1 0.3921875 0.30972222222222223 0.0421875 0.10277777777777779
0 0.54609375 0.42638888888888893 0.026562500000000003 0.09444444444444444
0 0.860546875 0.425 0.03359375 0.08611111111111111
0 0.6984375 0.45555555555555555 0.026562500000000003 0.08888888888888889
0 0.7371093750000001 0.46805555555555556 0.03515625 0.08611111111111111
0 0.22578125000000002 0.48541666666666666 0.0328125 0.08750000000000001
0 0.675390625 0.48680555555555555 0.02421875 0.09583333333333334
0 0.76328125 0.5423611111111112 0.0328125 0.10416666666666667
0 0.737890625 0.5805555555555556 0.03515625 0.11388888888888889
0 0.10820312500000001 0.6069444444444445 0.03828125 0.125
