1 0.431640625 0.55625 0.08515625 0.1625
0 0.7640625000000001 0.5930555555555556 0.0578125 0.11666666666666667
0 0.83984375 0.5868055555555556 0.05 0.12638888888888888
0 0.14609375 0.6368055555555556 0.043750000000000004 0.1513888888888889
0 0.2171875 0.6326388888888889 0.035937500000000004 0.1513888888888889
0 0.298828125 0.6645833333333333 0.04296875 0.14583333333333334
0 0.904296875 0.6972222222222223 0.06640625 0.1277777777777778
0 0.1875 0.7534722222222222 0.0484375 0.1486111111111111
0 0.050390625 0.8902777777777778 0.06015625 0.20277777777777778
0 0.21640625000000002 0.40694444444444444 0.028125 0.08611111111111111
0 0.25039062500000003 0.5277777777777778 0.032031250000000004 0.11388888888888889
