1 0.630859375 0.3215277777777778 0.02109375 0.04861111111111111
0 0.8 0.31666666666666665 0.015625 0.036111111111111115
1 0.665625 0.3277777777777778 0.03125 0.03333333333333333
0 0.8386718750000001 0.3368055555555556 0.017968750000000002 0.04583333333333334
0 0.81171875 0.35000000000000003 0.0171875 0.04722222222222222
1 0.6589843750000001 0.39583333333333337 0.03515625 0.05
1 0.7035156250000001 0.41944444444444445 0.04296875 0.0638888888888889
1 0.618359375 0.4548611111111111 0.047656250000000004 0.07916666666666666
0 0.8171875000000001 0.4430555555555556 0.0203125 0.05277777777777778
1 0.6859375000000001 0.5083333333333333 0.05 0.08333333333333334
0 0.83984375 0.5298611111111111 0.026562500000000003 0.09027777777777778
1 0.357421875 0.5520833333333334 0.08671875000000001 0.08194444444444444
0 0.63046875 0.55 0.025 0.07777777777777778
0 0.7117187500000001 0.5520833333333334 0.0234375 0.08472222222222223
0 0.63984375 0.6604166666666667 0.026562500000000003 0.10694444444444445
0 0.6859375000000001 0.6555555555555556 0.028125 0.1
