1 0.38046875 0.5326388888888889 0.09531250000000001 0.09861111111111112
1 0.246484375 0.7006944444444445 0.13984375000000002 0.12083333333333333
1 0.565625 0.7145833333333333 0.08281250000000001 0.13472222222222222
1 0.7113281250000001 0.6979166666666667 0.08203125 0.14305555555555557
2 0.38828125 0.795138888888889 0.15937500000000002 0.44583333333333336
0 0.8656250000000001 0.7916666666666667 0.037500000000000006 0.1638888888888889
1 0.626953125 0.33263888888888893 0.030468750000000003 0.034722222222222224
1 0.646484375 0.37986111111111115 0.03671875 0.05694444444444444
1 0.694921875 0.36597222222222225 0.03515625 0.04861111111111111
0 0.765625 0.38472222222222224 0.0171875 0.04166666666666667
0 0.847265625 0.3861111111111111 0.01953125 0.044444444444444446
1 0.67890625 0.4118055555555556 0.0421875 0.059722222222222225
0 0.81015625 0.40555555555555556 0.018750000000000003 0.04722222222222222
0 0.8910156250000001 0.40902777777777777 0.02109375 0.051388888888888894
1 0.51328125 0.44583333333333336 0.0578125 0.05555555555555556
0 0.8515625 0.46805555555555556 0.018750000000000003 0.05555555555555556
1 0.6218750000000001 0.5041666666666667 0.046875 0.06944444444444445
0 0.8304687500000001 0.5118055555555556 0.0203125 0.07083333333333333
0 0.5964843750000001 0.5319444444444444 0.02109375 0.075
0 0.640234375 0.53125 0.022656250000000003 0.08194444444444444
0 0.75 0.5305555555555556 0.0203125 0.07777777777777778
0 0.78125 0.5305555555555556 0.0203125 0.075
0 0.7171875000000001 0.5590277777777778 0.0234375 0.08472222222222223
0 0.491015625 0.5840277777777778 0.02734375 0.08750000000000001
0 0.685546875 0.5770833333333334 0.025781250000000002 0.08472222222222223
0 0.5242187500000001 0.6034722222222223 0.028125 0.08194444444444444
0 0.66796875 0.6083333333333334 0.0234375 0.08611111111111111
0 0.641796875 0.6930555555555555 0.030468750000000003 0.11388888888888889
