1 0.657421875 0.5979166666666667 0.06328125 0.14583333333333334
1 0.55 0.7083333333333334 0.0765625 0.1277777777777778
0 0.358984375 0.8006944444444445 0.047656250000000004 0.14583333333333334
0 0.4765625 0.7868055555555555 0.0484375 0.15972222222222224
0 0.565625 0.8020833333333334 0.0484375 0.13472222222222222
0 0.40664062500000003 0.8215277777777779 0.047656250000000004 0.1513888888888889
0 0.48945312500000004 0.8361111111111111 0.05078125 0.1527777777777778
0 0.624609375 0.8305555555555556 0.04609375 0.1527777777777778
0 0.708984375 0.8347222222222223 0.04296875 0.16111111111111112
0 0.203515625 0.9340277777777778 0.07890625000000001 0.11805555555555557
1 0.70078125 0.3527777777777778 0.034375 0.061111111111111116
1 0.6644531250000001 0.3666666666666667 0.041406250000000006 0.075
0 0.6781250000000001 0.41944444444444445 0.0171875 0.058333333333333334
0 0.712890625 0.41111111111111115 0.01953125 0.05277777777777778
0 0.82421875 0.4152777777777778 0.018750000000000003 0.058333333333333334
0 0.8597656250000001 0.41111111111111115 0.01953125 0.05277777777777778
0 0.75390625 0.4256944444444445 0.018750000000000003 0.05416666666666667
0 0.727734375 0.4451388888888889 0.01953125 0.06527777777777778
1 0.580078125 0.4798611111111111 0.04609375 0.06805555555555556
0 0.818359375 0.4930555555555556 0.02109375 0.06666666666666667
0 0.6941406250000001 0.5 0.02109375 0.06666666666666667
0 0.7386718750000001 0.5131944444444445 0.02421875 0.06805555555555556
4 0.8738281250000001 0.5041666666666667 0.02109375 0.07222222222222223
0 0.7816406250000001 0.5506944444444445 0.02421875 0.07916666666666666
0 0.5453125 0.5576388888888889 0.029687500000000002 0.0763888888888889
0 0.5925781250000001 0.5597222222222222 0.02734375 0.08055555555555556
0 0.539453125 0.6173611111111111 0.03515625 0.07916666666666666
0 0.591796875 0.6368055555555556 0.03671875 0.09583333333333334
0 0.8210937500000001 0.6465277777777778 0.028125 0.10416666666666667
0 0.38125000000000003 0.6777777777777778 0.0390625 0.11388888888888889
0 0.7566406250000001 0.6840277777777778 0.02890625 0.12361111111111112
