1 0.6863281250000001 0.732638888888889 0.09296875 0.1486111111111111
1 0.025781250000000002 0.7958333333333334 0.05 0.13055555555555556
0 0.296875 0.7916666666666667 0.05 0.12222222222222223
0 0.663671875 0.8347222222222223 0.04296875 0.15
1 0.274609375 0.9243055555555556 0.16796875 0.15694444444444444
1 0.487109375 0.9520833333333334 0.14609375 0.09861111111111112
1 0.6863281250000001 0.3298611111111111 0.02890625 0.034722222222222224
1 0.61640625 0.35347222222222224 0.034375 0.059722222222222225
1 0.6566406250000001 0.3576388888888889 0.03515625 0.04583333333333334
0 0.848828125 0.36944444444444446 0.01640625 0.04722222222222222
0 0.8109375000000001 0.38819444444444445 0.0171875 0.051388888888888894
0 0.8617187500000001 0.3965277777777778 0.018750000000000003 0.051388888888888894
1 0.714453125 0.425 0.039843750000000004 0.058333333333333334
1 0.62890625 0.4513888888888889 0.046875 0.06944444444444445
1 0.6687500000000001 0.5055555555555555 0.053125000000000006 0.08611111111111111
0 0.570703125 0.5347222222222222 0.02109375 0.07777777777777778
0 0.82421875 0.525 0.0203125 0.075
0 0.589453125 0.5395833333333333 0.02421875 0.0763888888888889
0 0.6921875000000001 0.5541666666666667 0.0203125 0.075
1 0.432421875 0.5722222222222223 0.08828125 0.08888888888888889
0 0.634765625 0.5604166666666667 0.02109375 0.07916666666666666
0 0.7953125000000001 0.5722222222222223 0.0234375 0.08888888888888889
0 0.8617187500000001 0.5673611111111111 0.0234375 0.08194444444444444
0 0.657421875 0.5979166666666667 0.022656250000000003 0.08472222222222223
0 0.7253906250000001 0.6041666666666667 0.02734375 0.09444444444444444
0 0.7503906250000001 0.6229166666666667 0.02734375 0.09861111111111112
0 0.84921875 0.6479166666666667 0.029687500000000002 0.10694444444444445
0 0.42031250000000003 0.6645833333333333 0.0328125 0.10694444444444445
0 0.482421875 0.6625 0.02890625 0.10833333333333334
0 0.6121093750000001 0.6666666666666667 0.02890625 0.11111111111111112
0 0.520703125 0.6805555555555556 0.030468750000000003 0.12222222222222223
0 0.548046875 0.701388888888889 0.032031250000000004 0.10555555555555556
0 0.455078125 0.732638888888889 0.03671875 0.12916666666666668
