1 0.5593750000000001 0.5458333333333334 0.08125 0.11388888888888889
1 0.6257812500000001 0.701388888888889 0.1046875 0.14166666666666666
1 0.36250000000000004 0.7993055555555556 0.15000000000000002 0.18472222222222223
0 0.731640625 0.7895833333333334 0.03515625 0.15416666666666667
0 0.8 0.8319444444444445 0.0390625 0.1638888888888889
1 0.44609375 0.9083333333333333 0.16875 0.18055555555555555
0 0.744140625 0.9284722222222223 0.055468750000000004 0.1375
1 0.28945312500000003 0.47222222222222227 0.06171875 0.06944444444444445
1 0.65546875 0.5222222222222223 0.0484375 0.07777777777777778
0 0.6980468750000001 0.5333333333333333 0.02421875 0.07777777777777778
0 0.8343750000000001 0.58125 0.025 0.09027777777777778
0 0.5921875 0.5979166666666667 0.029687500000000002 0.08194444444444444
0 0.77265625 0.607638888888889 0.026562500000000003 0.09305555555555556
0 0.813671875 0.6166666666666667 0.02890625 0.11388888888888889
0 0.716796875 0.6840277777777778 0.030468750000000003 0.10138888888888889
