0 0.30898437500000003 0.39513888888888893 0.06796875000000001 0.15694444444444444
0 0.45625000000000004 0.7138888888888889 0.084375 0.2555555555555556
0 0.17890625000000002 0.17777777777777778 0.028125 0.075
0 0.626953125 0.1826388888888889 0.017968750000000002 0.04583333333333334
1 0.6000000000000001 0.21875 0.0484375 0.07083333333333333
0 0.68359375 0.21319444444444446 0.0171875 0.04583333333333334
0 0.5203125000000001 0.23750000000000002 0.025 0.06666666666666667
0 0.6453125000000001 0.23819444444444446 0.018750000000000003 0.05694444444444444
0 0.46171875 0.2534722222222222 0.029687500000000002 0.0763888888888889
0 0.679296875 0.47361111111111115 0.032031250000000004 0.11944444444444445
