0 0.655859375 0.1486111111111111 0.013281250000000001 0.03888888888888889
0 0.1796875 0.17569444444444446 0.03125 0.07361111111111111
0 0.62421875 0.17847222222222223 0.015625 0.04583333333333334
0 0.67578125 0.20069444444444445 0.015625 0.04583333333333334
0 0.57265625 0.21736111111111112 0.0203125 0.05416666666666667
0 0.640234375 0.23194444444444445 0.017968750000000002 0.05555555555555556
0 0.40546875000000004 0.27083333333333337 0.0390625 0.08611111111111111
0 0.513671875 0.2729166666666667 0.025781250000000002 0.06527777777777778
0 0.365234375 0.2902777777777778 0.039843750000000004 0.08611111111111111
0 0.45742187500000003 0.3548611111111111 0.02890625 0.09305555555555556
