3 0.591796875 0.41111111111111115 0.08515625 0.19444444444444445
0 0.0421875 0.6215277777777778 0.051562500000000004 0.15416666666666667
0 0.23945312500000002 0.6375000000000001 0.039843750000000004 0.1527777777777778
0 0.7718750000000001 0.6444444444444445 0.0546875 0.13055555555555556
0 0.29375 0.6743055555555556 0.040625 0.15694444444444444
0 0.171875 0.7111111111111111 0.06406250000000001 0.1277777777777778
0 0.6605468750000001 0.31319444444444444 0.01953125 0.05416666666666667
0 0.195703125 0.5243055555555556 0.03828125 0.10972222222222222
0 0.35234375 0.5291666666666667 0.03125 0.1277777777777778
0 0.40937500000000004 0.5423611111111112 0.029687500000000002 0.12361111111111112
0 0.77734375 0.5520833333333334 0.0390625 0.1125
0 0.012890625000000001 0.9263888888888889 0.02734375 0.15
