1 0.24960937500000002 0.31180555555555556 0.07265625 0.09861111111111112
1 0.665625 0.4638888888888889 0.0859375 0.17500000000000002
1 0.607421875 0.6708333333333334 0.18203125 0.2555555555555556
1 0.17343750000000002 0.2388888888888889 0.043750000000000004 0.07222222222222223
0 0.102734375 0.25972222222222224 0.014843750000000001 0.03888888888888889
0 0.12109375 0.2777777777777778 0.018750000000000003 0.04722222222222222
0 0.11328125 0.3215277777777778 0.021875000000000002 0.07083333333333333
0 0.83203125 0.40625 0.0328125 0.0625
0 0.24453125 0.43472222222222223 0.0390625 0.12222222222222223
0 0.7250000000000001 0.42638888888888893 0.034375 0.08888888888888889
0 0.15585937500000002 0.4729166666666667 0.03515625 0.12083333333333333
