1 0.47421875 0.4548611111111111 0.07500000000000001 0.12638888888888888
1 0.3484375 0.5465277777777778 0.13125 0.1375
1 0.528515625 0.6069444444444445 0.10078125 0.23333333333333334
0 0.049218750000000006 0.7625000000000001 0.051562500000000004 0.15833333333333333
3 0.158984375 0.7520833333333333 0.14921875 0.4652777777777778
0 0.3015625 0.7743055555555556 0.046875 0.1736111111111111
1 0.40742187500000004 0.2388888888888889 0.03359375 0.06666666666666667
1 0.45429687500000004 0.27222222222222225 0.04453125 0.075
0 0.5921875 0.3354166666666667 0.0234375 0.07361111111111111
0 0.6492187500000001 0.3888888888888889 0.026562500000000003 0.08888888888888889
0 0.15585937500000002 0.48888888888888893 0.030468750000000003 0.08333333333333334
0 0.6976562500000001 0.5104166666666667 0.034375 0.1125
0 0.87890625 0.5222222222222223 0.045312500000000006 0.10277777777777779
0 0.6507812500000001 0.5618055555555556 0.0390625 0.12361111111111112
