1 0.778515625 0.5708333333333333 0.06171875 0.10833333333333334
1 0.58515625 0.6166666666666667 0.0765625 0.10833333333333334
0 0.483984375 0.6861111111111111 0.04609375 0.1277777777777778
0 0.3203125 0.7104166666666667 0.0421875 0.12638888888888888
0 0.589453125 0.8020833333333334 0.041406250000000006 0.14305555555555557
0 0.761328125 0.8166666666666667 0.04609375 0.14444444444444446
0 0.178125 0.8680555555555556 0.06875 0.16111111111111112
0 0.495703125 0.85 0.05390625 0.15833333333333333
1 0.58125 0.37986111111111115 0.040625 0.059722222222222225
1 0.666015625 0.3861111111111111 0.03515625 0.05
1 0.630859375 0.40902777777777777 0.04453125 0.059722222222222225
0 0.74375 0.41944444444444445 0.0171875 0.05277777777777778
0 0.7722656250000001 0.42986111111111114 0.017968750000000002 0.05416666666666667
0 0.821875 0.45625000000000004 0.018750000000000003 0.07361111111111111
0 0.70859375 0.46944444444444444 0.0203125 0.0638888888888889
0 0.774609375 0.4916666666666667 0.02421875 0.06666666666666667
0 0.727734375 0.5006944444444444 0.01953125 0.07083333333333333
0 0.494921875 0.5465277777777778 0.032031250000000004 0.08750000000000001
0 0.6703125000000001 0.5423611111111112 0.0234375 0.08472222222222223
0 0.88046875 0.5715277777777777 0.028125 0.10138888888888889
0 0.478125 0.5847222222222223 0.028125 0.09166666666666667
0 0.34609375000000003 0.6555555555555556 0.034375 0.10277777777777779
0 0.591015625 0.6930555555555555 0.03359375 0.1
0 0.700390625 0.7034722222222223 0.030468750000000003 0.10416666666666667
0 0.7468750000000001 0.701388888888889 0.0328125 0.11111111111111112
0 0.8464843750000001 0.69375 0.032031250000000004 0.1125
0 0.6351562500000001 0.7138888888888889 0.034375 0.10833333333333334
0 0.7000000000000001 0.795138888888889 0.037500000000000006 0.12638888888888888
