3 0.71640625 0.8104166666666667 0.24375000000000002 0.3763888888888889
3 0.453125 0.3597222222222222 0.0546875 0.14444444444444446
3 0.609375 0.48194444444444445 0.11093750000000001 0.24166666666666667
1 0.7542968750000001 0.5673611111111111 0.13359375 0.1736111111111111
0 0.852734375 0.5875 0.04609375 0.13333333333333333
0 0.36445312500000004 0.6743055555555556 0.03671875 0.16527777777777777
0 0.88984375 0.6791666666666667 0.051562500000000004 0.14722222222222223
0 0.10625000000000001 0.7131944444444445 0.053125000000000006 0.16805555555555557
0 0.494140625 0.6965277777777779 0.05234375 0.16527777777777777
0 0.155078125 0.74375 0.049218750000000006 0.17916666666666667
1 0.25390625 0.7312500000000001 0.11875000000000001 0.30694444444444446
0 0.43085937500000004 0.7423611111111111 0.04609375 0.15416666666666667
0 0.34218750000000003 0.8277777777777778 0.05 0.19166666666666668
0 0.071484375 0.8770833333333333 0.055468750000000004 0.1902777777777778
0 0.948828125 0.8569444444444445 0.06953125 0.13333333333333333
0 0.122265625 0.3979166666666667 0.049218750000000006 0.0763888888888889
0 0.315234375 0.4166666666666667 0.025781250000000002 0.08888888888888889
0 0.6820312500000001 0.40972222222222227 0.0234375 0.08888888888888889
0 0.716796875 0.4340277777777778 0.02734375 0.08750000000000001
0 0.2890625 0.46875 0.026562500000000003 0.08194444444444444
0 0.377734375 0.4902777777777778 0.030468750000000003 0.09722222222222222
0 0.240234375 0.5465277777777778 0.03515625 0.12083333333333333
0 0.366796875 0.5666666666666667 0.03359375 0.09722222222222222
0 0.41718750000000004 0.6229166666666667 0.037500000000000006 0.1125
