3 0.24375000000000002 0.6569444444444444 0.234375 0.6666666666666667
2 0.523046875 0.22569444444444445 0.06640625 0.09027777777777778
3 0.37148437500000003 0.25416666666666665 0.05234375 0.11666666666666667
1 0.5859375 0.425 0.0765625 0.10277777777777779
1 0.43125 0.5680555555555555 0.1203125 0.20555555555555557
1 0.49375 0.6618055555555555 0.12812500000000002 0.19305555555555556
1 0.032421875 0.9006944444444445 0.06796875000000001 0.20694444444444446
1 0.328125 0.29583333333333334 0.035937500000000004 0.058333333333333334
0 0.598828125 0.30347222222222225 0.02109375 0.05694444444444444
0 0.67890625 0.2868055555555556 0.025 0.051388888888888894
0 0.769140625 0.3215277777777778 0.02421875 0.06805555555555556
0 0.23789062500000002 0.35625 0.017968750000000002 0.05694444444444444
0 0.20664062500000002 0.37430555555555556 0.017968750000000002 0.05694444444444444
0 0.737890625 0.3770833333333333 0.030468750000000003 0.07083333333333333
0 0.70078125 0.41944444444444445 0.026562500000000003 0.08333333333333334
0 0.775390625 0.5527777777777778 0.03671875 0.11666666666666667
0 0.14140625 0.6416666666666667 0.035937500000000004 0.1
