1 0.505859375 0.5090277777777777 0.06640625 0.09305555555555556
1 0.37890625 0.675 0.134375 0.15833333333333333
0 0.630859375 0.7381944444444445 0.04296875 0.1513888888888889
0 0.7171875000000001 0.75625 0.040625 0.1513888888888889
0 0.50546875 0.7798611111111111 0.05 0.13472222222222222
0 0.7078125000000001 0.9034722222222222 0.051562500000000004 0.17916666666666667
0 0.83125 0.55 0.03125 0.11666666666666667
0 0.773046875 0.5708333333333333 0.025781250000000002 0.1
0 0.606640625 0.6041666666666667 0.032031250000000004 0.10277777777777779
0 0.80390625 0.6354166666666667 0.0328125 0.10416666666666667
0 0.5421875 0.6548611111111111 0.0328125 0.10694444444444445
