1 0.62265625 0.5618055555555556 0.06406250000000001 0.10138888888888889
1 0.69453125 0.6868055555555556 0.0765625 0.1486111111111111
0 0.33437500000000003 0.7180555555555556 0.0390625 0.14444444444444446
1 0.46875 0.7569444444444444 0.1125 0.13333333333333333
1 0.62109375 0.7986111111111112 0.1046875 0.21944444444444444
0 0.831640625 0.8145833333333333 0.03671875 0.14583333333333334
0 0.7914062500000001 0.8666666666666667 0.040625 0.15
0 0.4109375 0.90625 0.059375000000000004 0.1625
0 0.6000000000000001 0.9159722222222223 0.043750000000000004 0.1736111111111111
0 0.501953125 0.9375 0.05390625 0.1277777777777778
1 0.6585937500000001 0.2791666666666667 0.025 0.03333333333333333
1 0.633984375 0.28958333333333336 0.02734375 0.0375
1 0.6585937500000001 0.32083333333333336 0.0234375 0.044444444444444446
1 0.7039062500000001 0.3145833333333333 0.029687500000000002 0.034722222222222224
1 0.687109375 0.33958333333333335 0.025781250000000002 0.043055555555555555
1 0.626171875 0.3736111111111111 0.03828125 0.04722222222222222
1 0.676953125 0.3909722222222222 0.03828125 0.04861111111111111
0 0.751171875 0.3861111111111111 0.01640625 0.044444444444444446
0 0.8382812500000001 0.39722222222222225 0.0171875 0.05277777777777778
0 0.7828125 0.4173611111111111 0.015625 0.05416666666666667
0 0.8015625000000001 0.40972222222222227 0.0171875 0.05277777777777778
0 0.7390625000000001 0.4444444444444445 0.0171875 0.05555555555555556
0 0.866796875 0.47361111111111115 0.02109375 0.06666666666666667
0 0.587890625 0.48194444444444445 0.02421875 0.0638888888888889
1 0.706640625 0.4847222222222222 0.03828125 0.08611111111111111
0 0.6687500000000001 0.5145833333333334 0.0203125 0.07083333333333333
0 0.87890625 0.513888888888889 0.021875000000000002 0.08611111111111111
1 0.7203125 0.5590277777777778 0.053125000000000006 0.08472222222222223
0 0.7859375000000001 0.5902777777777778 0.025 0.09166666666666667
0 0.44453125000000004 0.6027777777777777 0.034375 0.09444444444444444
0 0.52578125 0.6222222222222222 0.037500000000000006 0.09444444444444444
0 0.5847656250000001 0.6263888888888889 0.025781250000000002 0.09722222222222222
0 0.6316406250000001 0.6208333333333333 0.022656250000000003 0.09166666666666667
0 0.40546875000000004 0.6409722222222223 0.040625 0.10138888888888889
