2 0.44921875 0.24791666666666667 0.0484375 0.12361111111111112
0 0.75 0.5263888888888889 0.0625 0.10277777777777779
0 0.20039062500000002 0.6062500000000001 0.03828125 0.1486111111111111
0 0.8484375000000001 0.7368055555555556 0.0484375 0.1486111111111111
0 0.7984375 0.7791666666666667 0.053125000000000006 0.16111111111111112
1 0.516015625 0.18541666666666667 0.032031250000000004 0.059722222222222225
0 0.5632812500000001 0.21805555555555556 0.0125 0.05555555555555556
0 0.34882812500000004 0.3472222222222222 0.02109375 0.08611111111111111
0 0.591796875 0.37777777777777777 0.03671875 0.08333333333333334
0 0.3125 0.3854166666666667 0.021875000000000002 0.08194444444444444
0 0.276171875 0.4291666666666667 0.02421875 0.08611111111111111
