1 0.195703125 0.6458333333333334 0.14765625000000002 0.16111111111111112
1 0.6277343750000001 0.6833333333333333 0.08359375000000001 0.11388888888888889
0 0.52734375 0.7152777777777778 0.0421875 0.1388888888888889
1 0.45429687500000004 0.8013888888888889 0.10234375000000001 0.21944444444444444
0 0.3125 0.8958333333333334 0.060937500000000006 0.17500000000000002
1 0.669140625 0.888888888888889 0.13359375 0.18888888888888888
0 0.17578125 0.9243055555555556 0.07968750000000001 0.1486111111111111
1 0.63984375 0.29305555555555557 0.029687500000000002 0.03333333333333333
1 0.6609375000000001 0.3368055555555556 0.03125 0.04027777777777778
0 0.7640625000000001 0.3979166666666667 0.018750000000000003 0.07083333333333333
0 0.8109375000000001 0.39513888888888893 0.0171875 0.05694444444444444
0 0.86484375 0.3861111111111111 0.015625 0.05
0 0.727734375 0.4041666666666667 0.02109375 0.05
0 0.8289062500000001 0.4277777777777778 0.018750000000000003 0.06944444444444445
0 0.6097656250000001 0.4486111111111111 0.02421875 0.061111111111111116
1 0.6625000000000001 0.4756944444444445 0.051562500000000004 0.0763888888888889
0 0.7562500000000001 0.46458333333333335 0.0171875 0.059722222222222225
0 0.872265625 0.4673611111111111 0.01953125 0.06527777777777778
0 0.8406250000000001 0.5194444444444445 0.0234375 0.07222222222222223
0 0.6062500000000001 0.5701388888888889 0.029687500000000002 0.08750000000000001
0 0.784375 0.5625 0.021875000000000002 0.08888888888888889
0 0.7156250000000001 0.5805555555555556 0.026562500000000003 0.09444444444444444
0 0.8578125000000001 0.6062500000000001 0.026562500000000003 0.10138888888888889
0 0.677734375 0.7243055555555555 0.039843750000000004 0.12638888888888888
