1 0.6082031250000001 0.5159722222222223 0.10078125 0.11527777777777778
1 0.460546875 0.5652777777777778 0.13671875 0.19444444444444445
2 0.3046875 0.5791666666666667 0.0890625 0.22222222222222224
2 0.09726562500000001 0.8194444444444445 0.17890625000000002 0.3666666666666667
3 0.35976562500000003 0.21597222222222223 0.03828125 0.08750000000000001
0 0.24960937500000002 0.38958333333333334 0.02109375 0.06805555555555556
0 0.6683593750000001 0.3979166666666667 0.02734375 0.07916666666666666
0 0.212890625 0.5208333333333334 0.02890625 0.09166666666666667
0 0.12421875 0.5416666666666667 0.0328125 0.08055555555555556
0 0.16132812500000002 0.5576388888888889 0.02734375 0.09027777777777778
