0 0.5164062500000001 0.43819444444444444 0.043750000000000004 0.14305555555555557
0 0.16757812500000002 0.48541666666666666 0.08046875 0.19305555555555556
0 0.475390625 0.5625 0.06484375 0.2138888888888889
0 0.29609375 0.7444444444444445 0.10312500000000001 0.2388888888888889
0 0.6058593750000001 0.22291666666666668 0.01640625 0.05694444444444444
0 0.551171875 0.23958333333333334 0.017968750000000002 0.059722222222222225
0 0.509375 0.2604166666666667 0.028125 0.0763888888888889
0 0.628125 0.2826388888888889 0.0234375 0.07361111111111111
0 0.6648437500000001 0.2972222222222222 0.018750000000000003 0.075
0 0.5730468750000001 0.33055555555555555 0.032031250000000004 0.1
0 0.37265625 0.35625 0.046875 0.09027777777777778
0 0.6265625 0.37430555555555556 0.03125 0.1125
