0 0.625 0.8972222222222223 0.043750000000000004 0.18333333333333335
0 0.32890625 0.9388888888888889 0.0671875 0.11388888888888889
1 0.64375 0.31319444444444444 0.035937500000000004 0.07916666666666666
1 0.7035156250000001 0.31527777777777777 0.02734375 0.05277777777777778
1 0.5078125 0.34652777777777777 0.035937500000000004 0.043055555555555555
0 0.720703125 0.39861111111111114 0.01640625 0.05277777777777778
0 0.7468750000000001 0.39722222222222225 0.0171875 0.05
1 0.5546875 0.41250000000000003 0.051562500000000004 0.061111111111111116
0 0.67109375 0.4138888888888889 0.0203125 0.05
0 0.765625 0.41597222222222224 0.0203125 0.05416666666666667
0 0.83359375 0.40555555555555556 0.0203125 0.044444444444444446
0 0.8703125 0.4173611111111111 0.021875000000000002 0.051388888888888894
0 0.6921875000000001 0.4236111111111111 0.0203125 0.05277777777777778
0 0.644140625 0.4826388888888889 0.02109375 0.06527777777777778
1 0.759375 0.4840277777777778 0.05 0.07361111111111111
0 0.61875 0.5027777777777778 0.0203125 0.07222222222222223
0 0.55234375 0.5708333333333333 0.029687500000000002 0.09444444444444444
0 0.7445312500000001 0.5576388888888889 0.021875000000000002 0.09027777777777778
0 0.810546875 0.5583333333333333 0.02421875 0.09444444444444444
0 0.720703125 0.5965277777777778 0.025781250000000002 0.09861111111111112
0 0.5769531250000001 0.6340277777777779 0.025781250000000002 0.09583333333333334
