1 0.30859375 0.6159722222222223 0.1203125 0.12638888888888888
0 0.5046875000000001 0.7965277777777778 0.0390625 0.15416666666666667
0 0.58125 0.8194444444444445 0.0421875 0.15833333333333333
1 0.63828125 0.3402777777777778 0.0328125 0.05555555555555556
1 0.7015625000000001 0.34652777777777777 0.029687500000000002 0.04027777777777778
0 0.8078125 0.3479166666666667 0.015625 0.04861111111111111
1 0.6003906250000001 0.37430555555555556 0.03515625 0.04583333333333334
0 0.73359375 0.39722222222222225 0.018750000000000003 0.044444444444444446
0 0.78515625 0.3875 0.0203125 0.044444444444444446
0 0.7453125 0.40694444444444444 0.0203125 0.04722222222222222
0 0.84296875 0.4104166666666667 0.0203125 0.05416666666666667
0 0.708203125 0.42847222222222225 0.01953125 0.04861111111111111
0 0.732421875 0.45416666666666666 0.017968750000000002 0.05555555555555556
0 0.798828125 0.4479166666666667 0.01953125 0.051388888888888894
0 0.75390625 0.49583333333333335 0.018750000000000003 0.06944444444444445
0 0.8714843750000001 0.4798611111111111 0.022656250000000003 0.06527777777777778
1 0.397265625 0.5298611111111111 0.08203125 0.0763888888888889
1 0.49609375 0.5222222222222223 0.0765625 0.09166666666666667
0 0.6976562500000001 0.5256944444444445 0.021875000000000002 0.07361111111111111
0 0.822265625 0.525 0.02109375 0.07777777777777778
0 0.645703125 0.5666666666666667 0.025781250000000002 0.08333333333333334
0 0.578125 0.5784722222222223 0.0234375 0.0763888888888889
0 0.585546875 0.6486111111111111 0.030468750000000003 0.09722222222222222
0 0.27773437500000003 0.9555555555555556 0.07109375 0.07777777777777778
