1 0.415625 0.3277777777777778 0.051562500000000004 0.11944444444444445
3 0.548828125 0.33958333333333335 0.05390625 0.14027777777777778
1 0.40664062500000003 0.5048611111111111 0.07734375 0.12083333333333333
0 0.220703125 0.6048611111111112 0.03828125 0.14027777777777778
1 0.7445312500000001 0.5854166666666667 0.1265625 0.1736111111111111
0 0.8617187500000001 0.6236111111111111 0.0484375 0.13611111111111113
3 0.35781250000000003 0.7805555555555556 0.1375 0.4138888888888889
0 0.48085937500000003 0.8388888888888889 0.049218750000000006 0.16111111111111112
0 0.133203125 0.8625 0.05859375 0.18888888888888888
1 0.43007812500000003 0.28125 0.04296875 0.0625
0 0.35585937500000003 0.3298611111111111 0.01640625 0.059722222222222225
1 0.6234375000000001 0.34861111111111115 0.0484375 0.07777777777777778
0 0.37031250000000004 0.4152777777777778 0.026562500000000003 0.075
0 0.284765625 0.5395833333333333 0.02890625 0.12083333333333333
0 0.0078125 0.6631944444444444 0.0171875 0.1513888888888889
