1 0.38671875 0.5402777777777777 0.08750000000000001 0.08888888888888889
0 0.38828125 0.7104166666666667 0.045312500000000006 0.14027777777777778
0 0.357421875 0.8006944444444445 0.04453125 0.14305555555555557
0 0.47187500000000004 0.7763888888888889 0.043750000000000004 0.14166666666666666
0 0.28125 0.8381944444444445 0.0546875 0.15694444444444444
1 0.6566406250000001 0.8305555555555556 0.10546875 0.2138888888888889
0 0.77265625 0.8270833333333334 0.040625 0.1513888888888889
0 0.8265625000000001 0.8326388888888889 0.040625 0.1625
0 0.176171875 0.9409722222222222 0.07578125000000001 0.10972222222222222
1 0.62421875 0.3375 0.0328125 0.03333333333333333
1 0.689453125 0.33958333333333335 0.03359375 0.043055555555555555
1 0.6449218750000001 0.37222222222222223 0.032031250000000004 0.036111111111111115
1 0.6171875 0.3902777777777778 0.035937500000000004 0.05277777777777778
0 0.67578125 0.4166666666666667 0.0171875 0.05277777777777778
0 0.8187500000000001 0.40972222222222227 0.0171875 0.04722222222222222
0 0.845703125 0.4118055555555556 0.017968750000000002 0.051388888888888894
1 0.53828125 0.4236111111111111 0.045312500000000006 0.06666666666666667
0 0.780859375 0.4534722222222222 0.01953125 0.06805555555555556
0 0.8296875 0.4527777777777778 0.0203125 0.0638888888888889
0 0.7578125 0.4729166666666667 0.018750000000000003 0.07083333333333333
0 0.732421875 0.4951388888888889 0.017968750000000002 0.06805555555555556
0 0.63203125 0.5201388888888889 0.021875000000000002 0.0763888888888889
0 0.70078125 0.5680555555555555 0.026562500000000003 0.08888888888888889
0 0.796875 0.5597222222222222 0.0234375 0.08333333333333334
0 0.480078125 0.6083333333333334 0.032031250000000004 0.08611111111111111
0 0.6550781250000001 0.5993055555555555 0.022656250000000003 0.09027777777777778
0 0.727734375 0.5972222222222222 0.02734375 0.09444444444444444
0 0.817578125 0.5993055555555555 0.025781250000000002 0.09027777777777778
0 0.569921875 0.6583333333333333 0.03359375 0.10555555555555556
0 0.48164062500000004 0.6805555555555556 0.03671875 0.09722222222222222
0 0.8328125000000001 0.7000000000000001 0.034375 0.11111111111111112
