1 0.40742187500000004 0.4166666666666667 0.13046875 0.09722222222222222
0 0.81171875 0.6784722222222223 0.0421875 0.1625
0 0.9070312500000001 0.7423611111111111 0.059375000000000004 0.15416666666666667
0 0.7835937500000001 0.8215277777777779 0.0546875 0.1875
0 0.59609375 0.23680555555555557 0.0125 0.043055555555555555
1 0.44375000000000003 0.25833333333333336 0.037500000000000006 0.07777777777777778
1 0.540625 0.26319444444444445 0.0390625 0.06527777777777778
0 0.36875 0.28055555555555556 0.0140625 0.05555555555555556
1 0.581640625 0.31736111111111115 0.05078125 0.0763888888888889
0 0.2890625 0.3770833333333333 0.021875000000000002 0.08194444444444444
0 0.3328125 0.39861111111111114 0.029687500000000002 0.09166666666666667
0 0.723828125 0.4479166666666667 0.02734375 0.08472222222222223
0 0.790234375 0.5034722222222222 0.03359375 0.10972222222222222
