1 0.8050781250000001 0.8305555555555556 0.25390625 0.33055555555555555
1 0.28828125 0.3402777777777778 0.0703125 0.08611111111111111
1 0.675 0.44236111111111115 0.09531250000000001 0.10694444444444445
1 0.583984375 0.5013888888888889 0.11796875000000001 0.15
0 0.311328125 0.5597222222222222 0.04453125 0.15833333333333333
1 0.48125 0.5472222222222223 0.15781250000000002 0.18888888888888888
1 0.13789062500000002 0.21875 0.02109375 0.0375
1 0.16523437500000002 0.23750000000000002 0.03515625 0.058333333333333334
1 0.12734375 0.275 0.037500000000000006 0.0638888888888889
1 0.193359375 0.27847222222222223 0.041406250000000006 0.06805555555555556
0 0.135546875 0.3805555555555556 0.02421875 0.08611111111111111
0 0.18085937500000002 0.4361111111111111 0.02890625 0.11388888888888889
0 0.22812500000000002 0.4236111111111111 0.03125 0.10833333333333334
