0 0.37148437500000003 0.3763888888888889 0.055468750000000004 0.14166666666666666
0 0.529296875 0.37777777777777777 0.039843750000000004 0.13611111111111113
0 0.5703125 0.5215277777777778 0.051562500000000004 0.1736111111111111
0 0.58515625 0.18125 0.0140625 0.051388888888888894
0 0.601171875 0.20416666666666666 0.014843750000000001 0.05277777777777778
0 0.6351562500000001 0.23680555555555557 0.018750000000000003 0.05416666666666667
0 0.6628906250000001 0.23333333333333334 0.01640625 0.05
0 0.6468750000000001 0.2729166666666667 0.021875000000000002 0.07083333333333333
0 0.6957031250000001 0.27708333333333335 0.01953125 0.06805555555555556
0 0.590234375 0.33263888888888893 0.025781250000000002 0.09861111111111112
