2 0.143359375 0.7125 0.28828125 0.35000000000000003
0 0.3671875 0.7895833333333334 0.0578125 0.14027777777777778
0 0.21406250000000002 0.8520833333333334 0.0578125 0.1486111111111111
0 0.06601562500000001 0.9291666666666667 0.08828125 0.125
0 0.370703125 0.9465277777777779 0.06015625 0.10694444444444445
3 0.6671875 0.2881944444444445 0.0328125 0.059722222222222225
1 0.706640625 0.32222222222222224 0.030468750000000003 0.05277777777777778
1 0.619140625 0.3451388888888889 0.032031250000000004 0.04861111111111111
0 0.857421875 0.35694444444444445 0.01640625 0.04166666666666667
1 0.6390625000000001 0.3770833333333333 0.035937500000000004 0.051388888888888894
1 0.6917968750000001 0.3770833333333333 0.03671875 0.04861111111111111
0 0.8011718750000001 0.3854166666666667 0.017968750000000002 0.04583333333333334
0 0.7582031250000001 0.41111111111111115 0.01953125 0.04722222222222222
0 0.8914062500000001 0.40972222222222227 0.018750000000000003 0.05
0 0.6488281250000001 0.4277777777777778 0.01953125 0.05
0 0.728125 0.425 0.021875000000000002 0.05
0 0.87109375 0.4361111111111111 0.018750000000000003 0.058333333333333334
0 0.827734375 0.4444444444444445 0.02109375 0.05
0 0.8359375 0.5006944444444444 0.026562500000000003 0.06527777777777778
0 0.6015625 0.5277777777777778 0.025 0.075
0 0.7859375000000001 0.5305555555555556 0.0234375 0.08055555555555556
0 0.659375 0.5423611111111112 0.0203125 0.08750000000000001
0 0.515234375 0.5604166666666667 0.030468750000000003 0.08194444444444444
0 0.6355468750000001 0.5722222222222223 0.02421875 0.09444444444444444
0 0.75390625 0.5659722222222222 0.025 0.08194444444444444
1 0.841015625 0.5826388888888889 0.08515625 0.08472222222222223
0 0.7156250000000001 0.6041666666666667 0.025 0.09444444444444444
0 0.42734375 0.6763888888888889 0.035937500000000004 0.10277777777777779
0 0.5296875 0.6944444444444444 0.034375 0.11666666666666667
0 0.6019531250000001 0.6958333333333334 0.032031250000000004 0.11111111111111112
0 0.653515625 0.6923611111111111 0.03359375 0.11527777777777778
