2 0.495703125 0.42986111111111114 0.10234375000000001 0.12361111111111112
1 0.33984375 0.5618055555555556 0.09843750000000001 0.10972222222222222
0 0.36445312500000004 0.7229166666666667 0.04296875 0.1375
1 0.07968750000000001 0.7472222222222222 0.16562500000000002 0.17222222222222222
0 0.46914062500000003 0.7611111111111112 0.04453125 0.13055555555555556
0 0.31171875000000004 0.788888888888889 0.046875 0.1527777777777778
0 0.54921875 0.8381944444444445 0.05 0.15694444444444444
0 0.207421875 0.9097222222222222 0.07265625 0.17500000000000002
0 0.443359375 0.9256944444444445 0.05859375 0.14583333333333334
1 0.6941406250000001 0.35555555555555557 0.032031250000000004 0.036111111111111115
0 0.8269531250000001 0.3888888888888889 0.014843750000000001 0.04166666666666667
0 0.855078125 0.39166666666666666 0.014843750000000001 0.044444444444444446
0 0.7582031250000001 0.4076388888888889 0.01640625 0.04583333333333334
0 0.7742187500000001 0.41111111111111115 0.015625 0.044444444444444446
0 0.87265625 0.4173611111111111 0.0171875 0.05416666666666667
0 0.80390625 0.425 0.018750000000000003 0.05555555555555556
2 0.7312500000000001 0.46597222222222223 0.046875 0.10138888888888889
0 0.6726562500000001 0.5076388888888889 0.018750000000000003 0.07361111111111111
0 0.7578125 0.5118055555555556 0.0203125 0.0763888888888889
0 0.81171875 0.5034722222222222 0.021875000000000002 0.0763888888888889
0 0.586328125 0.5520833333333334 0.02109375 0.09027777777777778
0 0.872265625 0.5437500000000001 0.025781250000000002 0.09583333333333334
1 0.43867187500000004 0.5583333333333333 0.08203125 0.09166666666666667
0 0.515234375 0.5916666666666667 0.02890625 0.08888888888888889
0 0.7015625000000001 0.5847222222222223 0.025 0.10555555555555556
0 0.564453125 0.6159722222222223 0.02890625 0.09583333333333334
0 0.6199218750000001 0.6354166666666667 0.02734375 0.10694444444444445
0 0.49726562500000004 0.7006944444444445 0.03671875 0.09861111111111112
0 0.6468750000000001 0.7402777777777778 0.0328125 0.11944444444444445
