2 0.7351562500000001 0.5236111111111111 0.2109375 0.4
1 0.43085937500000004 0.46875 0.06484375 0.12638888888888888
0 0.27382812500000003 0.6347222222222223 0.03671875 0.16111111111111112
0 0.203125 0.7826388888888889 0.05 0.1763888888888889
2 0.37890625 0.7784722222222222 0.125 0.3819444444444445
0 0.52109375 0.775 0.034375 0.17500000000000002
1 0.41054687500000003 0.25833333333333336 0.03828125 0.06944444444444445
0 0.60546875 0.2777777777777778 0.015625 0.05
1 0.45390625 0.33333333333333337 0.045312500000000006 0.10277777777777779
0 0.22187500000000002 0.5034722222222222 0.028125 0.10694444444444445
0 0.310546875 0.5131944444444445 0.030468750000000003 0.11527777777777778
0 0.595703125 0.5215277777777778 0.02890625 0.1125
0 0.19375 0.5979166666666667 0.0328125 0.13472222222222222
0 0.8609375 0.6486111111111111 0.037500000000000006 0.125
