0 0.5593750000000001 0.4527777777777778 0.0484375 0.14722222222222223
0 0.665234375 0.45208333333333334 0.03671875 0.15694444444444444
0 0.08554687500000001 0.5576388888888889 0.10390625 0.24861111111111112
0 0.603125 0.1840277777777778 0.0140625 0.051388888888888894
0 0.580078125 0.2138888888888889 0.017968750000000002 0.05555555555555556
0 0.6312500000000001 0.21319444444444446 0.0203125 0.04583333333333334
0 0.6507812500000001 0.23611111111111113 0.018750000000000003 0.058333333333333334
0 0.67890625 0.24375000000000002 0.018750000000000003 0.07083333333333333
0 0.608984375 0.3090277777777778 0.025781250000000002 0.08750000000000001
0 0.680859375 0.4666666666666667 0.032031250000000004 0.1277777777777778
