3 0.21875 0.1763888888888889 0.13125 0.1
3 0.5554687500000001 0.39513888888888893 0.13125 0.3652777777777778
1 0.23945312500000002 0.425 0.08671875000000001 0.13333333333333333
0 0.043750000000000004 0.5534722222222223 0.046875 0.12638888888888888
3 0.7195312500000001 0.6034722222222223 0.11875000000000001 0.20416666666666666
0 0.138671875 0.27361111111111114 0.01953125 0.04166666666666667
1 0.26601562500000003 0.27847222222222223 0.041406250000000006 0.07083333333333333
0 0.1609375 0.3027777777777778 0.021875000000000002 0.05277777777777778
1 0.6453125000000001 0.4173611111111111 0.053125000000000006 0.09305555555555556
0 0.07734375 0.4486111111111111 0.035937500000000004 0.08611111111111111
