0 0.20078125000000002 0.4479166666666667 0.0859375 0.19583333333333333
0 0.6039062500000001 0.4701388888888889 0.037500000000000006 0.15694444444444444
0 0.620703125 0.20625000000000002 0.01640625 0.051388888888888894
0 0.37148437500000003 0.22222222222222224 0.03671875 0.061111111111111116
0 0.5964843750000001 0.21597222222222223 0.017968750000000002 0.051388888888888894
0 0.5535156250000001 0.2388888888888889 0.02109375 0.06944444444444445
0 0.405859375 0.2569444444444445 0.03828125 0.08611111111111111
0 0.6546875000000001 0.25625000000000003 0.018750000000000003 0.06805555555555556
0 0.36640625000000004 0.2916666666666667 0.037500000000000006 0.07777777777777778
0 0.630078125 0.30833333333333335 0.02421875 0.075
