0 0.43515625 0.7388888888888889 0.043750000000000004 0.13055555555555556
0 0.47304687500000003 0.8611111111111112 0.05078125 0.16666666666666669
0 0.30234375 0.9375 0.078125 0.11666666666666667
1 0.6015625 0.35347222222222224 0.034375 0.04583333333333334
1 0.654296875 0.3548611111111111 0.030468750000000003 0.04027777777777778
1 0.6921875000000001 0.36736111111111114 0.0328125 0.04861111111111111
0 0.856640625 0.3791666666666667 0.014843750000000001 0.03888888888888889
0 0.76171875 0.3861111111111111 0.0171875 0.05
0 0.831640625 0.39375 0.013281250000000001 0.0375
1 0.5535156250000001 0.4118055555555556 0.05234375 0.05694444444444444
1 0.6257812500000001 0.42638888888888893 0.0421875 0.05277777777777778
0 0.85546875 0.42986111111111114 0.0171875 0.051388888888888894
0 0.83125 0.4486111111111111 0.0171875 0.058333333333333334
1 0.46796875000000004 0.4715277777777778 0.051562500000000004 0.059722222222222225
1 0.5867187500000001 0.4625 0.046875 0.0638888888888889
0 0.5769531250000001 0.5111111111111112 0.022656250000000003 0.07777777777777778
0 0.624609375 0.513888888888889 0.02109375 0.07222222222222223
1 0.41953125 0.53125 0.084375 0.0763888888888889
0 0.519140625 0.5472222222222223 0.022656250000000003 0.08611111111111111
0 0.7542968750000001 0.5520833333333334 0.017968750000000002 0.08750000000000001
0 0.816015625 0.5520833333333334 0.01953125 0.08194444444444444
0 0.6863281250000001 0.5569444444444445 0.02109375 0.08055555555555556
0 0.890625 0.5645833333333333 0.021875000000000002 0.08472222222222223
0 0.603515625 0.5875 0.02421875 0.08611111111111111
0 0.8464843750000001 0.5847222222222223 0.022656250000000003 0.08055555555555556
0 0.628125 0.6194444444444445 0.026562500000000003 0.09444444444444444
0 0.74140625 0.6576388888888889 0.028125 0.09583333333333334
0 0.7972656250000001 0.6534722222222222 0.02734375 0.09861111111111112
0 0.513671875 0.6798611111111111 0.03671875 0.12361111111111112
0 0.6078125000000001 0.7055555555555556 0.0328125 0.13333333333333333
