0 0.7015625000000001 0.8652777777777778 0.05 0.16111111111111112
1 0.491015625 0.8944444444444445 0.15546875000000002 0.20555555555555557
0 0.85546875 0.9166666666666667 0.046875 0.16111111111111112
0 0.6238281250000001 0.9465277777777779 0.07109375 0.09861111111111112
1 0.291015625 0.44583333333333336 0.05390625 0.061111111111111116
1 0.14609375 0.4902777777777778 0.0765625 0.075
0 0.8390625 0.5263888888888889 0.03125 0.1
0 0.7421875 0.6263888888888889 0.029687500000000002 0.10555555555555556
0 0.45 0.6409722222222223 0.034375 0.09583333333333334
0 0.84296875 0.6416666666666667 0.035937500000000004 0.11111111111111112
0 0.765234375 0.7604166666666667 0.03515625 0.13194444444444445
