1 0.3953125 0.59375 0.1046875 0.10416666666666667
0 0.3328125 0.7937500000000001 0.051562500000000004 0.15416666666666667
0 0.40078125000000003 0.8097222222222222 0.043750000000000004 0.16944444444444445
0 0.804296875 0.8993055555555556 0.03671875 0.16527777777777777
0 0.248046875 0.9486111111111112 0.07109375 0.10555555555555556
0 0.74609375 0.9298611111111111 0.0390625 0.14583333333333334
1 0.6429687500000001 0.27361111111111114 0.025 0.04166666666666667
1 0.6839843750000001 0.28194444444444444 0.02421875 0.030555555555555558
1 0.667578125 0.3388888888888889 0.030468750000000003 0.03888888888888889
0 0.8207031250000001 0.33958333333333335 0.013281250000000001 0.04027777777777778
0 0.841015625 0.37777777777777777 0.014843750000000001 0.04722222222222222
0 0.8050781250000001 0.3861111111111111 0.01640625 0.044444444444444446
0 0.8621093750000001 0.3854166666666667 0.017968750000000002 0.051388888888888894
0 0.714453125 0.40625 0.01953125 0.051388888888888894
0 0.6898437500000001 0.4215277777777778 0.0203125 0.05694444444444444
0 0.7507812500000001 0.4340277777777778 0.021875000000000002 0.06527777777777778
0 0.8148437500000001 0.4236111111111111 0.015625 0.05
0 0.6585937500000001 0.4486111111111111 0.021875000000000002 0.0638888888888889
0 0.852734375 0.4479166666666667 0.01953125 0.051388888888888894
0 0.83203125 0.4673611111111111 0.0203125 0.06527777777777778
0 0.6648437500000001 0.5215277777777778 0.025 0.08472222222222223
0 0.7390625000000001 0.5402777777777777 0.025 0.08611111111111111
0 0.6980468750000001 0.6375000000000001 0.032031250000000004 0.10555555555555556
0 0.566015625 0.757638888888889 0.03515625 0.1375
0 0.620703125 0.7729166666666667 0.03359375 0.12916666666666668
0 0.817578125 0.78125 0.03359375 0.11527777777777778
