1 0.759765625 0.5472222222222223 0.10859375 0.09722222222222222
0 0.26992187500000003 0.7631944444444445 0.049218750000000006 0.13194444444444445
0 0.41328125000000004 0.75 0.043750000000000004 0.1388888888888889
0 0.958203125 0.8770833333333333 0.05078125 0.17916666666666667
0 0.37578125 0.9090277777777778 0.059375000000000004 0.17083333333333334
0 0.14921875 0.9256944444444445 0.06406250000000001 0.1486111111111111
0 0.278125 0.9291666666666667 0.065625 0.14722222222222223
1 0.558984375 0.27361111111111114 0.02734375 0.030555555555555558
1 0.6671875 0.2965277777777778 0.026562500000000003 0.03194444444444445
1 0.6625000000000001 0.3402777777777778 0.029687500000000002 0.03888888888888889
1 0.6136718750000001 0.34652777777777777 0.02734375 0.0375
1 0.636328125 0.37430555555555556 0.03671875 0.05416666666666667
0 0.765625 0.39166666666666666 0.0171875 0.04722222222222222
0 0.73984375 0.41111111111111115 0.018750000000000003 0.05
0 0.69921875 0.4354166666666667 0.018750000000000003 0.051388888888888894
0 0.8386718750000001 0.42638888888888893 0.017968750000000002 0.05
1 0.47773437500000004 0.4534722222222222 0.06640625 0.06527777777777778
0 0.6734375 0.4569444444444445 0.0171875 0.061111111111111116
0 0.81640625 0.4486111111111111 0.018750000000000003 0.0638888888888889
0 0.7957031250000001 0.4673611111111111 0.02109375 0.06527777777777778
0 0.70234375 0.4902777777777778 0.025 0.06944444444444445
1 0.48281250000000003 0.53125 0.08750000000000001 0.08472222222222223
0 0.620703125 0.5465277777777778 0.02421875 0.08750000000000001
0 0.47382812500000004 0.6111111111111112 0.03515625 0.09166666666666667
0 0.36796875 0.6923611111111111 0.040625 0.10972222222222222
0 0.59765625 0.7319444444444445 0.035937500000000004 0.11944444444444445
0 0.6472656250000001 0.7513888888888889 0.03515625 0.11388888888888889
