0 0.30078125 0.7777777777777778 0.05 0.15
0 0.534375 0.7993055555555556 0.0421875 0.1513888888888889
0 0.849609375 0.788888888888889 0.041406250000000006 0.14722222222222223
0 0.027734375000000002 0.90625 0.057031250000000006 0.16527777777777777
0 0.6941406250000001 0.9118055555555555 0.04453125 0.17083333333333334
0 0.3515625 0.9375 0.0625 0.11944444444444445
0 0.821484375 0.9375 0.05390625 0.13333333333333333
1 0.634375 0.30208333333333337 0.028125 0.034722222222222224
1 0.538671875 0.3388888888888889 0.039843750000000004 0.05555555555555556
1 0.626171875 0.40555555555555556 0.03828125 0.05277777777777778
1 0.6941406250000001 0.43680555555555556 0.04453125 0.05694444444444444
0 0.77109375 0.44375000000000003 0.0171875 0.05694444444444444
0 0.8050781250000001 0.4548611111111111 0.017968750000000002 0.059722222222222225
0 0.835546875 0.44583333333333336 0.02109375 0.06944444444444445
0 0.673828125 0.4840277777777778 0.01953125 0.06805555555555556
0 0.720703125 0.48680555555555555 0.02109375 0.07083333333333333
0 0.6078125000000001 0.5076388888888889 0.0234375 0.0763888888888889
0 0.6394531250000001 0.5194444444444445 0.02109375 0.075
0 0.813671875 0.5819444444444445 0.02421875 0.10555555555555556
0 0.5613281250000001 0.6006944444444444 0.02734375 0.09305555555555556
0 0.6058593750000001 0.6006944444444444 0.02734375 0.09027777777777778
0 0.714453125 0.5965277777777778 0.02734375 0.08750000000000001
0 0.77109375 0.6444444444444445 0.029687500000000002 0.09722222222222222
0 0.6664062500000001 0.68125 0.029687500000000002 0.11527777777777778
0 0.7234375000000001 0.6993055555555556 0.035937500000000004 0.12083333333333333
0 0.8046875 0.7055555555555556 0.0328125 0.11944444444444445
0 0.64453125 0.7333333333333334 0.0328125 0.13055555555555556
0 0.758984375 0.7416666666666667 0.03359375 0.1277777777777778
0 0.739453125 0.8194444444444445 0.032031250000000004 0.1388888888888889
