3 0.5808593750000001 0.4013888888888889 0.04609375 0.11388888888888889
1 0.890234375 0.6083333333333334 0.15859375 0.10833333333333334
1 0.524609375 0.675 0.07734375 0.11111111111111112
0 0.38046875 0.7569444444444444 0.0421875 0.14444444444444446
0 0.43203125000000003 0.8402777777777778 0.0484375 0.13333333333333333
0 0.50390625 0.83125 0.040625 0.1486111111111111
0 0.326953125 0.8694444444444445 0.06015625 0.1638888888888889
0 0.559765625 0.8770833333333333 0.041406250000000006 0.15972222222222224
0 0.16562500000000002 0.9069444444444444 0.06406250000000001 0.17777777777777778
0 0.25039062500000003 0.8993055555555556 0.055468750000000004 0.15972222222222224
0 0.40703125 0.9305555555555556 0.0625 0.13333333333333333
1 0.704296875 0.33472222222222225 0.02890625 0.03333333333333333
1 0.626171875 0.3770833333333333 0.03359375 0.051388888888888894
1 0.723828125 0.37222222222222223 0.03359375 0.05277777777777778
1 0.673828125 0.38472222222222224 0.03515625 0.036111111111111115
0 0.71484375 0.4131944444444445 0.0140625 0.043055555555555555
0 0.7738281250000001 0.41250000000000003 0.01953125 0.04722222222222222
0 0.8140625 0.41805555555555557 0.0203125 0.05
1 0.649609375 0.4548611111111111 0.05078125 0.0625
1 0.43789062500000003 0.4861111111111111 0.07890625000000001 0.08333333333333334
0 0.79296875 0.48888888888888893 0.0234375 0.061111111111111116
0 0.8308593750000001 0.4798611111111111 0.02109375 0.0625
0 0.8542968750000001 0.4930555555555556 0.02109375 0.06666666666666667
0 0.597265625 0.5020833333333333 0.02109375 0.0625
0 0.7152343750000001 0.50625 0.02421875 0.059722222222222225
0 0.5320312500000001 0.55 0.0234375 0.08055555555555556
0 0.49335937500000004 0.5715277777777777 0.025781250000000002 0.09305555555555556
0 0.5847656250000001 0.5847222222222223 0.02734375 0.08333333333333334
0 0.72578125 0.5840277777777778 0.025 0.08750000000000001
0 0.56015625 0.5979166666666667 0.025 0.07916666666666666
0 0.66953125 0.6194444444444445 0.029687500000000002 0.08611111111111111
0 0.747265625 0.7041666666666667 0.030468750000000003 0.11666666666666667
0 0.8054687500000001 0.7020833333333334 0.03125 0.10694444444444445
0 0.63203125 0.7243055555555555 0.034375 0.10972222222222222
0 0.448046875 0.7381944444444445 0.039843750000000004 0.12638888888888888
0 0.7136718750000001 0.7430555555555556 0.032031250000000004 0.11944444444444445
0 0.567578125 0.7625000000000001 0.03359375 0.12222222222222223
0 0.6003906250000001 0.7819444444444444 0.039843750000000004 0.13333333333333333
0 0.6488281250000001 0.7833333333333333 0.03515625 0.1277777777777778
