3 0.5769531250000001 0.29791666666666666 0.05234375 0.1375
1 0.33242187500000003 0.33819444444444446 0.06640625 0.10694444444444445
3 0.4390625 0.40902777777777777 0.06875 0.20972222222222223
1 0.579296875 0.43819444444444444 0.06796875000000001 0.12638888888888888
0 0.17539062500000002 0.58125 0.05078125 0.12083333333333333
0 0.10859375 0.6486111111111111 0.06406250000000001 0.12222222222222223
0 0.2265625 0.7118055555555556 0.059375000000000004 0.15972222222222224
1 0.66796875 0.7847222222222222 0.1296875 0.25277777777777777
3 0.5421875 0.2513888888888889 0.0390625 0.09166666666666667
0 0.650390625 0.28194444444444444 0.017968750000000002 0.04722222222222222
0 0.6488281250000001 0.37777777777777777 0.02109375 0.07777777777777778
0 0.5078125 0.4173611111111111 0.026562500000000003 0.09305555555555556
0 0.102734375 0.47500000000000003 0.04296875 0.07777777777777778
0 0.065625 0.49444444444444446 0.043750000000000004 0.1
0 0.26640625 0.5493055555555556 0.028125 0.1125
0 0.83125 0.5527777777777778 0.040625 0.11666666666666667
0 0.7515625 0.6229166666666667 0.034375 0.11805555555555557
