0 0.35546875 0.35208333333333336 0.051562500000000004 0.1375
0 0.5222656250000001 0.6347222222222223 0.06015625 0.17777777777777778
0 0.044921875 0.6965277777777779 0.10234375000000001 0.27083333333333337
0 0.17734375000000002 0.17430555555555557 0.026562500000000003 0.07361111111111111
0 0.616796875 0.1798611111111111 0.014843750000000001 0.043055555555555555
0 0.5890625 0.2125 0.021875000000000002 0.05
0 0.669921875 0.23819444444444446 0.017968750000000002 0.04861111111111111
0 0.423828125 0.2604166666666667 0.03828125 0.08472222222222223
0 0.51484375 0.2729166666666667 0.028125 0.07361111111111111
0 0.4625 0.31666666666666665 0.034375 0.08888888888888889
0 0.641796875 0.3548611111111111 0.02890625 0.09861111111111112
0 0.583984375 0.3763888888888889 0.02890625 0.10833333333333334
