2 0.46718750000000003 0.4756944444444445 0.07968750000000001 0.1125
1 0.36562500000000003 0.6034722222222223 0.115625 0.11805555555555557
1 0.679296875 0.6145833333333334 0.07265625 0.10972222222222222
1 0.5925781250000001 0.7381944444444445 0.09453125000000001 0.1625
1 0.401171875 0.7854166666666667 0.11953125 0.1736111111111111
0 0.531640625 0.875 0.047656250000000004 0.1527777777777778
0 0.20039062500000002 0.90625 0.06015625 0.16805555555555557
1 0.66953125 0.9041666666666667 0.13593750000000002 0.18888888888888888
0 0.25546875 0.9465277777777779 0.0578125 0.11527777777777778
1 0.6984375 0.3013888888888889 0.03125 0.03888888888888889
1 0.6199218750000001 0.3513888888888889 0.03515625 0.044444444444444446
1 0.70078125 0.35694444444444445 0.0328125 0.03888888888888889
1 0.62890625 0.39305555555555555 0.0390625 0.044444444444444446
1 0.5625 0.41250000000000003 0.0578125 0.09444444444444444
0 0.8539062500000001 0.4131944444444445 0.018750000000000003 0.05416666666666667
1 0.6875 0.4277777777777778 0.045312500000000006 0.058333333333333334
0 0.8386718750000001 0.45416666666666666 0.01953125 0.07222222222222223
0 0.7820312500000001 0.5243055555555556 0.0234375 0.07916666666666666
0 0.84140625 0.5506944444444445 0.025 0.07916666666666666
0 0.62265625 0.5604166666666667 0.026562500000000003 0.08750000000000001
0 0.59375 0.5965277777777778 0.026562500000000003 0.09027777777777778
0 0.80078125 0.6243055555555556 0.03125 0.10694444444444445
