1 0.187890625 0.6652777777777779 0.13203125000000002 0.12222222222222223
0 0.30976562500000004 0.8402777777777778 0.05234375 0.15
0 0.9574218750000001 0.8770833333333333 0.05078125 0.17916666666666667
0 0.371875 0.9263888888888889 0.0703125 0.15833333333333333
1 0.6058593750000001 0.35625 0.032031250000000004 0.04583333333333334
0 0.8128906250000001 0.3576388888888889 0.013281250000000001 0.04027777777777778
0 0.84296875 0.3784722222222222 0.0140625 0.043055555555555555
1 0.6371093750000001 0.3840277777777778 0.03828125 0.051388888888888894
0 0.7019531250000001 0.3979166666666667 0.01640625 0.051388888888888894
0 0.7351562500000001 0.40625 0.0171875 0.04861111111111111
0 0.79296875 0.40694444444444444 0.0171875 0.044444444444444446
0 0.6097656250000001 0.46319444444444446 0.01953125 0.04861111111111111
1 0.697265625 0.46458333333333335 0.04453125 0.08472222222222223
0 0.8128906250000001 0.49236111111111114 0.022656250000000003 0.06805555555555556
0 0.657421875 0.5111111111111112 0.02109375 0.075
0 0.587109375 0.5291666666666667 0.02421875 0.075
1 0.44609375 0.5409722222222222 0.09062500000000001 0.08472222222222223
0 0.8796875000000001 0.5458333333333334 0.021875000000000002 0.07777777777777778
1 0.761328125 0.5666666666666667 0.08203125 0.08611111111111111
0 0.8382812500000001 0.5680555555555555 0.029687500000000002 0.08055555555555556
0 0.6117187500000001 0.6097222222222223 0.029687500000000002 0.09722222222222222
0 0.558203125 0.6236111111111111 0.02734375 0.09166666666666667
0 0.727734375 0.6270833333333333 0.030468750000000003 0.08472222222222223
0 0.48164062500000004 0.6472222222222223 0.03515625 0.09722222222222222
0 0.7054687500000001 0.6625 0.028125 0.10277777777777779
0 0.5320312500000001 0.7069444444444445 0.034375 0.13055555555555556
0 0.46210937500000004 0.7131944444444445 0.03671875 0.1125
0 0.7191406250000001 0.7166666666666667 0.03359375 0.1277777777777778
0 0.5867187500000001 0.7361111111111112 0.0328125 0.13055555555555556
