2 0.49648437500000003 0.42708333333333337 0.10390625 0.13194444444444445
0 0.74375 0.7770833333333333 0.040625 0.15416666666666667
0 0.225 0.8722222222222222 0.0671875 0.15833333333333333
1 0.529296875 0.3159722222222222 0.03359375 0.034722222222222224
1 0.6238281250000001 0.3340277777777778 0.025781250000000002 0.03194444444444445
1 0.7039062500000001 0.3277777777777778 0.03125 0.030555555555555558
1 0.6484375 0.3576388888888889 0.037500000000000006 0.05416666666666667
1 0.6976562500000001 0.37569444444444444 0.034375 0.04027777777777778
0 0.7601562500000001 0.3791666666666667 0.015625 0.04166666666666667
0 0.8617187500000001 0.3909722222222222 0.0171875 0.043055555555555555
0 0.74375 0.41597222222222224 0.018750000000000003 0.051388888888888894
0 0.7816406250000001 0.41458333333333336 0.017968750000000002 0.051388888888888894
0 0.8011718750000001 0.42986111111111114 0.01640625 0.051388888888888894
0 0.8406250000000001 0.42847222222222225 0.018750000000000003 0.051388888888888894
0 0.70859375 0.44097222222222227 0.0203125 0.051388888888888894
0 0.8234375 0.4708333333333333 0.018750000000000003 0.058333333333333334
0 0.8 0.4861111111111111 0.021875000000000002 0.06666666666666667
1 0.66953125 0.5097222222222222 0.05625 0.08611111111111111
0 0.878515625 0.5131944444444445 0.02421875 0.0763888888888889
1 0.393359375 0.5430555555555556 0.09140625000000001 0.07777777777777778
0 0.7855468750000001 0.5388888888888889 0.022656250000000003 0.08055555555555556
0 0.8480468750000001 0.5388888888888889 0.02421875 0.075
0 0.7039062500000001 0.5625 0.0234375 0.08333333333333334
0 0.6312500000000001 0.5868055555555556 0.026562500000000003 0.09027777777777778
0 0.7507812500000001 0.5881944444444445 0.03125 0.10416666666666667
0 0.541015625 0.6444444444444445 0.02890625 0.10833333333333334
0 0.43593750000000003 0.6986111111111112 0.040625 0.11944444444444445
