1 0.2484375 0.37222222222222223 0.1296875 0.09722222222222222
2 0.39570312500000004 0.5604166666666667 0.09765625 0.2625
0 0.19843750000000002 0.6284722222222222 0.034375 0.16527777777777777
0 0.641796875 0.7111111111111111 0.05078125 0.16111111111111112
0 0.509375 0.7548611111111111 0.043750000000000004 0.14027777777777778
0 0.562890625 0.8208333333333334 0.05078125 0.1527777777777778
1 0.38203125000000004 0.2555555555555556 0.03125 0.05555555555555556
1 0.528515625 0.2520833333333333 0.032031250000000004 0.05416666666666667
1 0.41054687500000003 0.33819444444444446 0.05078125 0.10416666666666667
0 0.46601562500000004 0.3805555555555556 0.017968750000000002 0.09444444444444444
1 0.6687500000000001 0.39861111111111114 0.0578125 0.10277777777777779
0 0.8617187500000001 0.4256944444444445 0.037500000000000006 0.08472222222222223
0 0.3359375 0.45416666666666666 0.026562500000000003 0.10277777777777779
0 0.775 0.5118055555555556 0.034375 0.10416666666666667
0 0.1453125 0.607638888888889 0.035937500000000004 0.13194444444444445
