0 0.24921875000000002 0.43472222222222223 0.07500000000000001 0.16944444444444445
0 0.5300781250000001 0.5111111111111112 0.05234375 0.15833333333333333
0 0.4375 0.6062500000000001 0.07187500000000001 0.1902777777777778
0 0.571484375 0.16736111111111113 0.013281250000000001 0.051388888888888894
0 0.543359375 0.19791666666666669 0.01640625 0.051388888888888894
0 0.58984375 0.19236111111111112 0.0171875 0.04861111111111111
0 0.618359375 0.2013888888888889 0.017968750000000002 0.05
0 0.6082031250000001 0.2125 0.017968750000000002 0.05
0 0.669140625 0.23819444444444446 0.01953125 0.05694444444444444
0 0.565625 0.39583333333333337 0.03125 0.12222222222222223
0 0.6277343750000001 0.42708333333333337 0.02421875 0.11527777777777778
