1 0.4078125 0.5111111111111112 0.08125 0.08611111111111111
1 0.45234375000000004 0.607638888888889 0.08125 0.10138888888888889
1 0.596875 0.5840277777777778 0.06406250000000001 0.09583333333333334
1 0.244921875 0.7006944444444445 0.15859375 0.13472222222222222
2 0.6875 0.7118055555555556 0.1 0.23194444444444445
1 0.066796875 0.7444444444444445 0.12109375 0.11388888888888889
0 0.359375 0.7708333333333334 0.0484375 0.12222222222222223
2 0.568359375 0.8125 0.10859375 0.34444444444444444
0 0.40078125000000003 0.9013888888888889 0.045312500000000006 0.1527777777777778
1 0.532421875 0.3416666666666667 0.03515625 0.04722222222222222
1 0.6410156250000001 0.3701388888888889 0.03359375 0.04861111111111111
1 0.7000000000000001 0.4118055555555556 0.0421875 0.06805555555555556
0 0.81640625 0.4173611111111111 0.018750000000000003 0.059722222222222225
1 0.658203125 0.45625000000000004 0.047656250000000004 0.059722222222222225
0 0.765625 0.44375000000000003 0.018750000000000003 0.05694444444444444
1 0.55078125 0.5104166666666667 0.05625 0.07083333333333333
1 0.6898437500000001 0.5263888888888889 0.0484375 0.08333333333333334
0 0.773046875 0.5409722222222222 0.022656250000000003 0.08194444444444444
1 0.71640625 0.6097222222222223 0.05625 0.08611111111111111
0 0.330859375 0.763888888888889 0.03671875 0.125
0 0.29453125 0.76875 0.040625 0.11527777777777778
