1 0.22265625 0.3263888888888889 0.0765625 0.11388888888888889
1 0.15585937500000002 0.35555555555555557 0.055468750000000004 0.11388888888888889
1 0.43085937500000004 0.4118055555555556 0.10546875 0.11805555555555557
1 0.341796875 0.44027777777777777 0.10703125000000001 0.13611111111111113
1 0.6726562500000001 0.45069444444444445 0.1125 0.10972222222222222
0 0.6550781250000001 0.5569444444444445 0.04296875 0.1527777777777778
1 0.107421875 0.19305555555555556 0.02421875 0.02777777777777778
1 0.15781250000000002 0.2152777777777778 0.034375 0.03333333333333333
0 0.35234375 0.2513888888888889 0.03125 0.061111111111111116
1 0.20390625 0.28125 0.065625 0.0625
1 0.257421875 0.28194444444444444 0.05234375 0.06666666666666667
0 0.7953125000000001 0.2916666666666667 0.0328125 0.0638888888888889
1 0.85703125 0.3493055555555556 0.0734375 0.08472222222222223
0 0.182421875 0.4291666666666667 0.02734375 0.1
0 0.1640625 0.5013888888888889 0.028125 0.13055555555555556
