0 0.28046875 0.3493055555555556 0.05625 0.10416666666666667
0 0.300390625 0.4326388888888889 0.05859375 0.15416666666666667
0 0.540234375 0.5048611111111111 0.05078125 0.15972222222222224
0 0.43789062500000003 0.5888888888888889 0.07265625 0.18333333333333335
1 0.587109375 0.2138888888888889 0.047656250000000004 0.061111111111111116
0 0.5261718750000001 0.24027777777777778 0.01953125 0.05277777777777778
0 0.44609375 0.2638888888888889 0.029687500000000002 0.07222222222222223
0 0.6488281250000001 0.2625 0.017968750000000002 0.06944444444444445
0 0.673046875 0.2729166666666667 0.02109375 0.0763888888888889
0 0.553125 0.2923611111111111 0.021875000000000002 0.0625
0 0.41523437500000004 0.3354166666666667 0.04296875 0.09583333333333334
0 0.623046875 0.3388888888888889 0.032031250000000004 0.1
0 0.6804687500000001 0.48333333333333334 0.0328125 0.125
