3 0.732812 0.648611 0.337500 0.702778
3 0.453516 0.227778 0.049219 0.144444
0 0.896875 0.530556 0.043750 0.130556
0 0.931250 0.750000 0.050000 0.175000
0 0.346484 0.231250 0.016406 0.059722
1 0.386328 0.255556 0.047656 0.075000
0 0.326172 0.315972 0.016406 0.076389
1 0.542188 0.310417 0.053125 0.101389
0 0.718359 0.341667 0.022656 0.086111
0 0.235547 0.404861 0.025781 0.109722
0 0.260547 0.451389 0.028906 0.119444
0 0.755078 0.464583 0.027344 0.109722
0 0.183984 0.516667 0.038281 0.150000
0 0.818750 0.493750 0.037500 0.112500
