0 0.099609375 0.545138888888889 0.06953125 0.09305555555555556
0 0.6585937500000001 0.5472222222222223 0.0625 0.10555555555555556
0 0.353125 0.6069444444444445 0.0671875 0.1277777777777778
0 0.5496093750000001 0.5805555555555556 0.06015625 0.10555555555555556
0 0.77265625 0.6236111111111111 0.046875 0.125
0 0.6015625 0.6798611111111111 0.053125000000000006 0.12916666666666668
0 0.619140625 0.7590277777777779 0.047656250000000004 0.1513888888888889
0 0.42578125 0.3979166666666667 0.0390625 0.07916666666666666
0 0.55859375 0.3840277777777778 0.021875000000000002 0.07083333333333333
0 0.3359375 0.40694444444444444 0.045312500000000006 0.07777777777777778
0 0.8582031250000001 0.42708333333333337 0.02734375 0.07361111111111111
0 0.611328125 0.44722222222222224 0.05234375 0.08055555555555556
0 0.880078125 0.46458333333333335 0.04453125 0.07083333333333333
0 0.37617187500000004 0.48194444444444445 0.049218750000000006 0.075
0 0.8074218750000001 0.5590277777777778 0.03515625 0.09583333333333334
