1 0.5890625 0.5583333333333333 0.06875 0.10277777777777779
1 0.466796875 0.5972222222222222 0.07421875 0.10277777777777779
1 0.6546875000000001 0.6111111111111112 0.0703125 0.11666666666666667
4 0.542578125 0.7152777777777778 0.08203125 0.17500000000000002
0 0.390625 0.7611111111111112 0.043750000000000004 0.14444444444444446
0 0.2765625 0.7965277777777778 0.060937500000000006 0.16527777777777777
1 0.7156250000000001 0.7784722222222222 0.0890625 0.17083333333333334
0 0.35273437500000004 0.8569444444444445 0.05078125 0.1527777777777778
1 0.5066406250000001 0.8930555555555556 0.11640625 0.21666666666666667
0 0.121484375 0.9381944444444444 0.07734375 0.11527777777777778
1 0.6609375000000001 0.33055555555555555 0.0328125 0.036111111111111115
1 0.5964843750000001 0.3784722222222222 0.03828125 0.04027777777777778
0 0.8484375000000001 0.3861111111111111 0.0171875 0.04166666666666667
1 0.531640625 0.4277777777777778 0.04453125 0.05
0 0.7601562500000001 0.4326388888888889 0.018750000000000003 0.051388888888888894
0 0.7820312500000001 0.4465277777777778 0.0171875 0.051388888888888894
1 0.511328125 0.4673611111111111 0.057031250000000006 0.06527777777777778
1 0.696484375 0.47222222222222227 0.04296875 0.06666666666666667
0 0.82734375 0.4708333333333333 0.018750000000000003 0.05277777777777778
0 0.6292968750000001 0.4902777777777778 0.022656250000000003 0.06666666666666667
0 0.7609375 0.49097222222222225 0.018750000000000003 0.05694444444444444
0 0.8015625000000001 0.48125 0.018750000000000003 0.05694444444444444
0 0.683203125 0.5055555555555555 0.02109375 0.06666666666666667
0 0.878125 0.5145833333333334 0.025 0.07361111111111111
0 0.7781250000000001 0.5305555555555556 0.0203125 0.07777777777777778
1 0.43593750000000003 0.5395833333333333 0.07187500000000001 0.08194444444444444
0 0.837890625 0.5513888888888889 0.025781250000000002 0.06666666666666667
0 0.751953125 0.5590277777777778 0.022656250000000003 0.08194444444444444
0 0.796875 0.5833333333333334 0.0234375 0.08333333333333334
0 0.829296875 0.6013888888888889 0.02734375 0.08888888888888889
0 0.783203125 0.6166666666666667 0.025781250000000002 0.08611111111111111
0 0.467578125 0.7118055555555556 0.03828125 0.10694444444444445
0 0.804296875 0.725 0.02890625 0.11111111111111112
0 0.43789062500000003 0.7611111111111112 0.03671875 0.14166666666666666
