3 0.1421875 0.2590277777777778 0.328125 0.4763888888888889
3 0.350390625 0.2916666666666667 0.05078125 0.13333333333333333
3 0.5546875 0.3013888888888889 0.05625 0.15833333333333333
1 0.55390625 0.5541666666666667 0.115625 0.13611111111111113
0 0.19687500000000002 0.6034722222222223 0.059375000000000004 0.11805555555555557
0 0.5398437500000001 0.6840277777777778 0.05 0.1513888888888889
0 0.8992187500000001 0.6805555555555556 0.05 0.14444444444444446
1 0.7140625 0.7368055555555556 0.11875000000000001 0.2263888888888889
0 0.3015625 0.3493055555555556 0.021875000000000002 0.07361111111111111
0 0.354296875 0.39513888888888893 0.02734375 0.09583333333333334
0 0.7453125 0.45555555555555555 0.026562500000000003 0.09166666666666667
0 0.669921875 0.47500000000000003 0.032031250000000004 0.10277777777777779
0 0.7273437500000001 0.49097222222222225 0.03125 0.10138888888888889
0 0.8230468750000001 0.6020833333333333 0.03671875 0.12638888888888888
