1 0.064453125 0.44236111111111115 0.13046875 0.10138888888888889
0 0.15742187500000002 0.5076388888888889 0.06328125 0.09861111111111112
0 0.47695312500000003 0.5416666666666667 0.06328125 0.10277777777777779
0 0.8636718750000001 0.5493055555555556 0.05078125 0.10694444444444445
0 0.213671875 0.6062500000000001 0.07109375 0.12083333333333333
0 0.08164062500000001 0.625 0.08046875 0.10833333333333334
1 0.57421875 0.29305555555555557 0.05 0.08055555555555556
0 0.511328125 0.45 0.047656250000000004 0.06666666666666667
0 0.264453125 0.4666666666666667 0.06328125 0.061111111111111116
0 0.346484375 0.4673611111111111 0.06015625 0.0763888888888889
