2 0.6625000000000001 0.7444444444444445 0.3984375 0.4638888888888889
1 0.65 0.4138888888888889 0.1 0.10277777777777779
1 0.32070312500000003 0.5180555555555556 0.13203125000000002 0.23055555555555557
1 0.158203125 0.23680555555555557 0.03828125 0.051388888888888894
0 0.19453125000000002 0.23472222222222222 0.026562500000000003 0.061111111111111116
0 0.234765625 0.2388888888888889 0.030468750000000003 0.0638888888888889
0 0.3171875 0.25277777777777777 0.0328125 0.05555555555555556
0 0.115625 0.28402777777777777 0.0171875 0.051388888888888894
0 0.1296875 0.3354166666666667 0.0203125 0.0763888888888889
0 0.162109375 0.33472222222222225 0.02421875 0.07777777777777778
0 0.234765625 0.33958333333333335 0.025781250000000002 0.08472222222222223
0 0.433203125 0.35833333333333334 0.05078125 0.08055555555555556
1 0.857421875 0.35625 0.05859375 0.06527777777777778
0 0.37148437500000003 0.3680555555555556 0.05234375 0.08055555555555556
0 0.20078125000000002 0.3979166666666667 0.0234375 0.09861111111111112
0 0.166015625 0.42291666666666666 0.02890625 0.09861111111111112
