1 0.455078125 0.3854166666666667 0.06171875 0.10138888888888889
0 0.172265625 0.6597222222222222 0.041406250000000006 0.15833333333333333
0 0.37226562500000004 0.6631944444444444 0.04609375 0.16527777777777777
0 0.851171875 0.6756944444444445 0.04453125 0.14027777777777778
0 0.288671875 0.7055555555555556 0.041406250000000006 0.18333333333333335
0 0.7953125000000001 0.6993055555555556 0.0484375 0.14305555555555557
0 0.05390625 0.7340277777777778 0.05625 0.19583333333333333
0 0.91796875 0.795138888888889 0.0625 0.15972222222222224
0 0.158203125 0.8152777777777778 0.05078125 0.19444444444444445
0 0.3171875 0.8305555555555556 0.0421875 0.16111111111111112
0 0.443359375 0.8236111111111112 0.049218750000000006 0.1638888888888889
1 0.45 0.2326388888888889 0.035937500000000004 0.06805555555555556
1 0.45156250000000003 0.2972222222222222 0.0390625 0.06944444444444445
0 0.59609375 0.29930555555555555 0.0203125 0.051388888888888894
0 0.633984375 0.2916666666666667 0.01640625 0.05277777777777778
0 0.577734375 0.3416666666666667 0.02109375 0.06944444444444445
0 0.6937500000000001 0.35694444444444445 0.028125 0.0638888888888889
4 0.735546875 0.3548611111111111 0.01953125 0.0763888888888889
0 0.540234375 0.3736111111111111 0.03515625 0.08611111111111111
0 0.39492187500000003 0.3875 0.022656250000000003 0.09722222222222222
0 0.593359375 0.39861111111111114 0.02109375 0.08888888888888889
0 0.655859375 0.3909722222222222 0.022656250000000003 0.0763888888888889
0 0.2578125 0.43333333333333335 0.0234375 0.08333333333333334
0 0.337890625 0.43333333333333335 0.022656250000000003 0.10277777777777779
0 0.309375 0.4826388888888889 0.025 0.10416666666666667
0 0.85859375 0.48333333333333334 0.046875 0.08611111111111111
0 0.24140625000000002 0.5111111111111112 0.03125 0.11944444444444445
0 0.624609375 0.5013888888888889 0.030468750000000003 0.10555555555555556
0 0.8132812500000001 0.5208333333333334 0.0390625 0.09444444444444444
0 0.27578125000000003 0.5437500000000001 0.034375 0.12916666666666668
0 0.724609375 0.5395833333333333 0.032031250000000004 0.09583333333333334
0 0.78046875 0.5895833333333333 0.0421875 0.09583333333333334
