3 0.53828125 0.3090277777777778 0.05 0.10972222222222222
1 0.06992187500000001 0.5027777777777778 0.14921875 0.11666666666666667
1 0.33242187500000003 0.5090277777777777 0.23359375000000002 0.13194444444444445
1 0.78515625 0.5125000000000001 0.1765625 0.15
0 0.158203125 0.5472222222222223 0.06640625 0.10555555555555556
0 0.25820312500000003 0.58125 0.07109375 0.10694444444444445
0 0.334765625 0.5895833333333333 0.06796875000000001 0.1125
0 0.521484375 0.6048611111111112 0.06796875000000001 0.10694444444444445
0 0.6484375 0.7444444444444445 0.059375000000000004 0.15
1 0.46328125000000003 0.1638888888888889 0.026562500000000003 0.03888888888888889
1 0.4375 0.1875 0.025 0.04722222222222222
0 0.216796875 0.50625 0.04453125 0.08750000000000001
0 0.56796875 0.545138888888889 0.06406250000000001 0.07361111111111111
0 0.448046875 0.5611111111111111 0.06796875000000001 0.08333333333333334
0 0.7410156250000001 0.5673611111111111 0.05078125 0.09583333333333334
0 0.6566406250000001 0.6020833333333333 0.07109375 0.0763888888888889
