3 0.450781 0.258333 0.050000 0.130556
1 0.339844 0.347222 0.067187 0.100000
4 0.250781 0.393056 0.059375 0.127778
1 0.397656 0.408333 0.070312 0.119444
0 0.912891 0.597222 0.049219 0.136111
0 0.098437 0.631250 0.053125 0.156944
3 0.535937 0.251389 0.051562 0.122222
0 0.334375 0.262500 0.018750 0.055556
0 0.654687 0.263889 0.017188 0.075000
1 0.616797 0.286806 0.049219 0.076389
0 0.281250 0.314583 0.021875 0.068056
0 0.707812 0.336111 0.021875 0.075000
0 0.752734 0.380556 0.027344 0.080556
