1 0.323828125 0.3763888888888889 0.10234375000000001 0.13333333333333333
0 0.326953125 0.5972222222222222 0.05078125 0.18333333333333335
0 0.10039062500000001 0.7368055555555556 0.04296875 0.16805555555555557
1 0.829296875 0.8138888888888889 0.19921875 0.28611111111111115
1 0.225 0.23680555555555557 0.078125 0.07083333333333333
0 0.146875 0.2881944444444445 0.0203125 0.051388888888888894
1 0.841796875 0.3402777777777778 0.07109375 0.06944444444444445
0 0.788671875 0.39861111111111114 0.03359375 0.06944444444444445
0 0.737890625 0.4375 0.02890625 0.09722222222222222
0 0.22734375 0.4513888888888889 0.035937500000000004 0.12222222222222223
0 0.7507812500000001 0.5798611111111112 0.035937500000000004 0.10972222222222222
