3 0.22578125000000002 0.4652777777777778 0.109375 0.11666666666666667
1 0.5359375000000001 0.5444444444444445 0.06875 0.11111111111111112
1 0.354296875 0.6736111111111112 0.14296875 0.11388888888888889
0 0.7937500000000001 0.7486111111111111 0.040625 0.14444444444444446
1 0.377734375 0.7840277777777778 0.15390625000000002 0.15416666666666667
0 0.8546875 0.8395833333333333 0.046875 0.16805555555555557
0 0.6859375000000001 0.8965277777777778 0.05 0.17083333333333334
1 0.67890625 0.42430555555555555 0.037500000000000006 0.05694444444444444
0 0.81796875 0.5638888888888889 0.0234375 0.07777777777777778
0 0.790234375 0.5909722222222222 0.02890625 0.09583333333333334
0 0.856640625 0.5875 0.025781250000000002 0.09444444444444444
0 0.7464843750000001 0.6069444444444445 0.02421875 0.08888888888888889
0 0.6734375 0.6854166666666667 0.034375 0.10972222222222222
0 0.704296875 0.7069444444444445 0.03515625 0.11666666666666667
0 0.751171875 0.7125 0.03359375 0.12222222222222223
