0 0.28046875 0.4 0.07187500000000001 0.1638888888888889
0 0.428515625 0.7729166666666667 0.09609375 0.27361111111111114
0 0.6453125000000001 0.15694444444444444 0.0125 0.036111111111111115
0 0.17890625000000002 0.17708333333333334 0.028125 0.0763888888888889
0 0.6644531250000001 0.1840277777777778 0.013281250000000001 0.04027777777777778
0 0.5421875 0.20555555555555557 0.0203125 0.05277777777777778
0 0.68359375 0.21319444444444446 0.0140625 0.04027777777777778
0 0.675390625 0.24027777777777778 0.014843750000000001 0.05
0 0.6472656250000001 0.26180555555555557 0.02109375 0.06805555555555556
0 0.521484375 0.3090277777777778 0.02734375 0.08750000000000001
0 0.624609375 0.3138888888888889 0.02109375 0.08055555555555556
0 0.483203125 0.375 0.03515625 0.10555555555555556
