0 0.35468750000000004 0.36041666666666666 0.05625 0.12083333333333333
0 0.49726562500000004 0.5069444444444444 0.05234375 0.1527777777777778
0 0.607421875 0.18819444444444444 0.01640625 0.051388888888888894
0 0.661328125 0.19444444444444445 0.013281250000000001 0.03888888888888889
0 0.6859375000000001 0.21666666666666667 0.015625 0.04722222222222222
0 0.51171875 0.24444444444444446 0.0203125 0.05555555555555556
0 0.40546875000000004 0.2590277777777778 0.03125 0.08194444444444444
0 0.47421875 0.3013888888888889 0.037500000000000006 0.08611111111111111
0 0.42031250000000003 0.3125 0.035937500000000004 0.07777777777777778
0 0.5390625 0.32916666666666666 0.026562500000000003 0.07777777777777778
0 0.603125 0.38680555555555557 0.03125 0.11805555555555557
