1 0.353515625 0.24375000000000002 0.02890625 0.04027777777777778
0 0.5453125 0.24444444444444446 0.0140625 0.03888888888888889
0 0.560546875 0.2423611111111111 0.013281250000000001 0.043055555555555555
1 0.47382812500000004 0.29375 0.04453125 0.09583333333333334
0 0.23593750000000002 0.37986111111111115 0.018750000000000003 0.06805555555555556
1 0.35781250000000003 0.39513888888888893 0.05 0.10138888888888889
0 0.626953125 0.4076388888888889 0.022656250000000003 0.08472222222222223
0 0.67890625 0.4326388888888889 0.025 0.08750000000000001
0 0.155078125 0.45625000000000004 0.017968750000000002 0.07083333333333333
1 0.26992187500000003 0.4673611111111111 0.055468750000000004 0.09583333333333334
0 0.6937500000000001 0.5305555555555556 0.028125 0.10277777777777779
