0 0.2703125 0.7958333333333334 0.0484375 0.14722222222222223
0 0.311328125 0.9069444444444444 0.06640625 0.16666666666666669
1 0.6960937500000001 0.3111111111111111 0.03125 0.05
3 0.62109375 0.3277777777777778 0.043750000000000004 0.08055555555555556
0 0.7527343750000001 0.35833333333333334 0.01640625 0.04722222222222222
0 0.775390625 0.3611111111111111 0.017968750000000002 0.04722222222222222
0 0.83515625 0.3715277777777778 0.0171875 0.04861111111111111
1 0.6238281250000001 0.4048611111111111 0.041406250000000006 0.05416666666666667
0 0.81640625 0.41458333333333336 0.0171875 0.05694444444444444
0 0.7125 0.4277777777777778 0.0171875 0.05277777777777778
0 0.84375 0.42708333333333337 0.018750000000000003 0.059722222222222225
0 0.684765625 0.4444444444444445 0.017968750000000002 0.05555555555555556
0 0.8699218750000001 0.45416666666666666 0.02109375 0.075
0 0.73828125 0.4618055555555556 0.0171875 0.05416666666666667
0 0.7816406250000001 0.4916666666666667 0.01953125 0.06666666666666667
0 0.8562500000000001 0.5263888888888889 0.0234375 0.07777777777777778
0 0.65 0.5458333333333334 0.029687500000000002 0.08333333333333334
0 0.693359375 0.5402777777777777 0.02421875 0.08333333333333334
0 0.58515625 0.5618055555555556 0.025 0.08472222222222223
0 0.8871093750000001 0.5666666666666667 0.030468750000000003 0.09444444444444444
0 0.507421875 0.6166666666666667 0.030468750000000003 0.09722222222222222
