1 0.283984375 0.35694444444444445 0.08359375000000001 0.09722222222222222
1 0.531640625 0.45555555555555555 0.14296875 0.13611111111111113
0 0.255078125 0.5652777777777778 0.04609375 0.16111111111111112
0 0.244140625 0.78125 0.05859375 0.2013888888888889
0 0.103515625 0.275 0.01953125 0.044444444444444446
0 0.213671875 0.28402777777777777 0.03359375 0.05694444444444444
1 0.365234375 0.3388888888888889 0.08671875000000001 0.08055555555555556
0 0.126953125 0.35555555555555557 0.01953125 0.07222222222222223
0 0.739453125 0.4166666666666667 0.03359375 0.08611111111111111
0 0.195703125 0.42708333333333337 0.032031250000000004 0.10416666666666667
0 0.237109375 0.425 0.032031250000000004 0.09722222222222222
0 0.819921875 0.42638888888888893 0.03828125 0.07777777777777778
0 0.126953125 0.5090277777777777 0.030468750000000003 0.10972222222222222
