1 0.7839843750000001 0.7798611111111111 0.23828125 0.2902777777777778
1 0.34296875000000004 0.3375 0.0921875 0.11111111111111112
1 0.158203125 0.49236111111111114 0.10390625 0.1375
1 0.7058593750000001 0.5152777777777778 0.09609375 0.21666666666666667
0 0.32539062500000004 0.5395833333333333 0.04609375 0.1513888888888889
0 0.3640625 0.7048611111111112 0.060937500000000006 0.2013888888888889
0 0.59609375 0.8131944444444444 0.0921875 0.19861111111111113
1 0.156640625 0.20416666666666666 0.03515625 0.058333333333333334
1 0.199609375 0.2888888888888889 0.04296875 0.075
0 0.17343750000000002 0.3284722222222222 0.021875000000000002 0.08750000000000001
0 0.21601562500000002 0.4291666666666667 0.02734375 0.10277777777777779
0 0.8308593750000001 0.4305555555555556 0.02890625 0.07777777777777778
