1 0.237109375 0.40972222222222227 0.08984375 0.14166666666666666
1 0.39179687500000004 0.46458333333333335 0.11640625 0.13472222222222222
1 0.56171875 0.5090277777777777 0.15000000000000002 0.1763888888888889
1 0.366796875 0.5847222222222223 0.17109375000000002 0.28055555555555556
0 0.237109375 0.6736111111111112 0.047656250000000004 0.16666666666666669
0 0.34882812500000004 0.7520833333333333 0.07109375 0.17916666666666667
0 0.166015625 0.22569444444444445 0.01640625 0.043055555555555555
0 0.197265625 0.23125 0.01953125 0.04027777777777778
0 0.303515625 0.23750000000000002 0.025781250000000002 0.058333333333333334
0 0.12812500000000002 0.3479166666666667 0.021875000000000002 0.07916666666666666
0 0.1703125 0.34652777777777777 0.0234375 0.08750000000000001
0 0.1640625 0.43472222222222223 0.03125 0.11111111111111112
0 0.638671875 0.43125 0.039843750000000004 0.10416666666666667
0 0.723828125 0.45555555555555555 0.03515625 0.11944444444444445
