3 0.736328125 0.46944444444444444 0.07109375 0.18333333333333335
3 0.610546875 0.5423611111111112 0.18828125 0.2902777777777778
0 0.7734375 0.7180555555555556 0.046875 0.1388888888888889
0 0.6785156250000001 0.7986111111111112 0.06015625 0.17500000000000002
0 0.8515625 0.47361111111111115 0.0171875 0.07222222222222223
0 0.8171875000000001 0.5270833333333333 0.0234375 0.08194444444444444
0 0.7957031250000001 0.5638888888888889 0.025781250000000002 0.09444444444444444
0 0.8914062500000001 0.5673611111111111 0.021875000000000002 0.08472222222222223
0 0.7546875000000001 0.5833333333333334 0.026562500000000003 0.09722222222222222
0 0.91328125 0.58125 0.026562500000000003 0.09027777777777778
