1 0.527734375 0.5298611111111111 0.06953125 0.09861111111111112
1 0.6316406250000001 0.6861111111111111 0.09765625 0.1388888888888889
1 0.43398437500000003 0.788888888888889 0.16328125000000002 0.20277777777777778
0 0.7093750000000001 0.8131944444444444 0.043750000000000004 0.15416666666666667
1 0.6375000000000001 0.3611111111111111 0.034375 0.05277777777777778
0 0.6683593750000001 0.3763888888888889 0.014843750000000001 0.04166666666666667
0 0.6824218750000001 0.37986111111111115 0.01640625 0.043055555555555555
0 0.714453125 0.40347222222222223 0.022656250000000003 0.043055555555555555
1 0.244921875 0.4743055555555556 0.07109375 0.07361111111111111
0 0.7464843750000001 0.6673611111111112 0.03671875 0.12916666666666668
