1 0.7117187500000001 0.4076388888888889 0.1234375 0.10694444444444445
1 0.626953125 0.4708333333333333 0.07421875 0.13611111111111113
0 0.24726562500000002 0.6 0.041406250000000006 0.17777777777777778
0 0.47500000000000003 0.7458333333333333 0.07968750000000001 0.2
0 0.12890625 0.2520833333333333 0.0171875 0.043055555555555555
0 0.32851562500000003 0.25625000000000003 0.03671875 0.05416666666666667
0 0.09648437500000001 0.28194444444444444 0.017968750000000002 0.06944444444444445
0 0.18515625000000002 0.3041666666666667 0.0234375 0.07222222222222223
0 0.142578125 0.33055555555555555 0.022656250000000003 0.06666666666666667
1 0.260546875 0.32916666666666666 0.06796875000000001 0.08611111111111111
0 0.158984375 0.39305555555555555 0.04296875 0.08055555555555556
