1 0.7058593750000001 0.7895833333333334 0.26171875 0.3041666666666667
1 0.246875 0.3090277777777778 0.06875 0.10138888888888889
1 0.375 0.3548611111111111 0.08750000000000001 0.10138888888888889
1 0.37812500000000004 0.5048611111111111 0.1265625 0.17916666666666667
0 0.75546875 0.59375 0.0484375 0.17083333333333334
0 0.32851562500000003 0.6472222222222223 0.057031250000000006 0.17777777777777778
1 0.18984375 0.2263888888888889 0.0390625 0.058333333333333334
0 0.10390625 0.2826388888888889 0.015625 0.059722222222222225
0 0.15390625000000002 0.34861111111111115 0.021875000000000002 0.075
0 0.205859375 0.40625 0.025781250000000002 0.10138888888888889
0 0.538671875 0.4138888888888889 0.02890625 0.10833333333333334
0 0.11640625 0.49236111111111114 0.037500000000000006 0.11805555555555557
0 0.71875 0.5125000000000001 0.03125 0.11944444444444445
