1 0.3296875 0.5715277777777777 0.1046875 0.10694444444444445
0 0.2765625 0.8 0.0625 0.13055555555555556
0 0.471484375 0.8680555555555556 0.049218750000000006 0.16666666666666669
0 0.19609375 0.8972222222222223 0.0671875 0.1638888888888889
0 0.26992187500000003 0.9152777777777779 0.06796875000000001 0.15555555555555556
1 0.6625000000000001 0.2798611111111111 0.021875000000000002 0.029166666666666667
1 0.70234375 0.3215277777777778 0.028125 0.04027777777777778
1 0.662109375 0.32708333333333334 0.02890625 0.034722222222222224
1 0.6859375000000001 0.35625 0.021875000000000002 0.04583333333333334
1 0.587109375 0.3729166666666667 0.039843750000000004 0.043055555555555555
1 0.642578125 0.37569444444444444 0.03359375 0.051388888888888894
1 0.574609375 0.4076388888888889 0.04609375 0.06527777777777778
0 0.851171875 0.40902777777777777 0.017968750000000002 0.05416666666666667
1 0.521875 0.4361111111111111 0.05 0.061111111111111116
0 0.7761718750000001 0.4326388888888889 0.01640625 0.059722222222222225
0 0.8714843750000001 0.45555555555555555 0.02109375 0.05277777777777778
1 0.7171875000000001 0.47500000000000003 0.05 0.06944444444444445
1 0.638671875 0.5069444444444444 0.04609375 0.06666666666666667
0 0.837890625 0.5097222222222222 0.02109375 0.06944444444444445
0 0.703125 0.5347222222222222 0.021875000000000002 0.06944444444444445
0 0.753125 0.5395833333333333 0.0234375 0.06527777777777778
0 0.6484375 0.5576388888888889 0.0234375 0.07361111111111111
0 0.7992187500000001 0.5840277777777778 0.0234375 0.07916666666666666
0 0.566015625 0.6062500000000001 0.025781250000000002 0.09305555555555556
0 0.6984375 0.6166666666666667 0.029687500000000002 0.09444444444444444
0 0.7578125 0.6222222222222222 0.026562500000000003 0.09166666666666667
0 0.7515625 0.7388888888888889 0.03125 0.11944444444444445
