3 0.8777343750000001 0.32083333333333336 0.22109375 0.22777777777777777
3 0.49335937500000004 0.3902777777777778 0.08828125 0.20833333333333334
1 0.2171875 0.5430555555555556 0.0859375 0.12222222222222223
2 0.6253906250000001 0.5416666666666667 0.11640625 0.2138888888888889
0 0.7761718750000001 0.6868055555555556 0.05078125 0.13194444444444445
3 0.9632812500000001 0.6583333333333333 0.0765625 0.3611111111111111
0 0.25390625 0.3416666666666667 0.018750000000000003 0.058333333333333334
0 0.17343750000000002 0.4291666666666667 0.018750000000000003 0.06666666666666667
0 0.69296875 0.42638888888888893 0.025 0.08888888888888889
0 0.66953125 0.4430555555555556 0.025 0.08611111111111111
0 0.8078125 0.5291666666666667 0.037500000000000006 0.10555555555555556
