3 0.4453125 0.24930555555555556 0.0421875 0.10694444444444445
2 0.27773437500000003 0.35694444444444445 0.12890625 0.14166666666666666
3 0.688671875 0.40902777777777777 0.05078125 0.12916666666666668
0 0.81640625 0.5541666666666667 0.043750000000000004 0.13611111111111113
1 0.251171875 0.6034722222222223 0.16171875000000002 0.19305555555555556
1 0.463671875 0.7416666666666667 0.09921875000000001 0.28055555555555556
1 0.563671875 0.36944444444444446 0.057031250000000006 0.08333333333333334
0 0.6156250000000001 0.4041666666666667 0.018750000000000003 0.07222222222222223
0 0.7367187500000001 0.4375 0.0234375 0.08333333333333334
0 0.20468750000000002 0.48055555555555557 0.025 0.08611111111111111
0 0.323828125 0.4847222222222222 0.02890625 0.08888888888888889
0 0.36328125 0.5263888888888889 0.028125 0.11388888888888889
0 0.44453125000000004 0.5236111111111111 0.0328125 0.11388888888888889
0 0.753125 0.5402777777777777 0.037500000000000006 0.11388888888888889
0 0.416796875 0.5652777777777778 0.032031250000000004 0.11666666666666667
0 0.39140625 0.6465277777777778 0.0328125 0.14027777777777778
