1 0.28750000000000003 0.35000000000000003 0.0765625 0.10277777777777779
1 0.703125 0.4354166666666667 0.12187500000000001 0.14305555555555557
0 0.31484375000000003 0.6326388888888889 0.051562500000000004 0.19305555555555556
0 0.295703125 0.7875 0.05859375 0.22222222222222224
1 0.1765625 0.25069444444444444 0.043750000000000004 0.06527777777777778
0 0.34609375000000003 0.2611111111111111 0.034375 0.058333333333333334
1 0.580078125 0.2569444444444445 0.049218750000000006 0.05555555555555556
0 0.123046875 0.3041666666666667 0.017968750000000002 0.06944444444444445
0 0.17304687500000002 0.3368055555555556 0.02421875 0.0763888888888889
0 0.22382812500000002 0.35000000000000003 0.025781250000000002 0.08333333333333334
0 0.6546875000000001 0.39861111111111114 0.0328125 0.09166666666666667
