3 0.44765625000000003 0.24861111111111112 0.0484375 0.13055555555555556
1 0.29296875 0.41805555555555557 0.1328125 0.10555555555555556
1 0.3765625 0.50625 0.13593750000000002 0.10138888888888889
1 0.7117187500000001 0.5104166666666667 0.1546875 0.1125
0 0.31640625 0.6013888888888889 0.07968750000000001 0.11666666666666667
0 0.3171875 0.29583333333333334 0.015625 0.058333333333333334
0 0.6238281250000001 0.2902777777777778 0.01640625 0.05
0 0.606640625 0.31666666666666665 0.01953125 0.06666666666666667
1 0.49375 0.3597222222222222 0.09062500000000001 0.08888888888888889
0 0.36796875 0.3701388888888889 0.03125 0.06805555555555556
