1 0.380859375 0.5986111111111111 0.09140625000000001 0.1
1 0.23789062500000002 0.6347222222222223 0.12734375 0.11388888888888889
0 0.223046875 0.7937500000000001 0.04609375 0.13472222222222222
0 0.262890625 0.8381944444444445 0.049218750000000006 0.1486111111111111
0 0.3640625 0.8194444444444445 0.051562500000000004 0.1527777777777778
0 0.45820312500000004 0.8229166666666667 0.049218750000000006 0.15972222222222224
0 0.6097656250000001 0.8298611111111112 0.041406250000000006 0.15972222222222224
0 0.958203125 0.8777777777777778 0.05390625 0.18333333333333335
0 0.20234375000000002 0.9104166666666667 0.053125000000000006 0.1486111111111111
0 0.68359375 0.8930555555555556 0.0421875 0.17777777777777778
0 0.552734375 0.9479166666666667 0.06640625 0.10416666666666667
1 0.6578125 0.3458333333333333 0.0328125 0.03888888888888889
0 0.753125 0.3729166666666667 0.0171875 0.04583333333333334
1 0.58359375 0.38472222222222224 0.035937500000000004 0.044444444444444446
1 0.6351562500000001 0.38472222222222224 0.034375 0.05
0 0.7359375 0.4104166666666667 0.018750000000000003 0.04861111111111111
0 0.7957031250000001 0.4083333333333333 0.017968750000000002 0.05
1 0.50546875 0.4444444444444445 0.046875 0.05277777777777778
0 0.778515625 0.45416666666666666 0.01953125 0.07222222222222223
0 0.8289062500000001 0.45208333333333334 0.018750000000000003 0.05416666666666667
0 0.705078125 0.47500000000000003 0.01953125 0.075
1 0.525 0.4951388888888889 0.07187500000000001 0.07916666666666666
0 0.74765625 0.4826388888888889 0.018750000000000003 0.0763888888888889
0 0.66953125 0.5069444444444444 0.0203125 0.07777777777777778
0 0.837890625 0.5104166666666667 0.02109375 0.07361111111111111
0 0.8113281250000001 0.5236111111111111 0.01953125 0.07222222222222223
0 0.727734375 0.5409722222222222 0.02109375 0.08472222222222223
0 0.860546875 0.5888888888888889 0.03671875 0.08611111111111111
0 0.483203125 0.6180555555555556 0.02890625 0.09444444444444444
0 0.50703125 0.6423611111111112 0.0328125 0.09861111111111112
0 0.616796875 0.7069444444444445 0.03515625 0.1
