0 0.276953125 0.5166666666666667 0.04296875 0.13055555555555556
0 0.17578125 0.5645833333333333 0.053125000000000006 0.12361111111111112
0 0.24765625000000002 0.5604166666666667 0.045312500000000006 0.12638888888888888
0 0.203125 0.6423611111111112 0.0546875 0.12361111111111112
3 0.45156250000000003 0.6256944444444444 0.1171875 0.4291666666666667
0 0.72578125 0.6354166666666667 0.053125000000000006 0.12916666666666668
0 0.0921875 0.6708333333333334 0.05 0.14722222222222223
0 0.02109375 0.7534722222222222 0.043750000000000004 0.15972222222222224
0 0.931640625 0.7923611111111112 0.08671875000000001 0.1486111111111111
1 0.37226562500000004 0.2798611111111111 0.03828125 0.07361111111111111
0 0.311328125 0.42291666666666666 0.030468750000000003 0.10694444444444445
0 0.35625 0.42708333333333337 0.025 0.10694444444444445
0 0.261328125 0.44236111111111115 0.032031250000000004 0.10138888888888889
0 0.388671875 0.4451388888888889 0.02734375 0.10416666666666667
0 0.1390625 0.48541666666666666 0.0421875 0.08750000000000001
0 0.7140625 0.5333333333333333 0.03125 0.10277777777777779
0 0.790625 0.5833333333333334 0.037500000000000006 0.10555555555555556
