3 0.775781 0.796528 0.420312 0.406944
1 0.387500 0.543056 0.095312 0.169444
0 0.169531 0.706250 0.056250 0.181944
3 0.471094 0.191667 0.042188 0.100000
0 0.412891 0.225000 0.011719 0.044444
0 0.626172 0.259722 0.016406 0.055556
0 0.374609 0.281944 0.016406 0.058333
0 0.401562 0.278472 0.017188 0.059722
0 0.427344 0.277778 0.015625 0.055556
0 0.305078 0.343056 0.021094 0.075000
0 0.356641 0.330556 0.019531 0.077778
0 0.206250 0.459028 0.031250 0.112500
0 0.775000 0.457639 0.035937 0.093056
0 0.276562 0.499306 0.029687 0.112500
