1 0.8226562500000001 0.5659722222222222 0.1375 0.09583333333333334
1 0.77890625 0.6062500000000001 0.171875 0.1125
0 0.57421875 0.7895833333333334 0.037500000000000006 0.15694444444444444
0 0.36757812500000003 0.8368055555555556 0.05859375 0.1513888888888889
0 0.770703125 0.8625 0.041406250000000006 0.16666666666666669
1 0.033203125 0.9027777777777778 0.06484375 0.16111111111111112
0 0.611328125 0.8979166666666667 0.04453125 0.1736111111111111
1 0.6984375 0.30833333333333335 0.025 0.02777777777777778
2 0.6042968750000001 0.3402777777777778 0.05078125 0.08333333333333334
0 0.814453125 0.3729166666666667 0.014843750000000001 0.043055555555555555
0 0.8597656250000001 0.3784722222222222 0.01640625 0.043055555555555555
1 0.558984375 0.40347222222222223 0.03828125 0.0625
0 0.829296875 0.4152777777777778 0.01640625 0.04722222222222222
1 0.59375 0.42708333333333337 0.0421875 0.05694444444444444
0 0.798828125 0.43125 0.017968750000000002 0.04583333333333334
0 0.68671875 0.4534722222222222 0.0171875 0.059722222222222225
1 0.48671875000000003 0.4604166666666667 0.0625 0.06527777777777778
0 0.7671875 0.46805555555555556 0.0203125 0.05277777777777778
0 0.6390625000000001 0.49375 0.0171875 0.07361111111111111
0 0.859375 0.49375 0.0234375 0.0625
1 0.499609375 0.5201388888888889 0.06640625 0.07361111111111111
0 0.609375 0.5201388888888889 0.021875000000000002 0.0763888888888889
0 0.73203125 0.5215277777777778 0.021875000000000002 0.06527777777777778
0 0.66953125 0.5402777777777777 0.0234375 0.08055555555555556
1 0.337890625 0.5645833333333333 0.08984375 0.08750000000000001
0 0.508203125 0.6868055555555556 0.03359375 0.10694444444444445
0 0.6589843750000001 0.6729166666666667 0.03359375 0.10416666666666667
0 0.6019531250000001 0.6951388888888889 0.032031250000000004 0.10972222222222222
0 0.553125 0.7173611111111111 0.03125 0.13472222222222222
0 0.494921875 0.7423611111111111 0.030468750000000003 0.11805555555555557
0 0.6253906250000001 0.7965277777777778 0.03828125 0.12638888888888888
