2 0.646484375 0.7333333333333334 0.16328125000000002 0.36388888888888893
0 0.5796875 0.20555555555555557 0.009375000000000001 0.03888888888888889
1 0.41875 0.22430555555555556 0.026562500000000003 0.0625
0 0.6238281250000001 0.29930555555555555 0.01953125 0.04583333333333334
0 0.5609375 0.33472222222222225 0.018750000000000003 0.06944444444444445
0 0.633984375 0.3541666666666667 0.02109375 0.06944444444444445
0 0.452734375 0.3805555555555556 0.022656250000000003 0.09166666666666667
0 0.31367187500000004 0.3861111111111111 0.022656250000000003 0.075
0 0.58984375 0.39166666666666666 0.025 0.08333333333333334
0 0.41445312500000003 0.4131944444444445 0.022656250000000003 0.09583333333333334
0 0.48281250000000003 0.40694444444444444 0.0328125 0.09166666666666667
0 0.6605468750000001 0.4340277777777778 0.02734375 0.09861111111111112
0 0.24140625000000002 0.4534722222222222 0.028125 0.09027777777777778
0 0.27890625 0.4534722222222222 0.028125 0.09583333333333334
0 0.346484375 0.46319444444444446 0.030468750000000003 0.10138888888888889
0 0.7371093750000001 0.48125 0.03515625 0.09027777777777778
0 0.6890625 0.5041666666666667 0.0328125 0.10277777777777779
0 0.8949218750000001 0.5131944444444445 0.041406250000000006 0.1125
0 0.2265625 0.5416666666666667 0.029687500000000002 0.12222222222222223
0 0.26601562500000003 0.5590277777777778 0.030468750000000003 0.13194444444444445
0 0.7445312500000001 0.5972222222222222 0.040625 0.11111111111111112
