0 0.27578125000000003 0.45416666666666666 0.06875 0.20555555555555557
0 0.39375000000000004 0.4388888888888889 0.053125000000000006 0.12222222222222223
0 0.067578125 0.61875 0.10546875 0.22916666666666669
0 0.5328125 0.20277777777777778 0.018750000000000003 0.05555555555555556
0 0.562109375 0.21875 0.01953125 0.05416666666666667
0 0.6781250000000001 0.22291666666666668 0.015625 0.04583333333333334
0 0.5890625 0.23125 0.0203125 0.05416666666666667
0 0.6484375 0.2451388888888889 0.0171875 0.05416666666666667
0 0.615234375 0.2548611111111111 0.02109375 0.051388888888888894
0 0.6625000000000001 0.28958333333333336 0.0203125 0.06805555555555556
0 0.6234375000000001 0.3298611111111111 0.028125 0.08194444444444444
0 0.5875 0.4305555555555556 0.037500000000000006 0.11666666666666667
