3 0.512890625 0.3104166666666667 0.12578125 0.10416666666666667
0 0.20273437500000002 0.6208333333333333 0.05078125 0.11944444444444445
1 0.34296875000000004 0.61875 0.16562500000000002 0.2013888888888889
0 0.787109375 0.6854166666666667 0.047656250000000004 0.1486111111111111
0 0.551171875 0.7833333333333333 0.05078125 0.20833333333333334
0 0.280078125 0.8138888888888889 0.06171875 0.16111111111111112
0 0.1296875 0.8506944444444445 0.05 0.1875
0 0.642578125 0.32916666666666666 0.01640625 0.058333333333333334
0 0.4234375 0.4152777777777778 0.028125 0.09722222222222222
0 0.6664062500000001 0.41805555555555557 0.0234375 0.09166666666666667
0 0.7140625 0.4340277777777778 0.028125 0.09027777777777778
0 0.860546875 0.425 0.03671875 0.08888888888888889
0 0.763671875 0.46944444444444444 0.02890625 0.09166666666666667
0 0.39687500000000003 0.48194444444444445 0.026562500000000003 0.10277777777777779
0 0.62109375 0.49375 0.040625 0.11805555555555557
0 0.676953125 0.49236111111111114 0.030468750000000003 0.10694444444444445
0 0.7308593750000001 0.5111111111111112 0.032031250000000004 0.10555555555555556
0 0.7839843750000001 0.5395833333333333 0.039843750000000004 0.10972222222222222
