1 0.79296875 0.5631944444444444 0.096875 0.09583333333333334
1 0.517578125 0.607638888888889 0.07109375 0.10138888888888889
1 0.342578125 0.6270833333333333 0.11328125 0.11527777777777778
0 0.44179687500000003 0.8006944444444445 0.047656250000000004 0.14305555555555557
1 0.1765625 0.8402777777777778 0.19375 0.19722222222222224
1 0.637890625 0.2986111111111111 0.02890625 0.03333333333333333
1 0.61640625 0.3423611111111111 0.028125 0.0375
0 0.7914062500000001 0.3340277777777778 0.0171875 0.034722222222222224
0 0.7621093750000001 0.3576388888888889 0.014843750000000001 0.0375
1 0.6527343750000001 0.3770833333333333 0.03515625 0.04583333333333334
1 0.6171875 0.41250000000000003 0.0390625 0.05277777777777778
0 0.7449218750000001 0.4104166666666667 0.017968750000000002 0.04027777777777778
0 0.78046875 0.40972222222222227 0.018750000000000003 0.044444444444444446
1 0.529296875 0.43194444444444446 0.04609375 0.061111111111111116
0 0.8109375000000001 0.42638888888888893 0.0171875 0.05277777777777778
0 0.6492187500000001 0.4479166666666667 0.025 0.04027777777777778
0 0.8753906250000001 0.4451388888888889 0.02109375 0.051388888888888894
0 0.6976562500000001 0.4604166666666667 0.0203125 0.043055555555555555
1 0.404296875 0.5215277777777778 0.06796875000000001 0.07361111111111111
0 0.60859375 0.5291666666666667 0.021875000000000002 0.075
0 0.8367187500000001 0.525 0.026562500000000003 0.061111111111111116
0 0.6410156250000001 0.55 0.022656250000000003 0.075
0 0.6796875 0.5493055555555556 0.0234375 0.07083333333333333
0 0.8660156250000001 0.5597222222222222 0.025781250000000002 0.06944444444444445
0 0.623046875 0.607638888888889 0.025781250000000002 0.08750000000000001
0 0.703125 0.5986111111111111 0.028125 0.08055555555555556
0 0.821875 0.6097222222222223 0.0234375 0.08333333333333334
0 0.784375 0.6277777777777778 0.0234375 0.09722222222222222
0 0.7234375000000001 0.6354166666666667 0.021875000000000002 0.09027777777777778
0 0.7699218750000001 0.6611111111111111 0.02109375 0.10833333333333334
0 0.849609375 0.6736111111111112 0.03359375 0.1
0 0.59921875 0.7020833333333334 0.03125 0.11805555555555557
0 0.6449218750000001 0.6986111111111112 0.02890625 0.10277777777777779
0 0.7039062500000001 0.6958333333333334 0.026562500000000003 0.1
0 0.7464843750000001 0.7000000000000001 0.02734375 0.10277777777777779
