1 0.5398437500000001 0.8083333333333333 0.1421875 0.16944444444444445
0 0.74609375 0.8354166666666667 0.043750000000000004 0.15694444444444444
1 0.55859375 0.3805555555555556 0.035937500000000004 0.04722222222222222
1 0.291796875 0.4666666666666667 0.06796875000000001 0.07222222222222223
1 0.158203125 0.4902777777777778 0.07265625 0.06944444444444445
0 0.649609375 0.5805555555555556 0.02890625 0.08055555555555556
0 0.5476562500000001 0.6222222222222222 0.03125 0.09722222222222222
0 0.7347656250000001 0.6465277777777778 0.032031250000000004 0.11527777777777778
0 0.64609375 0.6604166666666667 0.03125 0.10416666666666667
0 0.688671875 0.7312500000000001 0.030468750000000003 0.13194444444444445
