3 0.77890625 0.6805555555555556 0.4546875 0.5833333333333334
3 0.3671875 0.2743055555555556 0.0625 0.1125
1 0.46328125000000003 0.701388888888889 0.1453125 0.21944444444444444
1 0.274609375 0.7444444444444445 0.17890625000000002 0.2777777777777778
3 0.32070312500000003 0.2833333333333333 0.041406250000000006 0.09444444444444444
0 0.636328125 0.32916666666666666 0.02109375 0.05277777777777778
1 0.52890625 0.3458333333333333 0.05 0.08055555555555556
0 0.260546875 0.37083333333333335 0.01640625 0.05555555555555556
1 0.6042968750000001 0.3944444444444445 0.06640625 0.07222222222222223
0 0.20273437500000002 0.4215277777777778 0.02109375 0.0763888888888889
0 0.16640625 0.48125 0.028125 0.07916666666666666
0 0.42890625000000004 0.5618055555555556 0.034375 0.08750000000000001
0 0.026562500000000003 0.6861111111111111 0.0484375 0.10277777777777779
