4 0.659765625 0.5777777777777778 0.05078125 0.11388888888888889
1 0.743359375 0.5861111111111111 0.06484375 0.1
1 0.5789062500000001 0.6951388888888889 0.08750000000000001 0.12916666666666668
1 0.71875 0.70625 0.078125 0.1125
0 0.3609375 0.8145833333333333 0.046875 0.1375
0 0.46406250000000004 0.8284722222222223 0.051562500000000004 0.14583333333333334
0 0.32421875 0.9083333333333333 0.0671875 0.15833333333333333
1 0.7507812500000001 0.9104166666666667 0.15156250000000002 0.18194444444444446
1 0.6578125 0.34097222222222223 0.026562500000000003 0.0375
1 0.612890625 0.3493055555555556 0.032031250000000004 0.034722222222222224
1 0.70234375 0.3576388888888889 0.03125 0.0375
1 0.61328125 0.39861111111111114 0.040625 0.061111111111111116
1 0.69453125 0.39513888888888893 0.040625 0.0625
0 0.8207031250000001 0.3909722222222222 0.017968750000000002 0.051388888888888894
0 0.75703125 0.43194444444444446 0.0171875 0.05555555555555556
1 0.5609375 0.4618055555555556 0.051562500000000004 0.07083333333333333
1 0.6328125 0.4673611111111111 0.0484375 0.07361111111111111
0 0.8203125 0.46944444444444444 0.0203125 0.07777777777777778
1 0.684765625 0.4930555555555556 0.05078125 0.08333333333333334
0 0.800390625 0.5048611111111111 0.01953125 0.0763888888888889
0 0.8792968750000001 0.513888888888889 0.02109375 0.08055555555555556
0 0.76875 0.5284722222222222 0.021875000000000002 0.06805555555555556
0 0.630078125 0.5583333333333333 0.022656250000000003 0.08333333333333334
0 0.8484375000000001 0.5625 0.021875000000000002 0.08333333333333334
0 0.5300781250000001 0.5847222222222223 0.022656250000000003 0.08888888888888889
0 0.452734375 0.61875 0.02734375 0.09861111111111112
0 0.47265625 0.6472222222222223 0.026562500000000003 0.1
0 0.300390625 0.6819444444444445 0.041406250000000006 0.11388888888888889
0 0.491796875 0.675 0.030468750000000003 0.10555555555555556
0 0.56015625 0.795138888888889 0.040625 0.11527777777777778
0 0.6625000000000001 0.7902777777777779 0.037500000000000006 0.125
