0 0.446875 0.7368055555555556 0.0484375 0.13194444444444445
0 0.51484375 0.7854166666666667 0.040625 0.15694444444444444
0 0.13398437500000002 0.8784722222222222 0.06953125 0.16805555555555557
0 0.32851562500000003 0.851388888888889 0.057031250000000006 0.1638888888888889
0 0.64375 0.9472222222222223 0.065625 0.1
0 0.8390625 0.37083333333333335 0.015625 0.058333333333333334
0 0.810546875 0.3861111111111111 0.01640625 0.058333333333333334
1 0.6996093750000001 0.43333333333333335 0.04296875 0.06666666666666667
0 0.8542968750000001 0.42291666666666666 0.01953125 0.05416666666666667
0 0.763671875 0.46875 0.017968750000000002 0.06805555555555556
0 0.802734375 0.4715277777777778 0.01640625 0.07361111111111111
0 0.8406250000000001 0.4618055555555556 0.0171875 0.07083333333333333
0 0.6722656250000001 0.4861111111111111 0.02109375 0.07222222222222223
0 0.74140625 0.48125 0.018750000000000003 0.06527777777777778
0 0.784375 0.5416666666666667 0.0234375 0.08055555555555556
0 0.7140625 0.5652777777777778 0.025 0.08888888888888889
0 0.5496093750000001 0.6395833333333334 0.03359375 0.10694444444444445
0 0.6277343750000001 0.6770833333333334 0.032031250000000004 0.1125
0 0.7332031250000001 0.6736111111111112 0.030468750000000003 0.10555555555555556
