2 0.441015625 0.4673611111111111 0.10703125000000001 0.13194444444444445
1 0.5964843750000001 0.5625 0.07109375 0.1
1 0.265234375 0.63125 0.11328125 0.10694444444444445
0 0.26015625000000003 0.7777777777777778 0.059375000000000004 0.14444444444444446
0 0.511328125 0.7875 0.04296875 0.15
0 0.366796875 0.8319444444444445 0.047656250000000004 0.16111111111111112
0 0.4234375 0.8569444444444445 0.05 0.16111111111111112
0 0.07109375 0.888888888888889 0.06875 0.16944444444444445
0 0.826171875 0.90625 0.04296875 0.20972222222222223
1 0.594140625 0.9500000000000001 0.15390625000000002 0.10833333333333334
1 0.6734375 0.30833333333333335 0.028125 0.03333333333333333
1 0.6296875000000001 0.3284722222222222 0.028125 0.029166666666666667
1 0.5789062500000001 0.3715277777777778 0.0390625 0.05416666666666667
1 0.6578125 0.36458333333333337 0.034375 0.034722222222222224
1 0.6292968750000001 0.38680555555555557 0.03359375 0.04583333333333334
1 0.6960937500000001 0.3965277777777778 0.034375 0.04583333333333334
1 0.5546875 0.4569444444444445 0.0578125 0.07222222222222223
0 0.8519531250000001 0.44930555555555557 0.025781250000000002 0.06527777777777778
0 0.774609375 0.47500000000000003 0.01953125 0.07777777777777778
0 0.8296875 0.4902777777777778 0.0203125 0.06666666666666667
0 0.6667968750000001 0.5125000000000001 0.02109375 0.06666666666666667
0 0.7152343750000001 0.5263888888888889 0.02421875 0.07777777777777778
0 0.7503906250000001 0.5333333333333333 0.02109375 0.09166666666666667
0 0.801953125 0.5208333333333334 0.02421875 0.08055555555555556
0 0.85859375 0.5847222222222223 0.026562500000000003 0.08888888888888889
0 0.8074218750000001 0.5958333333333333 0.022656250000000003 0.09166666666666667
0 0.54921875 0.6291666666666667 0.029687500000000002 0.08888888888888889
0 0.7699218750000001 0.6194444444444445 0.02421875 0.09166666666666667
0 0.595703125 0.6472222222222223 0.030468750000000003 0.1
0 0.505859375 0.6611111111111111 0.03515625 0.10833333333333334
0 0.661328125 0.6659722222222223 0.032031250000000004 0.10972222222222222
0 0.90390625 0.6548611111111111 0.028125 0.09583333333333334
0 0.78515625 0.6763888888888889 0.026562500000000003 0.11666666666666667
0 0.69296875 0.7006944444444445 0.034375 0.11805555555555557
0 0.558203125 0.7104166666666667 0.03515625 0.10972222222222222
0 0.625 0.7590277777777779 0.037500000000000006 0.12361111111111112
