0 0.48515625 0.7006944444444445 0.0421875 0.14583333333333334
0 0.84765625 0.7131944444444445 0.053125000000000006 0.14583333333333334
0 0.3328125 0.775 0.051562500000000004 0.11666666666666667
0 0.39570312500000004 0.8527777777777779 0.06015625 0.11388888888888889
1 0.6253906250000001 0.36458333333333337 0.041406250000000006 0.04861111111111111
1 0.1265625 0.5076388888888889 0.09062500000000001 0.08750000000000001
0 0.77734375 0.5416666666666667 0.025 0.08888888888888889
0 0.5574218750000001 0.5715277777777777 0.030468750000000003 0.10416666666666667
0 0.680859375 0.5965277777777778 0.02890625 0.09861111111111112
0 0.59921875 0.61875 0.029687500000000002 0.10138888888888889
0 0.634375 0.64375 0.03125 0.11527777777777778
0 0.41835937500000003 0.6597222222222222 0.03828125 0.11111111111111112
