0 0.366015625 0.9423611111111111 0.06015625 0.11527777777777778
3 0.45625000000000004 0.20625000000000002 0.034375 0.08194444444444444
0 0.551953125 0.22569444444444445 0.01640625 0.0375
1 0.33515625000000004 0.28402777777777777 0.035937500000000004 0.059722222222222225
1 0.46875 0.2791666666666667 0.034375 0.05
0 0.60546875 0.30208333333333337 0.0203125 0.05416666666666667
0 0.92578125 0.3201388888888889 0.0421875 0.06527777777777778
0 0.20859375000000002 0.375 0.0171875 0.061111111111111116
0 0.2578125 0.3666666666666667 0.0203125 0.0638888888888889
1 0.30546875 0.3784722222222222 0.040625 0.08194444444444444
0 0.14765625000000002 0.5 0.0328125 0.08611111111111111
0 0.033984375000000004 0.6805555555555556 0.039843750000000004 0.10833333333333334
