1 0.6550781250000001 0.6013888888888889 0.07578125000000001 0.11944444444444445
1 0.451953125 0.7201388888888889 0.09765625 0.14583333333333334
0 0.663671875 0.7597222222222223 0.03671875 0.15
0 0.56171875 0.7722222222222223 0.040625 0.1527777777777778
0 0.30976562500000004 0.83125 0.06015625 0.14583333333333334
0 0.39960937500000004 0.8125 0.04453125 0.14166666666666666
0 0.6015625 0.8222222222222223 0.0390625 0.15
0 0.16640625 0.875 0.0703125 0.16944444444444445
0 0.44257812500000004 0.8729166666666667 0.049218750000000006 0.15972222222222224
0 0.31875000000000003 0.9326388888888889 0.0578125 0.13472222222222222
1 0.6179687500000001 0.33194444444444443 0.03125 0.03333333333333333
1 0.5886718750000001 0.37777777777777777 0.03515625 0.044444444444444446
1 0.6351562500000001 0.4 0.046875 0.05555555555555556
0 0.6585937500000001 0.43125 0.0171875 0.04861111111111111
1 0.508203125 0.45 0.049218750000000006 0.05555555555555556
0 0.800390625 0.4527777777777778 0.017968750000000002 0.058333333333333334
0 0.8757812500000001 0.4444444444444445 0.0203125 0.05
0 0.69921875 0.4638888888888889 0.0203125 0.0638888888888889
0 0.735546875 0.4638888888888889 0.01953125 0.05555555555555556
0 0.8167968750000001 0.4701388888888889 0.01640625 0.06527777777777778
0 0.8375 0.47222222222222227 0.018750000000000003 0.0638888888888889
0 0.76953125 0.4826388888888889 0.0203125 0.06527777777777778
1 0.569921875 0.5326388888888889 0.057031250000000006 0.07916666666666666
0 0.8617187500000001 0.5402777777777777 0.0234375 0.07777777777777778
0 0.4921875 0.5784722222222223 0.028125 0.08750000000000001
0 0.558984375 0.58125 0.025781250000000002 0.08750000000000001
0 0.784375 0.5916666666666667 0.0234375 0.08611111111111111
0 0.512890625 0.6208333333333333 0.032031250000000004 0.09444444444444444
0 0.5339843750000001 0.6444444444444445 0.039843750000000004 0.1
