0 0.178125 0.17569444444444446 0.025 0.0763888888888889
0 0.562890625 0.19583333333333333 0.02109375 0.05277777777777778
0 0.59609375 0.19861111111111113 0.018750000000000003 0.05
0 0.6175781250000001 0.19097222222222224 0.01953125 0.043055555555555555
0 0.665625 0.19444444444444445 0.015625 0.036111111111111115
0 0.683203125 0.22083333333333335 0.017968750000000002 0.05
0 0.509375 0.2763888888888889 0.026562500000000003 0.08055555555555556
0 0.6203125 0.27361111111111114 0.0234375 0.06944444444444445
0 0.246875 0.33125 0.040625 0.07916666666666666
4 0.66328125 0.37222222222222223 0.029687500000000002 0.1277777777777778
4 0.721875 0.4291666666666667 0.026562500000000003 0.1388888888888889
