2 0.601171875 0.375 0.05859375 0.1
1 0.829296875 0.5868055555555556 0.13046875 0.08750000000000001
1 0.232421875 0.638888888888889 0.12421875 0.11666666666666667
0 0.27773437500000003 0.8097222222222222 0.05234375 0.14166666666666666
0 0.21835937500000002 0.9159722222222223 0.06015625 0.16527777777777777
0 0.5339843750000001 0.9090277777777778 0.047656250000000004 0.1763888888888889
1 0.548828125 0.29375 0.032031250000000004 0.03194444444444445
1 0.70234375 0.29583333333333334 0.025 0.02777777777777778
1 0.6839843750000001 0.375 0.03359375 0.03888888888888889
0 0.794140625 0.41944444444444445 0.01953125 0.058333333333333334
0 0.6878906250000001 0.4354166666666667 0.017968750000000002 0.05694444444444444
0 0.7230468750000001 0.4451388888888889 0.01953125 0.051388888888888894
0 0.6429687500000001 0.4638888888888889 0.018750000000000003 0.058333333333333334
0 0.8234375 0.48194444444444445 0.0234375 0.06944444444444445
0 0.7093750000000001 0.5041666666666667 0.021875000000000002 0.075
0 0.740234375 0.5027777777777778 0.02109375 0.06944444444444445
0 0.8578125000000001 0.50625 0.025 0.06805555555555556
0 0.6238281250000001 0.5340277777777778 0.022656250000000003 0.0763888888888889
0 0.663671875 0.5409722222222222 0.02421875 0.08194444444444444
0 0.54140625 0.5659722222222222 0.028125 0.08750000000000001
0 0.47734375 0.5854166666666667 0.028125 0.09861111111111112
0 0.745703125 0.6555555555555556 0.02890625 0.10277777777777779
0 0.6800781250000001 0.7138888888888889 0.03359375 0.1277777777777778
