0 0.688671875 0.8041666666666667 0.03671875 0.14722222222222223
0 0.7542968750000001 0.9104166666666667 0.04453125 0.1763888888888889
0 0.8679687500000001 0.9055555555555556 0.046875 0.18055555555555555
0 0.41328125000000004 0.9444444444444445 0.051562500000000004 0.1277777777777778
0 0.903515625 0.951388888888889 0.057031250000000006 0.11388888888888889
1 0.6375000000000001 0.29375 0.026562500000000003 0.029166666666666667
1 0.6546875000000001 0.3368055555555556 0.029687500000000002 0.0375
1 0.5875 0.38472222222222224 0.034375 0.044444444444444446
1 0.67734375 0.41805555555555557 0.043750000000000004 0.061111111111111116
0 0.7328125000000001 0.4104166666666667 0.018750000000000003 0.04583333333333334
0 0.7546875000000001 0.4076388888888889 0.0171875 0.04027777777777778
0 0.83984375 0.4173611111111111 0.0171875 0.051388888888888894
0 0.891796875 0.40902777777777777 0.017968750000000002 0.051388888888888894
0 0.7976562500000001 0.43125 0.015625 0.04861111111111111
1 0.521484375 0.44097222222222227 0.05390625 0.07361111111111111
0 0.755859375 0.4715277777777778 0.017968750000000002 0.05694444444444444
0 0.7800781250000001 0.4708333333333333 0.014843750000000001 0.058333333333333334
0 0.8167968750000001 0.4715277777777778 0.017968750000000002 0.06805555555555556
0 0.6585937500000001 0.4930555555555556 0.018750000000000003 0.06944444444444445
0 0.598828125 0.5069444444444444 0.022656250000000003 0.075
0 0.6839843750000001 0.5111111111111112 0.01953125 0.07222222222222223
0 0.792578125 0.5215277777777778 0.02109375 0.07361111111111111
0 0.8484375000000001 0.5465277777777778 0.021875000000000002 0.08194444444444444
0 0.875 0.5708333333333333 0.0234375 0.08888888888888889
0 0.649609375 0.5805555555555556 0.022656250000000003 0.09166666666666667
0 0.685546875 0.5819444444444445 0.02421875 0.07777777777777778
0 0.526953125 0.5986111111111111 0.02734375 0.09166666666666667
0 0.61875 0.5993055555555555 0.0234375 0.08750000000000001
0 0.762890625 0.6041666666666667 0.02734375 0.08333333333333334
0 0.828125 0.6236111111111111 0.025 0.08888888888888889
0 0.41953125 0.6444444444444445 0.034375 0.10833333333333334
0 0.7035156250000001 0.6604166666666667 0.02890625 0.10138888888888889
0 0.855078125 0.675 0.02890625 0.10277777777777779
0 0.728125 0.6951388888888889 0.028125 0.10694444444444445
0 0.8148437500000001 0.6951388888888889 0.029687500000000002 0.11805555555555557
0 0.6734375 0.7159722222222222 0.0328125 0.10416666666666667
0 0.532421875 0.7312500000000001 0.03671875 0.12083333333333333
0 0.76953125 0.7458333333333333 0.0328125 0.11944444444444445
0 0.6273437500000001 0.7597222222222223 0.034375 0.13611111111111113
0 0.8757812500000001 0.7604166666666667 0.03125 0.12638888888888888
0 0.6429687500000001 0.9534722222222223 0.05 0.08750000000000001
