3 0.44960937500000003 0.42638888888888893 0.16171875000000002 0.2555555555555556
1 0.6890625 0.42430555555555555 0.109375 0.12361111111111112
0 0.35781250000000003 0.6006944444444444 0.05625 0.1736111111111111
1 0.7375 0.6256944444444444 0.1875 0.22361111111111112
1 0.30195312500000004 0.775 0.18046875 0.3388888888888889
0 0.5015625 0.7819444444444444 0.0765625 0.2111111111111111
3 0.22109375 0.21944444444444444 0.07500000000000001 0.07777777777777778
0 0.15546875000000002 0.29791666666666666 0.0203125 0.06805555555555556
0 0.24140625000000002 0.43333333333333335 0.03125 0.1
0 0.282421875 0.5486111111111112 0.039843750000000004 0.11666666666666667
