1 0.58359375 0.7243055555555555 0.09843750000000001 0.1513888888888889
1 0.437109375 0.7340277777777778 0.11640625 0.1625
0 0.144140625 0.8236111111111112 0.05859375 0.15
1 0.62265625 0.8631944444444445 0.096875 0.2263888888888889
0 0.46992187500000004 0.925 0.05859375 0.15555555555555556
0 0.556640625 0.9479166666666667 0.06171875 0.10972222222222222
1 0.66953125 0.2798611111111111 0.021875000000000002 0.0375
1 0.69921875 0.2763888888888889 0.0234375 0.03333333333333333
1 0.6312500000000001 0.32083333333333336 0.026562500000000003 0.04166666666666667
1 0.657421875 0.3416666666666667 0.032031250000000004 0.05
1 0.70234375 0.3416666666666667 0.03125 0.04166666666666667
0 0.878515625 0.3666666666666667 0.017968750000000002 0.04166666666666667
0 0.7453125 0.3902777777777778 0.015625 0.04722222222222222
0 0.8210937500000001 0.3840277777777778 0.0203125 0.04583333333333334
0 0.852734375 0.38472222222222224 0.017968750000000002 0.05277777777777778
0 0.788671875 0.4118055555555556 0.017968750000000002 0.05694444444444444
1 0.5515625000000001 0.4388888888888889 0.05625 0.06944444444444445
0 0.8269531250000001 0.45555555555555555 0.01953125 0.05277777777777778
1 0.6644531250000001 0.4756944444444445 0.05078125 0.06805555555555556
1 0.721875 0.49930555555555556 0.043750000000000004 0.07361111111111111
0 0.6316406250000001 0.5305555555555556 0.022656250000000003 0.07222222222222223
0 0.830078125 0.5222222222222223 0.02109375 0.06944444444444445
0 0.7058593750000001 0.5444444444444445 0.02109375 0.075
0 0.747265625 0.5513888888888889 0.022656250000000003 0.08055555555555556
0 0.87109375 0.5423611111111112 0.0234375 0.08194444444444444
0 0.49375 0.5638888888888889 0.028125 0.09166666666666667
0 0.538671875 0.5659722222222222 0.02421875 0.08750000000000001
0 0.573828125 0.5715277777777777 0.022656250000000003 0.09583333333333334
0 0.673046875 0.5576388888888889 0.02109375 0.07916666666666666
0 0.790234375 0.5625 0.02109375 0.07777777777777778
0 0.8425781250000001 0.58125 0.02421875 0.08750000000000001
0 0.62421875 0.6013888888888889 0.025 0.08888888888888889
0 0.798828125 0.5965277777777778 0.02109375 0.08472222222222223
0 0.29453125 0.6875 0.043750000000000004 0.11666666666666667
0 0.8167968750000001 0.6875 0.030468750000000003 0.12222222222222223
0 0.27734375 0.9618055555555556 0.0890625 0.07083333333333333
