3 0.5953125 0.3548611111111111 0.0703125 0.15416666666666667
2 0.6875 0.35208333333333336 0.11093750000000001 0.25416666666666665
1 0.19648437500000002 0.48333333333333334 0.09296875 0.1388888888888889
0 0.861328125 0.5055555555555555 0.049218750000000006 0.10555555555555556
0 0.32343750000000004 0.6833333333333333 0.053125000000000006 0.13611111111111113
0 0.412890625 0.7805555555555556 0.04609375 0.17222222222222222
0 0.3328125 0.45416666666666666 0.028125 0.1
0 0.084375 0.5118055555555556 0.0703125 0.07916666666666666
0 0.37617187500000004 0.5006944444444444 0.02734375 0.1125
0 0.41835937500000003 0.5020833333333333 0.032031250000000004 0.12361111111111112
0 0.5515625000000001 0.5027777777777778 0.040625 0.09444444444444444
0 0.7992187500000001 0.5326388888888889 0.037500000000000006 0.10416666666666667
0 0.7429687500000001 0.5611111111111111 0.0390625 0.11388888888888889
0 0.392578125 0.6041666666666667 0.03515625 0.125
