2 0.67734375 0.5798611111111112 0.06875 0.1486111111111111
1 0.33242187500000003 0.6347222222222223 0.11796875000000001 0.10555555555555556
2 0.569921875 0.6298611111111111 0.07890625000000001 0.17083333333333334
1 0.168359375 0.6645833333333333 0.15234375 0.13472222222222222
0 0.24453125 0.7826388888888889 0.0546875 0.11527777777777778
0 0.319921875 0.8333333333333334 0.05234375 0.13055555555555556
0 0.49296875 0.8381944444444445 0.0484375 0.12638888888888888
0 0.624609375 0.826388888888889 0.04296875 0.14722222222222223
0 0.103515625 0.8743055555555556 0.06484375 0.16805555555555557
0 0.19648437500000002 0.8951388888888889 0.05859375 0.18472222222222223
0 0.287109375 0.9270833333333334 0.06171875 0.14305555555555557
0 0.408984375 0.9361111111111111 0.06171875 0.11111111111111112
1 0.556640625 0.9555555555555556 0.13671875 0.08611111111111111
0 0.79296875 0.9354166666666667 0.051562500000000004 0.12916666666666668
1 0.661328125 0.31875000000000003 0.02890625 0.034722222222222224
1 0.5281250000000001 0.33194444444444443 0.0390625 0.030555555555555558
1 0.70078125 0.3597222222222222 0.03125 0.04166666666666667
1 0.5808593750000001 0.37986111111111115 0.03828125 0.04583333333333334
0 0.784375 0.3680555555555556 0.0171875 0.04166666666666667
1 0.6238281250000001 0.40902777777777777 0.03671875 0.05416666666666667
1 0.573828125 0.4291666666666667 0.04609375 0.06666666666666667
0 0.81171875 0.42847222222222225 0.018750000000000003 0.051388888888888894
1 0.4921875 0.45555555555555555 0.0578125 0.061111111111111116
1 0.6414062500000001 0.48125 0.0484375 0.06527777777777778
1 0.7140625 0.5069444444444444 0.0421875 0.06666666666666667
1 0.47109375000000003 0.5298611111111111 0.0765625 0.08472222222222223
1 0.6039062500000001 0.5256944444444445 0.046875 0.07361111111111111
0 0.8542968750000001 0.5284722222222222 0.02890625 0.09583333333333334
0 0.7835937500000001 0.6569444444444444 0.026562500000000003 0.1
0 0.46406250000000004 0.7229166666666667 0.0328125 0.10138888888888889
0 0.6890625 0.725 0.034375 0.12222222222222223
0 0.848828125 0.7173611111111111 0.030468750000000003 0.11805555555555557
0 0.512109375 0.7423611111111111 0.03828125 0.09861111111111112
0 0.57265625 0.7777777777777778 0.040625 0.12222222222222223
