2 0.1328125 0.6493055555555556 0.259375 0.5375
1 0.4890625 0.44930555555555557 0.096875 0.1486111111111111
1 0.376953125 0.56875 0.12890625 0.1486111111111111
0 0.7468750000000001 0.6833333333333333 0.045312500000000006 0.14722222222222223
0 0.338671875 0.7166666666666667 0.06640625 0.15
0 0.433203125 0.69375 0.05859375 0.11527777777777778
0 0.813671875 0.74375 0.049218750000000006 0.14305555555555557
0 0.310546875 0.8173611111111111 0.047656250000000004 0.1736111111111111
0 0.7125 0.8145833333333333 0.0484375 0.1763888888888889
0 0.6019531250000001 0.41458333333333336 0.022656250000000003 0.09861111111111112
0 0.6941406250000001 0.5833333333333334 0.032031250000000004 0.11944444444444445
0 0.762890625 0.5902777777777778 0.03515625 0.11111111111111112
