2 0.6859375000000001 0.5958333333333333 0.096875 0.28055555555555556
1 0.162109375 0.6659722222222223 0.16015625 0.1513888888888889
1 0.483984375 0.6958333333333334 0.09921875000000001 0.1277777777777778
0 0.35585937500000003 0.78125 0.05234375 0.12361111111111112
0 0.58203125 0.8118055555555556 0.035937500000000004 0.1486111111111111
0 0.25625000000000003 0.8715277777777778 0.065625 0.15972222222222224
0 0.34023437500000003 0.8743055555555556 0.05859375 0.1513888888888889
0 0.4421875 0.8708333333333333 0.059375000000000004 0.1527777777777778
0 0.85703125 0.8520833333333334 0.037500000000000006 0.15972222222222224
0 0.815625 0.8895833333333334 0.0390625 0.16527777777777777
0 0.16484375 0.9298611111111111 0.0765625 0.13472222222222222
0 0.7605468750000001 0.9263888888888889 0.04609375 0.15833333333333333
1 0.665625 0.3104166666666667 0.03125 0.034722222222222224
1 0.6742187500000001 0.36944444444444446 0.035937500000000004 0.04722222222222222
0 0.8375 0.3805555555555556 0.015625 0.04722222222222222
0 0.878515625 0.3666666666666667 0.017968750000000002 0.04166666666666667
0 0.7113281250000001 0.39861111111111114 0.017968750000000002 0.05277777777777778
0 0.730078125 0.42986111111111114 0.017968750000000002 0.05416666666666667
0 0.7578125 0.42847222222222225 0.015625 0.051388888888888894
0 0.7820312500000001 0.4430555555555556 0.018750000000000003 0.05277777777777778
0 0.590234375 0.4604166666666667 0.02109375 0.06527777777777778
1 0.41875 0.5097222222222222 0.0703125 0.06666666666666667
1 0.551171875 0.5125000000000001 0.057031250000000006 0.075
0 0.534375 0.56875 0.028125 0.08194444444444444
0 0.41718750000000004 0.6375000000000001 0.0328125 0.10555555555555556
0 0.8519531250000001 0.6430555555555556 0.02734375 0.09722222222222222
0 0.809765625 0.6840277777777778 0.025781250000000002 0.11805555555555557
0 0.7816406250000001 0.7201388888888889 0.032031250000000004 0.13194444444444445
0 0.8625 0.7222222222222222 0.029687500000000002 0.11944444444444445
0 0.7269531250000001 0.7506944444444444 0.032031250000000004 0.12083333333333333
0 0.52265625 0.7777777777777778 0.040625 0.12222222222222223
0 0.878515625 0.945138888888889 0.041406250000000006 0.10694444444444445
