0 0.546484375 0.6847222222222222 0.047656250000000004 0.1527777777777778
0 0.23671875 0.6979166666666667 0.046875 0.1736111111111111
1 0.43125 0.775 0.10625000000000001 0.2888888888888889
0 0.273046875 0.9 0.06015625 0.18888888888888888
2 0.432421875 0.19236111111111112 0.04609375 0.09305555555555556
2 0.397265625 0.28125 0.041406250000000006 0.12916666666666668
0 0.50703125 0.42847222222222225 0.0234375 0.09583333333333334
0 0.6488281250000001 0.4486111111111111 0.030468750000000003 0.09444444444444444
0 0.23203125000000002 0.48680555555555555 0.03125 0.10972222222222222
0 0.27109375 0.5090277777777777 0.028125 0.1125
0 0.83515625 0.6236111111111111 0.040625 0.11388888888888889
