3 0.38906250000000003 0.25416666666666665 0.05 0.10833333333333334
2 0.303515625 0.3854166666666667 0.11171875 0.3041666666666667
3 0.424609375 0.44375000000000003 0.08515625 0.2652777777777778
1 0.550390625 0.6215277777777778 0.11015625000000001 0.1625
0 0.083203125 0.7180555555555556 0.05390625 0.17500000000000002
1 0.685546875 0.701388888888889 0.10390625 0.23055555555555557
0 0.7816406250000001 0.7201388888888889 0.041406250000000006 0.16527777777777777
0 0.21328125 0.8 0.043750000000000004 0.19166666666666668
0 0.564453125 0.7937500000000001 0.04296875 0.15416666666666667
0 0.8765625 0.7868055555555555 0.0546875 0.1513888888888889
1 0.544140625 0.19444444444444445 0.02734375 0.03888888888888889
1 0.56171875 0.23611111111111113 0.037500000000000006 0.06666666666666667
0 0.534765625 0.2638888888888889 0.014843750000000001 0.05277777777777778
0 0.56640625 0.35694444444444445 0.018750000000000003 0.075
0 0.6429687500000001 0.3597222222222222 0.021875000000000002 0.07222222222222223
0 0.6839843750000001 0.3979166666666667 0.02421875 0.07916666666666666
0 0.21835937500000002 0.40972222222222227 0.02421875 0.07222222222222223
0 0.6003906250000001 0.40694444444444444 0.02421875 0.07777777777777778
0 0.7054687500000001 0.49375 0.043750000000000004 0.11527777777777778
0 0.7605468750000001 0.49097222222222225 0.03671875 0.10416666666666667
0 0.809765625 0.5277777777777778 0.03359375 0.11666666666666667
0 0.776953125 0.5493055555555556 0.03359375 0.11805555555555557
0 0.187890625 0.5708333333333333 0.030468750000000003 0.1277777777777778
