0 0.440234375 0.7145833333333333 0.08515625 0.2791666666666667
0 0.123046875 0.7597222222222223 0.10390625 0.2972222222222222
0 0.17695312500000002 0.1763888888888889 0.025781250000000002 0.075
0 0.546484375 0.21805555555555556 0.02109375 0.06666666666666667
0 0.6820312500000001 0.225 0.015625 0.05
0 0.6117187500000001 0.26458333333333334 0.025 0.08194444444444444
0 0.649609375 0.2902777777777778 0.022656250000000003 0.08055555555555556
0 0.563671875 0.32708333333333334 0.032031250000000004 0.10694444444444445
0 0.6097656250000001 0.40694444444444444 0.030468750000000003 0.13333333333333333
0 0.6800781250000001 0.4701388888888889 0.032031250000000004 0.12361111111111112
