1 0.257421875 0.4513888888888889 0.10859375 0.1
0 0.21210937500000002 0.4916666666666667 0.06171875 0.11111111111111112
1 0.37031250000000004 0.5465277777777778 0.09062500000000001 0.10694444444444445
0 0.241015625 0.638888888888889 0.06328125 0.10555555555555556
0 0.412109375 0.6458333333333334 0.06796875000000001 0.11388888888888889
0 0.18515625000000002 0.6784722222222223 0.065625 0.11805555555555557
1 0.34101562500000004 0.6923611111111111 0.07890625000000001 0.11805555555555557
0 0.39765625000000004 0.38680555555555557 0.046875 0.08194444444444444
0 0.505859375 0.4486111111111111 0.05234375 0.08611111111111111
0 0.644140625 0.4729166666666667 0.039843750000000004 0.10972222222222222
0 0.07890625000000001 0.4881944444444445 0.043750000000000004 0.08472222222222223
0 0.173828125 0.58125 0.03671875 0.09861111111111112
