1 0.45703125 0.20555555555555557 0.028125 0.03888888888888889
4 0.6062500000000001 0.2569444444444445 0.015625 0.05
1 0.51015625 0.2763888888888889 0.043750000000000004 0.05277777777777778
0 0.9246093750000001 0.3027777777777778 0.03515625 0.061111111111111116
0 0.837109375 0.3375 0.03671875 0.06666666666666667
0 0.609375 0.3652777777777778 0.025 0.06944444444444445
0 0.21953125 0.4152777777777778 0.018750000000000003 0.06944444444444445
0 0.296875 0.4652777777777778 0.025 0.08055555555555556
0 0.720703125 0.48125 0.032031250000000004 0.09305555555555556
0 0.18710937500000002 0.5118055555555556 0.025781250000000002 0.08472222222222223
0 0.101953125 0.5270833333333333 0.030468750000000003 0.08750000000000001
0 0.134375 0.5215277777777778 0.028125 0.09305555555555556
0 0.7269531250000001 0.5826388888888889 0.03671875 0.1125
0 0.102734375 0.6347222222222223 0.03828125 0.11388888888888889
0 0.397265625 0.6840277777777778 0.03359375 0.13472222222222222
