3 0.45546875000000003 0.2916666666666667 0.0546875 0.17777777777777778
1 0.31093750000000003 0.3590277777777778 0.07500000000000001 0.09027777777777778
3 0.620703125 0.4118055555555556 0.10546875 0.20416666666666666
1 0.720703125 0.48680555555555555 0.09140625000000001 0.12083333333333333
0 0.5339843750000001 0.6006944444444444 0.04609375 0.1375
0 0.131640625 0.6243055555555556 0.04453125 0.15416666666666667
0 0.8679687500000001 0.6791666666666667 0.053125000000000006 0.125
3 0.43281250000000004 0.7104166666666667 0.146875 0.5458333333333334
1 0.66796875 0.7166666666666667 0.14375000000000002 0.2777777777777778
0 0.1546875 0.7430555555555556 0.05 0.16666666666666669
0 0.219140625 0.7361111111111112 0.039843750000000004 0.18333333333333335
0 0.292578125 0.7354166666666667 0.039843750000000004 0.15972222222222224
0 0.9378906250000001 0.75625 0.06953125 0.15694444444444444
0 0.0578125 0.8944444444444445 0.065625 0.2
3 0.523046875 0.225 0.039843750000000004 0.1
0 0.5398437500000001 0.43333333333333335 0.028125 0.09722222222222222
0 0.272265625 0.5256944444444445 0.03515625 0.10972222222222222
0 0.8109375000000001 0.545138888888889 0.037500000000000006 0.1125
