1 0.587109375 0.68125 0.07578125000000001 0.14027777777777778
0 0.326171875 0.7395833333333334 0.04609375 0.13472222222222222
0 0.0890625 0.8152777777777778 0.059375000000000004 0.13055555555555556
1 0.3765625 0.8520833333333334 0.1203125 0.19583333333333333
1 0.5796875 0.9083333333333333 0.109375 0.17500000000000002
0 0.06015625 0.9277777777777778 0.0765625 0.1277777777777778
1 0.559765625 0.3159722222222222 0.03359375 0.03194444444444445
1 0.6042968750000001 0.35625 0.03359375 0.04861111111111111
1 0.6546875000000001 0.3548611111111111 0.03125 0.051388888888888894
1 0.696484375 0.3597222222222222 0.032031250000000004 0.05
0 0.8421875000000001 0.37777777777777777 0.0171875 0.044444444444444446
0 0.865234375 0.36875 0.01640625 0.043055555555555555
1 0.579296875 0.38958333333333334 0.03828125 0.04861111111111111
0 0.77734375 0.3979166666666667 0.015625 0.04583333333333334
1 0.66953125 0.40902777777777777 0.0328125 0.04027777777777778
0 0.823828125 0.41458333333333336 0.01640625 0.051388888888888894
0 0.755078125 0.4305555555555556 0.014843750000000001 0.058333333333333334
0 0.727734375 0.45069444444444445 0.01640625 0.05694444444444444
0 0.8738281250000001 0.4625 0.02109375 0.0638888888888889
0 0.6742187500000001 0.53125 0.021875000000000002 0.07083333333333333
0 0.70234375 0.5173611111111112 0.021875000000000002 0.06805555555555556
0 0.76171875 0.5465277777777778 0.0234375 0.09861111111111112
0 0.45156250000000003 0.5638888888888889 0.029687500000000002 0.08888888888888889
0 0.541015625 0.5611111111111111 0.025781250000000002 0.07777777777777778
0 0.8546875 0.5659722222222222 0.025 0.08472222222222223
0 0.655859375 0.5840277777777778 0.02734375 0.08750000000000001
0 0.8074218750000001 0.5798611111111112 0.02109375 0.08194444444444444
0 0.48554687500000004 0.5972222222222222 0.02890625 0.08888888888888889
0 0.520703125 0.6090277777777778 0.02890625 0.09583333333333334
0 0.702734375 0.6041666666666667 0.02734375 0.09444444444444444
0 0.73984375 0.6 0.025 0.09166666666666667
0 0.36015625 0.6166666666666667 0.03125 0.09722222222222222
0 0.397265625 0.6277777777777778 0.03359375 0.10277777777777779
0 0.8234375 0.6236111111111111 0.025 0.08888888888888889
0 0.7742187500000001 0.6361111111111112 0.026562500000000003 0.09166666666666667
0 0.7507812500000001 0.7125 0.03125 0.11944444444444445
0 0.48125 0.7388888888888889 0.040625 0.11388888888888889
0 0.837109375 0.7340277777777778 0.032031250000000004 0.11805555555555557
0 0.6898437500000001 0.7548611111111111 0.035937500000000004 0.1375
