0 0.37421875000000004 0.33611111111111114 0.05 0.1277777777777778
0 0.578125 0.4152777777777778 0.043750000000000004 0.12222222222222223
0 0.5007812500000001 0.49097222222222225 0.053125000000000006 0.16527777777777777
0 0.36445312500000004 0.5111111111111112 0.07421875 0.19166666666666668
0 0.46601562500000004 0.7791666666666667 0.09609375 0.2972222222222222
0 0.230859375 0.12847222222222224 0.032031250000000004 0.05694444444444444
0 0.5984375000000001 0.17708333333333334 0.015625 0.043055555555555555
0 0.6234375000000001 0.18333333333333335 0.015625 0.04166666666666667
0 0.578125 0.2 0.018750000000000003 0.05277777777777778
0 0.6570312500000001 0.2125 0.021875000000000002 0.04166666666666667
0 0.6125 0.2715277777777778 0.0234375 0.07916666666666666
0 0.6566406250000001 0.29305555555555557 0.022656250000000003 0.075
0 0.6746093750000001 0.3888888888888889 0.02734375 0.09166666666666667
