0 0.541875 0.9022222222222223 0.06125 0.18222222222222223
0 0.661875 0.9033333333333333 0.06625 0.18
0 0.625625 0.7244444444444444 0.04625 0.12
0 0.55125 0.6922222222222222 0.0475 0.12666666666666668
0 0.47250000000000003 0.7911111111111111 0.05 0.15555555555555556
0 0.41625 0.6 0.035 0.12
0 0.48 0.5911111111111111 0.035 0.1111111111111111
0 0.578125 0.5877777777777777 0.03875 0.11777777777777777
0 0.676875 0.66 0.04875 0.11555555555555555
0 0.725625 0.8422222222222222 0.05625 0.15555555555555556
0 0.440625 0.48 0.02625 0.07555555555555556
1 0.5 0.4011111111111111 0.0675 0.12222222222222222
1 0.61 0.45444444444444443 0.08750000000000001 0.12666666666666668
1 0.275 0.6088888888888889 0.125 0.2088888888888889
