0 0.1859375 0.6173611111111111 0.045312500000000006 0.11805555555555557
0 0.06992187500000001 0.6451388888888889 0.047656250000000004 0.14305555555555557
0 0.19687500000000002 0.48194444444444445 0.034375 0.09444444444444444
0 0.27265625 0.37430555555555556 0.028125 0.07361111111111111
0 0.198046875 0.41944444444444445 0.025781250000000002 0.075
0 0.290625 0.3229166666666667 0.0203125 0.05694444444444444
0 0.39492187500000003 0.24861111111111112 0.014843750000000001 0.044444444444444446
0 0.7972656250000001 0.6993055555555556 0.04296875 0.15416666666666667
0 0.899609375 0.7319444444444445 0.047656250000000004 0.14444444444444446
0 0.826171875 0.5520833333333334 0.03671875 0.09861111111111112
3 0.444140625 0.28055555555555556 0.06015625 0.11944444444444445
2 0.35195312500000003 0.3479166666666667 0.06953125 0.13194444444444445
2 0.20820312500000002 0.78125 0.32578125 0.43472222222222223
