0 0.534375 0.872222 0.021250 0.091111
0 0.765625 0.896667 0.036250 0.104444
0 0.747500 0.858889 0.020000 0.082222
0 0.708125 0.770000 0.021250 0.060000
0 0.310000 0.741111 0.030000 0.068889
0 0.275625 0.718889 0.026250 0.051111
0 0.249375 0.715556 0.028750 0.057778
0 0.189375 0.730000 0.036250 0.051111
0 0.133125 0.728889 0.031250 0.040000
0 0.101875 0.738889 0.026250 0.051111
4 0.505000 0.827778 0.010000 0.077778
1 0.596875 0.951111 0.073750 0.084444
1 0.629375 0.797778 0.041250 0.071111
1 0.619375 0.717778 0.033750 0.053333
1 0.562500 0.722222 0.032500 0.066667
3 0.270625 0.677778 0.108750 0.075556
3 0.604375 0.672222 0.033750 0.068889
1 0.421875 0.672222 0.051250 0.042222
0 0.406250 0.690000 0.022500 0.042222
0 0.368125 0.695556 0.021250 0.040000
0 0.341250 0.707778 0.025000 0.055556
4 0.904375 0.808889 0.021250 0.075556
