0 0.203125 0.943333 0.031250 0.113333
0 0.170000 0.926667 0.025000 0.106667
0 0.118125 0.957778 0.033750 0.084444
0 0.169375 0.836667 0.018750 0.082222
0 0.658750 0.874444 0.037500 0.086667
0 0.731250 0.896667 0.020000 0.091111
0 0.619375 0.882222 0.018750 0.088889
0 0.828750 0.956667 0.022500 0.086667
0 0.777500 0.843333 0.025000 0.091111
0 0.575000 0.760000 0.012500 0.066667
0 0.215625 0.825556 0.021250 0.073333
1 0.375000 0.908889 0.082500 0.173333
1 0.585625 0.934444 0.066250 0.126667
1 0.355625 0.808889 0.061250 0.115556
1 0.287500 0.795556 0.067500 0.111111
3 0.427500 0.741111 0.052500 0.153333
3 0.644375 0.756667 0.061250 0.148889
3 0.397500 0.701111 0.050000 0.126667
1 0.705000 0.778889 0.047500 0.077778
