0 0.533203125 0.25972222222222224 0.014843750000000001 0.05
0 0.0671875 0.8729166666666667 0.1015625 0.24861111111111112
0 0.1625 0.6104166666666667 0.05 0.1625
0 0.21250000000000002 0.47361111111111115 0.034375 0.125
0 0.184375 0.43680555555555556 0.034375 0.09305555555555556
0 0.33046875000000003 0.35208333333333336 0.026562500000000003 0.07916666666666666
0 0.309375 0.3388888888888889 0.0203125 0.06666666666666667
0 0.278125 0.3340277777777778 0.0203125 0.07361111111111111
0 0.358984375 0.2888888888888889 0.017968750000000002 0.05555555555555556
0 0.334765625 0.27361111111111114 0.01640625 0.05555555555555556
0 0.34882812500000004 0.2388888888888889 0.01171875 0.04166666666666667
0 0.38007812500000004 0.23402777777777778 0.013281250000000001 0.04861111111111111
0 0.40937500000000004 0.22777777777777777 0.009375000000000001 0.030555555555555558
0 0.3921875 0.2152777777777778 0.009375000000000001 0.04166666666666667
3 0.294140625 0.59375 0.16328125000000002 0.40694444444444444
3 0.615234375 0.2763888888888889 0.06171875 0.14444444444444446
2 0.441015625 0.24375000000000002 0.049218750000000006 0.1125
