0 0.684375 0.668427 0.046875 0.172535
0 0.505469 0.632042 0.029687 0.118545
0 0.294531 0.633216 0.034896 0.127934
0 0.230729 0.592136 0.030208 0.099765
0 0.202604 0.702465 0.035417 0.113850
0 0.124740 0.850939 0.051562 0.140845
1 0.605469 0.614437 0.116146 0.191315
0 0.883594 0.704812 0.026562 0.132629
0 0.942969 0.556338 0.022396 0.105634
0 0.903906 0.490023 0.025521 0.113850
0 0.923177 0.443662 0.023438 0.100939
0 0.846094 0.365023 0.022396 0.068075
0 0.863021 0.318075 0.017708 0.077465
0 0.904948 0.337441 0.015104 0.083333
0 0.249479 0.470070 0.032292 0.092723
4 0.197917 0.341549 0.019792 0.077465
1 0.686198 0.434272 0.075521 0.115023
1 0.689323 0.321009 0.054688 0.080986
1 0.717969 0.241197 0.049479 0.062207
1 0.783073 0.446009 0.057813 0.086854
1 0.786719 0.637324 0.092188 0.171362
1 0.166667 0.487089 0.086458 0.115023
1 0.848698 0.251174 0.039062 0.056338
2 0.794792 0.301056 0.080208 0.125587
3 0.573958 0.343897 0.083333 0.161972
