0 0.635677 0.494131 0.031771 0.100939
0 0.907292 0.625000 0.030208 0.109155
0 0.899479 0.510563 0.020833 0.086854
0 0.897135 0.412559 0.025521 0.080986
0 0.893750 0.297535 0.016667 0.073944
0 0.793229 0.283451 0.012500 0.055164
0 0.751302 0.238850 0.017188 0.055164
0 0.718750 0.277582 0.017708 0.059859
1 0.687240 0.711854 0.093229 0.212441
2 0.789323 0.509390 0.088021 0.223005
2 0.223438 0.599765 0.148958 0.406103
1 0.412760 0.857394 0.152604 0.139671
1 0.666146 0.275822 0.045833 0.063380
1 0.743490 0.326878 0.051562 0.064554
2 0.702083 0.196009 0.052083 0.091549
