0 0.675 0.8477777777777777 0.07 0.2688888888888889
0 0.481875 0.6022222222222222 0.03125 0.16
0 0.434375 0.6455555555555555 0.03625 0.1711111111111111
0 0.393125 0.5988888888888889 0.03625 0.14444444444444443
0 0.2 0.5144444444444445 0.0275 0.12222222222222222
0 0.41625 0.5344444444444444 0.0275 0.12222222222222222
0 0.44875 0.4711111111111111 0.025 0.10666666666666666
0 0.38875 0.4388888888888889 0.0175 0.09555555555555556
1 0.36125 0.7722222222222223 0.19 0.2822222222222222
2 0.683125 0.5033333333333333 0.13875 0.19777777777777777
2 0.451875 0.33666666666666667 0.09625 0.18
