0 0.335000 0.924444 0.050000 0.151111
0 0.055625 0.902222 0.063750 0.168889
0 0.168125 0.771111 0.046250 0.120000
0 0.048750 0.794444 0.050000 0.117778
0 0.057500 0.692222 0.030000 0.091111
0 0.106250 0.682222 0.035000 0.115556
0 0.238750 0.734444 0.040000 0.122222
0 0.299375 0.720000 0.033750 0.115556
0 0.341875 0.703333 0.031250 0.122222
0 0.170625 0.667778 0.041250 0.100000
0 0.230000 0.650000 0.027500 0.091111
0 0.265000 0.645556 0.025000 0.091111
0 0.321250 0.602222 0.030000 0.075556
0 0.358125 0.583333 0.026250 0.086667
0 0.299375 0.591111 0.023750 0.080000
0 0.562500 0.688889 0.035000 0.115556
1 0.685000 0.730000 0.097500 0.126667
0 0.811250 0.878889 0.042500 0.135556
0 0.783125 0.790000 0.036250 0.117778
0 0.838750 0.787778 0.040000 0.131111
1 0.582500 0.551111 0.055000 0.088889
1 0.623750 0.520000 0.045000 0.080000
0 0.648750 0.587778 0.020000 0.077778
0 0.890000 0.717778 0.065000 0.097778
0 0.901875 0.942222 0.063750 0.106667
1 0.549375 0.495556 0.041250 0.088889
0 0.784375 0.701111 0.028750 0.091111
0 0.820625 0.678889 0.031250 0.095556
0 0.728750 0.653333 0.022500 0.080000
0 0.798750 0.612222 0.032500 0.082222
0 0.423750 0.516667 0.022500 0.064444
