0 0.168750 0.740000 0.035000 0.057778
0 0.343125 0.746667 0.031250 0.057778
0 0.356875 0.820000 0.031250 0.084444
0 0.707500 0.746667 0.012500 0.057778
4 0.546875 0.937778 0.016250 0.106667
1 0.586875 0.940000 0.058750 0.111111
1 0.748750 0.827778 0.045000 0.091111
1 0.602500 0.693333 0.032500 0.057778
1 0.639375 0.726667 0.043750 0.062222
1 0.262500 0.714444 0.072500 0.060000
1 0.398125 0.736667 0.093750 0.082222
1 0.466250 0.660000 0.040000 0.044444
3 0.708750 0.874444 0.085000 0.162222
3 0.838750 0.905556 0.112500 0.188889
1 0.640625 0.810000 0.056250 0.100000
1 0.658125 0.693333 0.031250 0.048889
2 0.233750 0.694444 0.102500 0.086667
