0 0.034584980237154145 0.9055944055944056 0.04940711462450593 0.16083916083916083
0 0.05237154150197628 0.8006993006993007 0.037549407114624504 0.1048951048951049
0 0.20454545454545453 0.7290209790209791 0.029644268774703556 0.0944055944055944
0 0.17885375494071146 0.6241258741258742 0.029644268774703556 0.11538461538461539
0 0.5444664031620553 0.5961538461538461 0.029644268774703556 0.11538461538461539
0 0.6235177865612648 0.7797202797202797 0.04940711462450593 0.16083916083916083
0 0.6857707509881422 0.8409090909090909 0.04743083003952569 0.17832167832167833
0 0.14328063241106717 0.8671328671328671 0.04940711462450593 0.16083916083916083
0 0.12648221343873517 0.9405594405594405 0.03952569169960474 0.09090909090909091
0 0.09980237154150197 0.8059440559440559 0.037549407114624504 0.14335664335664336
0 0.06916996047430829 0.9283216783216783 0.03952569169960474 0.11538461538461539
0 0.5247035573122529 0.3706293706293706 0.02569169960474308 0.06993006993006994
0 0.0909090909090909 0.6835664335664335 0.02766798418972332 0.10839160839160839
0 0.12055335968379446 0.7255244755244755 0.02766798418972332 0.10839160839160839
0 0.23221343873517786 0.479020979020979 0.02569169960474308 0.08391608391608392
4 0.24209486166007904 0.8723776223776224 0.14822134387351776 0.22727272727272727
1 0.38735177865612647 0.8304195804195804 0.11857707509881422 0.25524475524475526
1 0.32509881422924897 0.7115384615384616 0.07707509881422925 0.17132867132867133
1 0.4861660079051383 0.6888111888111889 0.08695652173913043 0.16083916083916083
1 0.5602766798418972 0.8409090909090909 0.1600790513833992 0.2692307692307692
1 0.23418972332015808 0.6346153846153846 0.07707509881422925 0.17132867132867133
1 0.30237154150197626 0.5734265734265734 0.07509881422924901 0.11888111888111888
1 0.4387351778656126 0.5979020979020979 0.08695652173913043 0.13986013986013987
1 0.4021739130434782 0.5297202797202797 0.06916996047430829 0.10139860139860139
1 0.508893280632411 0.4772727272727273 0.06916996047430829 0.10139860139860139
1 0.42391304347826086 0.4493006993006993 0.06916996047430829 0.10139860139860139
2 0.28656126482213434 0.46853146853146854 0.07114624505928853 0.17482517482517482
2 0.35079051383399207 0.46503496503496505 0.061264822134387345 0.11888111888111888
1 0.39229249011857703 0.36013986013986016 0.04545454545454545 0.06293706293706294
3 0.6037549407114624 0.4527972027972028 0.07312252964426877 0.14335664335664336
3 0.6343873517786561 0.6101398601398601 0.11857707509881422 0.1993006993006993
