1 0.302500 0.840000 0.077500 0.128889
1 0.615625 0.707778 0.031250 0.055556
1 0.584375 0.678889 0.031250 0.051111
1 0.645000 0.760000 0.050000 0.075556
1 0.302500 0.766667 0.052500 0.071111
3 0.670000 0.850000 0.075000 0.171111
3 0.137500 0.888889 0.137500 0.200000
0 0.324375 0.970000 0.036250 0.060000
0 0.222500 0.858889 0.025000 0.091111
0 0.017500 0.948889 0.020000 0.080000
0 0.743125 0.945556 0.028750 0.095556
0 0.792500 0.898889 0.022500 0.091111
0 0.876250 0.917778 0.032500 0.093333
0 0.878750 0.867778 0.022500 0.060000
0 0.808750 0.836667 0.022500 0.064444
0 0.760625 0.825556 0.021250 0.077778
0 0.811250 0.801111 0.020000 0.077778
0 0.720000 0.778889 0.017500 0.060000
0 0.693750 0.730000 0.012500 0.060000
0 0.720000 0.738889 0.012500 0.051111
0 0.669375 0.738889 0.013750 0.068889
0 0.401875 0.806667 0.016250 0.071111
0 0.442500 0.766667 0.017500 0.062222
4 0.367500 0.838889 0.020000 0.082222
4 0.085625 0.838889 0.016250 0.068889
4 0.055625 0.861111 0.013750 0.095556
0 0.370000 0.751111 0.015000 0.057778
