0 0.279375 0.932222 0.033750 0.108889
0 0.185000 0.904444 0.032500 0.097778
0 0.085625 0.950000 0.043750 0.095556
0 0.748125 0.810000 0.016250 0.082222
0 0.774375 0.820000 0.018750 0.075556
0 0.507500 0.776667 0.022500 0.073333
0 0.346875 0.737778 0.031250 0.048889
0 0.307500 0.714444 0.027500 0.051111
4 0.218125 0.850000 0.018750 0.082222
4 0.243125 0.848889 0.016250 0.088889
4 0.260625 0.837778 0.016250 0.080000
0 0.158125 0.832222 0.026250 0.091111
3 0.704375 0.912222 0.096250 0.175556
3 0.635000 0.752222 0.050000 0.126667
3 0.562500 0.738889 0.045000 0.113333
3 0.602500 0.705556 0.040000 0.100000
1 0.691875 0.755556 0.048750 0.057778
1 0.408125 0.782222 0.051250 0.111111
0 0.739375 0.717778 0.016250 0.053333
0 0.205000 0.745556 0.027500 0.046667
0 0.166250 0.742222 0.030000 0.044444
0 0.411875 0.705556 0.021250 0.046667
