0 0.178385 0.630869 0.039062 0.106808
0 0.771354 0.520540 0.046875 0.125587
0 0.865365 0.828052 0.072396 0.170188
0 0.930469 0.512324 0.047396 0.120892
0 0.847656 0.396714 0.019271 0.065728
0 0.881250 0.372066 0.020833 0.063380
0 0.834115 0.245305 0.017188 0.068075
0 0.819792 0.215962 0.016667 0.056338
0 0.860677 0.228873 0.016146 0.058685
0 0.883594 0.237089 0.016146 0.063380
1 0.753646 0.343310 0.064583 0.092723
1 0.874479 0.311033 0.050000 0.063380
1 0.182292 0.491784 0.095833 0.133803
1 0.187500 0.786385 0.122917 0.204225
3 0.721094 0.251761 0.066146 0.116197
