3 0.574375 0.828889 0.061250 0.160000
1 0.664375 0.827778 0.066250 0.171111
1 0.618125 0.732222 0.056250 0.113333
1 0.758750 0.871111 0.072500 0.102222
1 0.423125 0.711111 0.041250 0.071111
1 0.606875 0.673333 0.026250 0.048889
0 0.923125 0.936667 0.021250 0.108889
0 0.740625 0.752222 0.018750 0.060000
0 0.368125 0.806667 0.018750 0.075556
0 0.376875 0.873333 0.021250 0.088889
0 0.304375 0.954444 0.028750 0.091111
0 0.282500 0.828889 0.022500 0.084444
0 0.243125 0.857778 0.023750 0.088889
0 0.197500 0.853333 0.022500 0.066667
4 0.305625 0.842222 0.011250 0.084444
4 0.185000 0.837778 0.010000 0.080000
4 0.148750 0.852222 0.020000 0.082222
1 0.178125 0.945556 0.106250 0.108889
0 0.474375 0.751111 0.016250 0.071111
0 0.495625 0.734444 0.021250 0.064444
0 0.231875 0.775556 0.016250 0.071111
0 0.318125 0.724444 0.028750 0.062222
