1 0.273750 0.712222 0.080000 0.055556
1 0.686875 0.900000 0.071250 0.111111
1 0.776875 0.913333 0.086250 0.124444
1 0.593750 0.970000 0.065000 0.060000
1 0.570000 0.855556 0.057500 0.120000
1 0.530625 0.777778 0.061250 0.075556
1 0.639375 0.744444 0.041250 0.071111
1 0.654375 0.678889 0.036250 0.051111
2 0.515000 0.704444 0.057500 0.093333
2 0.358125 0.680000 0.076250 0.057778
3 0.431875 0.697778 0.083750 0.097778
3 0.101250 0.708889 0.117500 0.093333
0 0.197500 0.954444 0.035000 0.091111
0 0.138750 0.918889 0.042500 0.122222
0 0.389375 0.806667 0.038750 0.093333
4 0.072500 0.925556 0.025000 0.113333
0 0.741875 0.958889 0.023750 0.082222
0 0.776875 0.822222 0.016250 0.062222
0 0.737500 0.805556 0.015000 0.073333
0 0.687500 0.770000 0.012500 0.064444
0 0.706250 0.747778 0.012500 0.060000
0 0.561250 0.733333 0.025000 0.057778
0 0.411875 0.737778 0.033750 0.053333
