0 0.829688 0.898611 0.066667 0.202778
0 0.748958 0.920370 0.064583 0.159259
0 0.689323 0.469907 0.041146 0.136111
0 0.594271 0.467130 0.034375 0.134259
0 0.626563 0.355556 0.035417 0.114815
0 0.647656 0.286111 0.028646 0.088889
0 0.862500 0.575926 0.035417 0.159259
0 0.849219 0.465278 0.031771 0.126852
0 0.585156 0.289815 0.024479 0.092593
4 0.911979 0.510648 0.022917 0.149074
4 0.818750 0.523148 0.031250 0.140741
4 0.901302 0.384722 0.019271 0.113889
4 0.863802 0.409722 0.018229 0.113889
4 0.857812 0.358796 0.016667 0.087963
3 0.252604 0.305556 0.164583 0.377778
3 0.364323 0.079630 0.072396 0.157407
