2 0.598750 0.922222 0.065000 0.151111
0 0.387500 0.900000 0.030000 0.115556
0 0.333125 0.831111 0.016250 0.088889
0 0.306250 0.834444 0.022500 0.108889
0 0.254375 0.954444 0.026250 0.091111
0 0.103125 0.944444 0.021250 0.106667
0 0.055000 0.927778 0.030000 0.108889
0 0.123750 0.845556 0.017500 0.086667
0 0.372500 0.777778 0.017500 0.075556
0 0.541875 0.844444 0.016250 0.097778
0 0.780625 0.957778 0.026250 0.084444
0 0.836250 0.887778 0.020000 0.082222
4 0.747500 0.861111 0.012500 0.091111
0 0.703750 0.895556 0.017500 0.062222
0 0.224375 0.837778 0.021250 0.080000
0 0.274375 0.824444 0.013750 0.075556
0 0.251875 0.813333 0.016250 0.093333
0 0.200625 0.831111 0.016250 0.088889
1 0.656875 0.848889 0.063750 0.115556
1 0.715000 0.762222 0.042500 0.062222
1 0.523750 0.700000 0.030000 0.053333
3 0.572500 0.757778 0.062500 0.133333
1 0.658750 0.728889 0.042500 0.066667
1 0.713125 0.965556 0.093750 0.068889
1 0.785625 0.856667 0.061250 0.091111
0 0.408750 0.740000 0.012500 0.057778
