0 0.11166007905138339 0.8041958041958042 0.037549407114624504 0.17482517482517482
0 0.4258893280632411 0.9090909090909091 0.0533596837944664 0.16083916083916083
0 0.12944664031620554 0.7097902097902098 0.03359683794466403 0.13286713286713286
0 0.2519762845849802 0.6363636363636364 0.02569169960474308 0.13986013986013987
0 0.22628458498023715 0.7709790209790209 0.02569169960474308 0.15734265734265734
0 0.28952569169960474 0.7325174825174825 0.03359683794466403 0.15734265734265734
0 0.15118577075098813 0.8286713286713286 0.03359683794466403 0.15384615384615385
0 0.20454545454545453 0.8636363636363636 0.03359683794466403 0.15384615384615385
0 0.19664031620553357 0.6923076923076923 0.029644268774703556 0.14685314685314685
0 0.2183794466403162 0.48951048951048953 0.02569169960474308 0.0979020979020979
0 0.7638339920948616 0.6783216783216783 0.037549407114624504 0.13986013986013987
0 0.7954545454545454 0.8286713286713286 0.0533596837944664 0.16083916083916083
0 0.6867588932806323 0.9020979020979021 0.06521739130434782 0.16083916083916083
0 0.24901185770750986 0.5384615384615384 0.03162055335968379 0.09090909090909091
0 0.5760869565217391 0.5646853146853147 0.02569169960474308 0.12937062937062938
0 0.700592885375494 0.7027972027972028 0.037549407114624504 0.13986013986013987
0 0.26383399209486164 0.4632867132867133 0.02569169960474308 0.08041958041958042
0 0.34486166007905134 0.5017482517482518 0.02569169960474308 0.08041958041958042
0 0.39624505928853754 0.42132867132867136 0.02569169960474308 0.05944055944055944
1 0.4723320158102767 0.6748251748251748 0.09881422924901186 0.15384615384615385
1 0.32213438735177863 0.5786713286713286 0.07114624505928853 0.11538461538461539
1 0.2994071146245059 0.9213286713286714 0.1284584980237154 0.12237762237762238
1 0.41897233201581024 0.5297202797202797 0.08300395256916995 0.13636363636363635
1 0.45652173913043476 0.38986013986013984 0.06324110671936758 0.08741258741258741
0 0.28656126482213434 0.42132867132867136 0.023715415019762844 0.07342657342657342
2 0.25296442687747034 0.31993006993006995 0.03952569169960474 0.08041958041958042
1 0.3300395256916996 0.32867132867132864 0.03952569169960474 0.06293706293706294
2 0.4278656126482213 0.31993006993006995 0.12055335968379446 0.0944055944055944
