0 0.49625 0.85 0.055 0.24666666666666667
0 0.291875 0.7611111111111111 0.04625 0.22
0 0.214375 0.6266666666666667 0.04125 0.17333333333333334
0 0.20875 0.4855555555555556 0.0325 0.10888888888888888
0 0.40625 0.6388888888888888 0.025 0.1622222222222222
0 0.481875 0.5833333333333334 0.03875 0.15777777777777777
0 0.55 0.6277777777777778 0.04 0.1622222222222222
0 0.55875 0.47888888888888886 0.0225 0.11333333333333333
0 0.53625 0.4988888888888889 0.025 0.11777777777777777
0 0.50875 0.4477777777777778 0.025 0.10444444444444445
0 0.438125 0.46444444444444444 0.02125 0.10222222222222223
0 0.400625 0.47 0.02375 0.11333333333333333
1 0.669375 0.6044444444444445 0.15125 0.24
1 0.74625 0.5488888888888889 0.1325 0.18222222222222223
