0 0.104375 0.912222 0.028750 0.104444
0 0.173125 0.966667 0.028750 0.062222
0 0.126875 0.866667 0.021250 0.093333
0 0.228125 0.852222 0.018750 0.091111
0 0.308125 0.796667 0.016250 0.077778
0 0.256875 0.792222 0.018750 0.073333
0 0.471250 0.755556 0.020000 0.053333
0 0.759375 0.913333 0.023750 0.088889
0 0.700000 0.756667 0.012500 0.060000
2 0.751250 0.823333 0.075000 0.113333
2 0.701875 0.920000 0.098750 0.160000
2 0.433750 0.707778 0.040000 0.100000
1 0.654375 0.818889 0.053750 0.091111
1 0.621875 0.737778 0.041250 0.080000
3 0.613750 0.956667 0.102500 0.086667
3 0.541875 0.656667 0.028750 0.077778
3 0.389375 0.780000 0.066250 0.208889
