0 0.161250 0.596667 0.050000 0.104444
1 0.175625 0.500000 0.116250 0.093333
0 0.312500 0.520000 0.040000 0.080000
1 0.353750 0.487778 0.087500 0.055556
0 0.650625 0.746667 0.046250 0.106667
0 0.724375 0.778889 0.033750 0.135556
0 0.793125 0.775556 0.046250 0.133333
0 0.886875 0.816667 0.046250 0.140000
0 0.948750 0.900000 0.047500 0.137778
0 0.826250 0.757778 0.052500 0.133333
0 0.885625 0.707778 0.038750 0.108889
0 0.794375 0.695556 0.051250 0.088889
0 0.671875 0.683333 0.036250 0.095556
0 0.713750 0.687778 0.032500 0.091111
0 0.621250 0.640000 0.040000 0.111111
0 0.664375 0.633333 0.028750 0.097778
4 0.696875 0.627778 0.023750 0.086667
0 0.750625 0.636667 0.031250 0.091111
0 0.830000 0.660000 0.030000 0.097778
0 0.598750 0.587778 0.037500 0.086667
0 0.547500 0.543333 0.027500 0.082222
0 0.581875 0.544444 0.031250 0.071111
0 0.633750 0.544444 0.025000 0.080000
0 0.697500 0.572222 0.030000 0.082222
0 0.882500 0.613333 0.030000 0.088889
1 0.614375 0.496667 0.048750 0.077778
3 0.564375 0.434444 0.046250 0.082222
0 0.541250 0.458889 0.025000 0.051111
