0 0.185000 0.623333 0.035000 0.100000
1 0.117500 0.531111 0.102500 0.088889
0 0.333125 0.527778 0.041250 0.073333
0 0.435625 0.510000 0.036250 0.077778
0 0.263750 0.505556 0.045000 0.055556
0 0.535625 0.573333 0.031250 0.080000
0 0.728125 0.807778 0.033750 0.126667
0 0.761250 0.796667 0.037500 0.122222
0 0.793125 0.761111 0.028750 0.113333
0 0.851875 0.745556 0.038750 0.113333
0 0.917500 0.840000 0.047500 0.137778
0 0.896875 0.911111 0.051250 0.151111
0 0.978125 0.898889 0.043750 0.144444
0 0.818125 0.666667 0.028750 0.097778
0 0.718750 0.698889 0.040000 0.100000
0 0.673750 0.667778 0.035000 0.108889
0 0.713125 0.637778 0.028750 0.066667
0 0.750000 0.636667 0.030000 0.086667
0 0.780000 0.638889 0.030000 0.100000
0 0.808125 0.607778 0.033750 0.100000
3 0.598125 0.653333 0.083750 0.191111
1 0.655000 0.571111 0.055000 0.097778
0 0.570625 0.521111 0.031250 0.064444
0 0.610625 0.534444 0.023750 0.064444
0 0.646875 0.517778 0.023750 0.053333
0 0.693125 0.571111 0.021250 0.080000
0 0.746875 0.556667 0.026250 0.068889
0 0.756250 0.596667 0.025000 0.068889
0 0.382500 0.485556 0.037500 0.068889
