1 0.768750 0.945556 0.087500 0.108889
1 0.635625 0.751111 0.043750 0.075556
1 0.633125 0.696667 0.033750 0.046667
1 0.564375 0.730000 0.033750 0.064444
3 0.590625 0.798889 0.061250 0.157778
1 0.666875 0.832222 0.056250 0.091111
1 0.363750 0.698889 0.072500 0.051111
1 0.231250 0.715556 0.082500 0.048889
0 0.186250 0.846667 0.022500 0.088889
0 0.107500 0.936667 0.035000 0.108889
0 0.054375 0.917778 0.033750 0.102222
0 0.544375 0.886667 0.018750 0.097778
0 0.506250 0.767778 0.025000 0.060000
0 0.753750 0.817778 0.017500 0.075556
0 0.828750 0.867778 0.025000 0.086667
0 0.696250 0.765556 0.012500 0.068889
0 0.711875 0.751111 0.013750 0.057778
0 0.748750 0.770000 0.012500 0.060000
0 0.467500 0.731111 0.027500 0.048889
0 0.405000 0.723333 0.027500 0.051111
0 0.128750 0.726667 0.027500 0.044444
3 0.393125 0.651111 0.098750 0.066667
1 0.561875 0.677778 0.028750 0.053333
1 0.603125 0.674444 0.023750 0.042222
4 0.514375 0.835556 0.011250 0.084444
4 0.933125 0.868889 0.018750 0.084444
0 0.555000 0.966667 0.027500 0.062222
