0 0.286875 0.6944444444444444 0.03875 0.11333333333333333
0 0.371875 0.8344444444444444 0.04875 0.14444444444444443
0 0.393125 0.7166666666666667 0.04625 0.11777777777777777
0 0.4975 0.6255555555555555 0.035 0.11333333333333333
0 0.596875 0.6444444444444445 0.03125 0.1111111111111111
0 0.74375 0.7966666666666666 0.07 0.17555555555555555
0 0.608125 0.9055555555555556 0.06625 0.18444444444444444
0 0.536875 0.8633333333333333 0.04875 0.13555555555555557
0 0.45375 0.5555555555555556 0.03 0.08888888888888889
0 0.42625 0.4388888888888889 0.025 0.06444444444444444
0 0.37 0.43777777777777777 0.0225 0.06222222222222222
0 0.23375 0.4588888888888889 0.02 0.07777777777777778
0 0.15125 0.48777777777777775 0.02 0.07333333333333333
1 0.49875 0.40555555555555556 0.0575 0.10444444444444445
1 0.595 0.41444444444444445 0.0775 0.12666666666666668
1 0.828125 0.6588888888888889 0.17375000000000002 0.30444444444444446
1 0.199375 0.3988888888888889 0.051250000000000004 0.1
