0 0.1768774703557312 0.7255244755244755 0.037549407114624504 0.13636363636363635
0 0.08498023715415019 0.736013986013986 0.03162055335968379 0.14335664335664336
0 0.04940711462450593 0.8286713286713286 0.035573122529644265 0.17482517482517482
0 0.22727272727272727 0.6923076923076923 0.03162055335968379 0.13986013986013987
0 0.2608695652173913 0.6433566433566433 0.035573122529644265 0.13986013986013987
0 0.19960474308300394 0.6258741258741258 0.035573122529644265 0.13986013986013987
0 0.14723320158102765 0.6520979020979021 0.03359683794466403 0.14335664335664336
0 0.11857707509881422 0.6835664335664335 0.03952569169960474 0.13636363636363635
0 0.13043478260869565 0.8898601398601399 0.03162055335968379 0.14335664335664336
0 0.09980237154150197 0.9353146853146853 0.0533596837944664 0.10839160839160839
0 0.1541501976284585 0.9405594405594405 0.03952569169960474 0.09090909090909091
0 0.5326086956521738 0.5856643356643356 0.03359683794466403 0.12237762237762238
0 0.4535573122529644 0.5034965034965035 0.021739130434782608 0.07692307692307693
0 0.5780632411067194 0.479020979020979 0.03359683794466403 0.0979020979020979
0 0.5316205533596837 0.4562937062937063 0.02766798418972332 0.08741258741258741
0 0.44071146245059284 0.4388111888111888 0.023715415019762844 0.08041958041958042
0 0.47727272727272724 0.4493006993006993 0.029644268774703556 0.10139860139860139
0 0.13735177865612647 0.513986013986014 0.029644268774703556 0.1048951048951049
0 0.1660079051383399 0.4825174825174825 0.02766798418972332 0.0979020979020979
0 0.14031620553359683 0.4230769230769231 0.01976284584980237 0.08391608391608392
0 0.21047430830039524 0.9213286713286714 0.04545454545454545 0.13636363636363635
1 0.38636363636363635 0.8863636363636364 0.12450592885375493 0.1993006993006993
1 0.341897233201581 0.666083916083916 0.08695652173913043 0.1993006993006993
1 0.3063241106719367 0.541958041958042 0.07509881422924901 0.14685314685314685
1 0.22332015810276679 0.493006993006993 0.06324110671936758 0.13286713286713286
1 0.4100790513833992 0.5786713286713286 0.08893280632411067 0.12237762237762238
1 0.5019762845849802 0.7027972027972028 0.11462450592885375 0.16783216783216784
1 0.5662055335968379 0.8548951048951049 0.13636363636363635 0.2202797202797203
1 0.3745059288537549 0.48426573426573427 0.06916996047430829 0.08741258741258741
1 0.2816205533596838 0.4178321678321678 0.04940711462450593 0.10839160839160839
1 0.3577075098814229 0.42657342657342656 0.043478260869565216 0.07692307692307693
1 0.33399209486166004 0.3951048951048951 0.03952569169960474 0.06993006993006994
1 0.2608695652173913 0.3741258741258741 0.03952569169960474 0.06993006993006994
0 0.2776679841897233 0.8653846153846154 0.04545454545454545 0.10139860139860139
