1 0.568125 0.847778 0.053750 0.095556
1 0.714375 0.948889 0.086250 0.102222
1 0.709375 0.750000 0.033750 0.060000
1 0.666875 0.688889 0.023750 0.040000
1 0.663125 0.790000 0.043750 0.082222
3 0.611250 0.956667 0.105000 0.086667
2 0.775000 0.850000 0.112500 0.202222
2 0.595000 0.757778 0.042500 0.080000
3 0.566250 0.697778 0.040000 0.106667
1 0.523750 0.691111 0.032500 0.057778
1 0.378125 0.750000 0.036250 0.068889
1 0.432500 0.698889 0.030000 0.051111
3 0.323125 0.711111 0.056250 0.106667
0 0.842500 0.896667 0.017500 0.095556
0 0.856250 0.841111 0.020000 0.073333
0 0.478750 0.760000 0.022500 0.062222
0 0.256875 0.848889 0.023750 0.088889
0 0.198125 0.875556 0.021250 0.102222
0 0.141875 0.915556 0.026250 0.093333
0 0.071250 0.952222 0.025000 0.091111
0 0.656250 0.862222 0.030000 0.088889
2 0.388750 0.678889 0.037500 0.086667
