0 0.2984375 0.3861111111111111 0.026562500000000003 0.09166666666666667
0 0.31875000000000003 0.3194444444444445 0.018750000000000003 0.05555555555555556
0 0.287109375 0.32083333333333336 0.022656250000000003 0.061111111111111116
0 0.366796875 0.2520833333333333 0.01640625 0.051388888888888894
0 0.645703125 0.2638888888888889 0.01640625 0.05277777777777778
0 0.7996093750000001 0.5618055555555556 0.041406250000000006 0.12638888888888888
0 0.749609375 0.29444444444444445 0.03671875 0.05
3 0.27890625 0.7173611111111111 0.2671875 0.5625
1 0.63203125 0.35833333333333334 0.06875 0.10277777777777779
1 0.57734375 0.2465277777777778 0.035937500000000004 0.05694444444444444
1 0.815625 0.8277777777777778 0.19843750000000002 0.2916666666666667
0 0.8289062500000001 0.40069444444444446 0.037500000000000006 0.09027777777777778
3 0.8011718750000001 0.2590277777777778 0.10859375 0.08194444444444444
