0 0.5875 0.33568075117370894 0.0375 0.16666666666666666
0 0.6846354166666666 0.35093896713615025 0.04010416666666666 0.17136150234741784
0 0.803125 0.8603286384976526 0.06875 0.255868544600939
0 0.8666666666666667 0.49413145539906106 0.0375 0.18544600938967137
0 0.8502604166666666 0.3544600938967136 0.03697916666666667 0.1572769953051643
0 0.62109375 0.1942488262910798 0.027604166666666666 0.13262910798122066
0 0.6455729166666666 0.1238262910798122 0.021354166666666667 0.12323943661971831
0 0.5872395833333334 0.11854460093896714 0.022395833333333334 0.12206572769953052
0 0.55625 0.07687793427230047 0.026041666666666668 0.1091549295774648
0 0.5190104166666667 0.07570422535211267 0.0234375 0.11854460093896714
4 0.8156249999999999 0.4242957746478873 0.03229166666666666 0.18661971830985916
4 0.9143229166666667 0.4084507042253521 0.0296875 0.1971830985915493
3 0.26510416666666664 0.19190140845070422 0.15520833333333334 0.38380281690140844
