0 0.6734375 0.35347222222222224 0.0203125 0.059722222222222225
0 0.6171875 0.2833333333333333 0.0140625 0.058333333333333334
0 0.10039062500000001 0.5840277777777778 0.05078125 0.1513888888888889
0 0.25234375000000003 0.5131944444444445 0.035937500000000004 0.11527777777777778
0 0.3796875 0.28055555555555556 0.015625 0.058333333333333334
0 0.34804687500000003 0.28194444444444444 0.02109375 0.061111111111111116
0 0.362890625 0.23819444444444446 0.014843750000000001 0.04027777777777778
0 0.38671875 0.21736111111111112 0.015625 0.04027777777777778
0 0.408203125 0.19583333333333333 0.013281250000000001 0.03333333333333333
3 0.36250000000000004 0.6090277777777778 0.18281250000000002 0.4013888888888889
3 0.463671875 0.20069444444444445 0.04453125 0.10138888888888889
