0 0.39187500000000003 0.5966666666666667 0.03625 0.11333333333333333
0 0.42625 0.57 0.035 0.10888888888888888
0 0.49312500000000004 0.6244444444444445 0.03875 0.14222222222222222
0 0.5750000000000001 0.8522222222222222 0.0625 0.22
0 0.685625 0.8766666666666667 0.06375 0.20222222222222222
0 0.70125 0.7466666666666667 0.055 0.16444444444444445
0 0.620625 0.5766666666666667 0.03875 0.13111111111111112
0 0.4325 0.8444444444444444 0.06 0.23555555555555555
0 0.291875 0.6588888888888889 0.03875 0.14444444444444443
0 0.19125 0.5988888888888889 0.04 0.11333333333333333
0 0.22062500000000002 0.4888888888888889 0.02375 0.08888888888888889
0 0.38 0.44333333333333336 0.0275 0.09111111111111111
0 0.52375 0.4111111111111111 0.0225 0.09333333333333334
1 0.181875 0.38666666666666666 0.043750000000000004 0.07111111111111111
1 0.88 0.7955555555555556 0.23750000000000002 0.40444444444444444
2 0.665 0.4622222222222222 0.11750000000000001 0.17777777777777778
