1 0.621875 0.760000 0.101250 0.146667
1 0.660000 0.615556 0.092500 0.128889
1 0.560625 0.541111 0.061250 0.104444
1 0.621250 0.524444 0.062500 0.115556
0 0.725625 0.783333 0.046250 0.108889
0 0.831250 0.821111 0.045000 0.140000
0 0.893125 0.828889 0.053750 0.146667
0 0.812500 0.748889 0.032500 0.071111
0 0.973125 0.896667 0.053750 0.153333
0 0.728750 0.703333 0.032500 0.104444
0 0.815625 0.744444 0.061250 0.160000
0 0.860625 0.730000 0.051250 0.108889
0 0.763750 0.670000 0.035000 0.108889
0 0.830625 0.692222 0.036250 0.104444
0 0.597500 0.541111 0.035000 0.113333
1 0.622500 0.521111 0.045000 0.095556
0 0.234375 0.518889 0.046250 0.091111
0 0.284375 0.512222 0.041250 0.068889
0 0.343750 0.494444 0.047500 0.064444
1 0.434375 0.452222 0.078750 0.060000
