1 0.278125 0.486667 0.103750 0.071111
0 0.371250 0.501111 0.047500 0.064444
0 0.443750 0.505556 0.037500 0.064444
1 0.751875 0.897778 0.126250 0.204444
0 0.858750 0.933333 0.065000 0.133333
0 0.958750 0.938889 0.055000 0.122222
0 0.876250 0.813333 0.050000 0.124444
0 0.801875 0.775556 0.053750 0.124444
0 0.821250 0.704444 0.047500 0.115556
0 0.730000 0.700000 0.037500 0.115556
0 0.855625 0.671111 0.036250 0.084444
0 0.681875 0.651111 0.033750 0.106667
0 0.643125 0.606667 0.031250 0.093333
0 0.606875 0.594444 0.033750 0.086667
0 0.711250 0.626667 0.030000 0.102222
4 0.746875 0.630000 0.028750 0.108889
0 0.785000 0.625556 0.035000 0.091111
0 0.820625 0.604444 0.028750 0.080000
0 0.604375 0.548889 0.028750 0.066667
0 0.643125 0.533333 0.026250 0.071111
0 0.675625 0.547778 0.028750 0.082222
0 0.706250 0.556667 0.032500 0.073333
0 0.568125 0.477778 0.031250 0.057778
0 0.500625 0.546667 0.046250 0.088889
