0 0.08399209486166008 0.7954545454545454 0.04545454545454545 0.17132867132867133
0 0.2243083003952569 0.708041958041958 0.037549407114624504 0.13636363636363635
0 0.18873517786561264 0.8758741258741258 0.04545454545454545 0.16433566433566432
0 0.07015810276679842 0.9318181818181818 0.04545454545454545 0.10839160839160839
0 0.15316205533596836 0.715034965034965 0.029644268774703556 0.15034965034965034
0 0.16205533596837943 0.5664335664335665 0.023715415019762844 0.1048951048951049
0 0.15019762845849802 0.513986013986014 0.023715415019762844 0.1048951048951049
0 0.12351778656126482 0.46503496503496505 0.021739130434782608 0.08391608391608392
0 0.2124505928853755 0.46153846153846156 0.021739130434782608 0.08391608391608392
0 0.6274703557312252 0.7097902097902098 0.037549407114624504 0.15384615384615385
0 0.5513833992094861 0.6590909090909091 0.03162055335968379 0.12937062937062938
0 0.5454545454545454 0.5699300699300699 0.02766798418972332 0.0979020979020979
0 0.48221343873517786 0.5227272727272727 0.02766798418972332 0.0944055944055944
0 0.4387351778656126 0.49475524475524474 0.02766798418972332 0.0944055944055944
1 0.2509881422924901 0.548951048951049 0.06324110671936758 0.11888111888111888
1 0.3626482213438735 0.4458041958041958 0.0533596837944664 0.08041958041958042
1 0.27667984189723316 0.4230769230769231 0.05533596837944664 0.0979020979020979
1 0.3794466403162055 0.5244755244755245 0.07114624505928853 0.1048951048951049
1 0.4654150197628458 0.6486013986013986 0.10474308300395256 0.1853146853146853
1 0.44664031620553357 0.43356643356643354 0.07114624505928853 0.1048951048951049
1 0.6432806324110671 0.9020979020979021 0.1758893280632411 0.16783216783216784
1 0.25395256916996045 0.3811188811188811 0.04150197628458498 0.08391608391608392
4 0.34881422924901184 0.3339160839160839 0.04940711462450593 0.08041958041958042
2 0.40711462450592883 0.784965034965035 0.28063241106719367 0.4090909090909091
1 0.5474308300395256 0.34265734265734266 0.0909090909090909 0.06993006993006994
