0 0.631250 0.862500 0.055208 0.239815
0 0.839844 0.942130 0.076563 0.115741
0 0.864062 0.576852 0.038542 0.161111
0 0.850781 0.465278 0.034896 0.123148
0 0.634115 0.509722 0.036979 0.154630
0 0.678385 0.424537 0.029687 0.136111
0 0.652865 0.301852 0.029687 0.105556
0 0.561719 0.295370 0.030729 0.100000
4 0.978125 0.669444 0.043750 0.185185
4 0.957031 0.855556 0.049479 0.214815
4 0.916406 0.469907 0.031771 0.141667
4 0.865365 0.415278 0.021354 0.126852
4 0.901302 0.381481 0.021354 0.118519
4 0.800781 0.288889 0.016146 0.088889
4 0.791406 0.266204 0.013021 0.102778
3 0.434896 0.151852 0.064583 0.153704
3 0.371615 0.080093 0.063021 0.156481
