0 0.626875 0.951111 0.018750 0.093333
0 0.612500 0.864444 0.017500 0.080000
0 0.820000 0.932222 0.020000 0.100000
0 0.923750 0.952222 0.045000 0.095556
0 0.888125 0.885556 0.023750 0.091111
0 0.840625 0.914444 0.021250 0.108889
0 0.805625 0.846667 0.016250 0.080000
0 0.335000 0.881111 0.020000 0.095556
0 0.290000 0.814444 0.015000 0.077778
0 0.331875 0.788889 0.018750 0.075556
0 0.139375 0.892222 0.018750 0.095556
0 0.104375 0.893333 0.028750 0.106667
0 0.026250 0.940000 0.032500 0.111111
3 0.201250 0.908889 0.137500 0.182222
3 0.670625 0.832222 0.066250 0.157778
3 0.556250 0.781111 0.082500 0.140000
3 0.616250 0.695556 0.047500 0.106667
3 0.541875 0.662222 0.026250 0.066667
1 0.385000 0.714444 0.040000 0.086667
1 0.731875 0.820000 0.048750 0.088889
