0 0.215625 0.551056 0.029167 0.088028
0 0.168490 0.434859 0.031771 0.069249
0 0.852344 0.374413 0.024479 0.063380
0 0.879167 0.353286 0.018750 0.063380
0 0.908854 0.558099 0.018750 0.111502
0 0.945833 0.471831 0.030208 0.084507
0 0.728125 0.255282 0.020833 0.050469
0 0.751042 0.231808 0.017708 0.048122
0 0.811198 0.215962 0.017188 0.049296
1 0.763542 0.326291 0.040625 0.077465
1 0.695833 0.223592 0.042708 0.059859
1 0.623958 0.454812 0.078125 0.097418
1 0.814844 0.471831 0.061979 0.107981
2 0.604167 0.727113 0.156250 0.289906
