0 0.702604 0.528169 0.032292 0.100939
0 0.716146 0.433099 0.028125 0.072770
0 0.881771 0.573357 0.029167 0.102113
0 0.936458 0.635563 0.039583 0.106808
0 0.222396 0.523474 0.030208 0.077465
0 0.951823 0.517606 0.016146 0.077465
0 0.914583 0.497066 0.017708 0.083333
0 0.878385 0.482981 0.010937 0.059859
0 0.888542 0.388498 0.015625 0.061033
0 0.858594 0.312207 0.014063 0.061033
0 0.851302 0.272887 0.006771 0.038732
0 0.839583 0.253521 0.017708 0.053991
0 0.757812 0.295188 0.017708 0.064554
0 0.769271 0.269366 0.012500 0.043427
0 0.694010 0.257629 0.013021 0.043427
0 0.947656 0.428991 0.026562 0.078638
0 0.914323 0.410798 0.018229 0.061033
1 0.561458 0.464202 0.075000 0.097418
1 0.805990 0.387911 0.052604 0.111502
1 0.790104 0.294014 0.051042 0.052817
1 0.759375 0.506455 0.062500 0.123239
1 0.808854 0.232981 0.041667 0.045775
1 0.778385 0.192488 0.036979 0.044601
3 0.800781 0.660211 0.123438 0.301643
3 0.569792 0.715962 0.162500 0.345070
3 0.652604 0.432512 0.091667 0.170188
