0 0.671354 0.566667 0.045833 0.166667
0 0.862240 0.578704 0.033854 0.157407
0 0.850260 0.469907 0.027604 0.136111
0 0.630990 0.356019 0.030729 0.115741
0 0.525781 0.272222 0.026562 0.096296
0 0.586719 0.232407 0.026562 0.088889
0 0.604688 0.193519 0.018750 0.083333
0 0.645312 0.222222 0.021875 0.085185
0 0.658594 0.184722 0.018229 0.075000
0 0.474740 0.176389 0.020313 0.073148
4 0.939323 0.516204 0.031771 0.149074
4 0.915625 0.471759 0.025000 0.137963
4 0.866406 0.413889 0.018229 0.122222
4 0.901302 0.380093 0.021354 0.113889
4 0.800781 0.319444 0.018229 0.105556
4 0.779427 0.312500 0.019271 0.104630
1 0.275521 0.297685 0.077083 0.115741
1 0.324219 0.088426 0.043229 0.050926
3 0.443490 0.084259 0.065104 0.166667
3 0.518490 0.037037 0.041146 0.072222
2 0.552865 0.156481 0.074479 0.118519
