1 0.629375 0.911111 0.068750 0.106667
1 0.218750 0.948889 0.102500 0.102222
1 0.263125 0.687778 0.068750 0.042222
1 0.646250 0.795556 0.050000 0.080000
3 0.581875 0.693333 0.038750 0.102222
3 0.416875 0.737778 0.051250 0.128889
2 0.366250 0.631111 0.047500 0.088889
0 0.762500 0.890000 0.022500 0.091111
0 0.840000 0.953333 0.025000 0.093333
0 0.820625 0.906667 0.021250 0.097778
0 0.809375 0.854444 0.013750 0.073333
0 0.748125 0.791111 0.013750 0.057778
0 0.709375 0.743333 0.011250 0.055556
0 0.735625 0.815556 0.021250 0.071111
0 0.703125 0.834444 0.021250 0.068889
0 0.570000 0.802222 0.022500 0.080000
0 0.608125 0.762222 0.013750 0.057778
0 0.502500 0.778889 0.030000 0.060000
0 0.373125 0.935556 0.028750 0.115556
0 0.312500 0.931111 0.025000 0.111111
0 0.247500 0.870000 0.020000 0.077778
0 0.261875 0.778889 0.021250 0.073333
0 0.200625 0.890000 0.031250 0.091111
0 0.090625 0.944444 0.038750 0.093333
