0 0.283125 0.948889 0.033750 0.102222
0 0.100625 0.947778 0.028750 0.095556
0 0.180625 0.741111 0.031250 0.051111
0 0.296250 0.728889 0.030000 0.048889
0 0.742500 0.880000 0.020000 0.084444
0 0.716875 0.817778 0.018750 0.071111
0 0.824375 0.903333 0.016250 0.077778
0 0.764375 0.808889 0.018750 0.071111
0 0.813125 0.837778 0.016250 0.084444
0 0.792500 0.856667 0.020000 0.091111
1 0.366250 0.816667 0.050000 0.113333
1 0.668750 0.810000 0.057500 0.100000
1 0.615625 0.738889 0.041250 0.068889
1 0.621250 0.675556 0.032500 0.057778
2 0.568750 0.816667 0.057500 0.140000
1 0.787500 0.960000 0.107500 0.080000
3 0.545000 0.736667 0.052500 0.108889
1 0.228125 0.713333 0.083750 0.053333
