0 0.566250 0.840000 0.017500 0.093333
0 0.625625 0.835556 0.018750 0.097778
0 0.744375 0.950000 0.023750 0.100000
0 0.751875 0.847778 0.021250 0.077778
0 0.818750 0.937778 0.025000 0.097778
0 0.790000 0.848889 0.020000 0.080000
0 0.696875 0.778889 0.016250 0.068889
0 0.510625 0.788889 0.023750 0.071111
1 0.650625 0.780000 0.043750 0.071111
1 0.606875 0.682222 0.028750 0.053333
1 0.238750 0.965556 0.090000 0.068889
1 0.545000 0.708889 0.037500 0.066667
1 0.325000 0.795556 0.055000 0.111111
1 0.388125 0.708889 0.038750 0.062222
3 0.427500 0.731111 0.052500 0.120000
3 0.362500 0.886667 0.082500 0.217778
3 0.190000 0.898889 0.075000 0.117778
0 0.860625 0.961111 0.031250 0.077778
0 0.264375 0.846667 0.021250 0.088889
0 0.110625 0.927778 0.026250 0.108889
0 0.066875 0.915556 0.026250 0.111111
0 0.163750 0.825556 0.020000 0.086667
0 0.203125 0.781111 0.021250 0.073333
0 0.271250 0.761111 0.017500 0.073333
0 0.883750 0.930000 0.022500 0.095556
0 0.727500 0.745556 0.015000 0.060000
