0 0.856250 0.871111 0.022500 0.084444
0 0.728125 0.853333 0.021250 0.080000
0 0.636250 0.845556 0.015000 0.073333
0 0.588750 0.781111 0.017500 0.073333
0 0.715000 0.763333 0.010000 0.064444
0 0.757500 0.757778 0.012500 0.053333
4 0.392500 0.832222 0.022500 0.091111
0 0.340000 0.822222 0.032500 0.080000
0 0.133125 0.748889 0.033750 0.053333
0 0.216250 0.735556 0.027500 0.057778
3 0.260000 0.696667 0.120000 0.091111
0 0.306250 0.732222 0.032500 0.055556
1 0.760625 0.830000 0.058750 0.100000
1 0.761875 0.946667 0.096250 0.106667
1 0.657500 0.822222 0.055000 0.080000
1 0.563750 0.823333 0.050000 0.086667
1 0.602500 0.904444 0.062500 0.124444
1 0.631250 0.730000 0.037500 0.064444
1 0.502500 0.762222 0.092500 0.088889
0 0.402500 0.763333 0.030000 0.064444
