0 0.732292 0.542840 0.028125 0.080986
1 0.760677 0.422535 0.066146 0.159624
0 0.274219 0.725939 0.050521 0.106808
0 0.217448 0.631455 0.035937 0.072770
0 0.164062 0.695423 0.032292 0.097418
0 0.183594 0.525235 0.028646 0.078638
0 0.151302 0.479460 0.030729 0.080986
0 0.228906 0.468310 0.025521 0.058685
2 0.583333 0.340376 0.123958 0.230047
0 0.924740 0.634390 0.025521 0.090376
0 0.918750 0.789906 0.035417 0.136150
0 0.683594 0.487089 0.024479 0.098592
1 0.672656 0.712441 0.125521 0.234742
1 0.530208 0.724765 0.122917 0.228873
1 0.510417 0.542840 0.092708 0.132629
1 0.716667 0.267606 0.046875 0.086854
1 0.857812 0.549296 0.092708 0.152582
3 0.665104 0.382042 0.085417 0.170188
