1 0.392500 0.852222 0.052500 0.104444
1 0.666875 0.822222 0.061250 0.097778
1 0.559375 0.765556 0.038750 0.064444
1 0.525625 0.682222 0.028750 0.057778
1 0.394375 0.738889 0.038750 0.060000
2 0.315000 0.800000 0.070000 0.160000
2 0.721250 0.751111 0.067500 0.133333
1 0.790000 0.893333 0.085000 0.124444
3 0.729375 0.945556 0.116250 0.108889
3 0.614375 0.954444 0.103750 0.091111
1 0.650625 0.732222 0.036250 0.060000
3 0.569375 0.680000 0.038750 0.097778
3 0.215000 0.861111 0.102500 0.193333
0 0.103750 0.952222 0.027500 0.095556
0 0.136875 0.867778 0.018750 0.086667
0 0.072500 0.954444 0.027500 0.091111
0 0.070000 0.885556 0.022500 0.064444
0 0.527500 0.794444 0.025000 0.068889
0 0.478750 0.764444 0.015000 0.062222
0 0.873750 0.873333 0.022500 0.088889
