4 0.570000 0.851111 0.015000 0.084444
0 0.803125 0.930000 0.026250 0.104444
0 0.758125 0.950000 0.028750 0.095556
0 0.710625 0.858889 0.018750 0.086667
0 0.747500 0.856667 0.017500 0.082222
0 0.735625 0.813333 0.016250 0.075556
0 0.703125 0.793333 0.016250 0.075556
0 0.543750 0.868889 0.022500 0.088889
0 0.539375 0.811111 0.016250 0.066667
0 0.560000 0.747778 0.015000 0.060000
0 0.513750 0.770000 0.022500 0.068889
0 0.424375 0.844444 0.021250 0.088889
0 0.296250 0.833333 0.017500 0.088889
0 0.221250 0.875556 0.017500 0.080000
0 0.188750 0.876667 0.020000 0.095556
0 0.123750 0.921111 0.035000 0.095556
0 0.050000 0.925556 0.025000 0.108889
0 0.092500 0.880000 0.025000 0.093333
0 0.207500 0.811111 0.020000 0.071111
0 0.172500 0.802222 0.022500 0.075556
3 0.353750 0.876667 0.100000 0.246667
3 0.645000 0.803333 0.065000 0.148889
3 0.437500 0.686667 0.037500 0.102222
1 0.427500 0.757778 0.040000 0.071111
1 0.195625 0.947778 0.106250 0.104444
1 0.270625 0.796667 0.063750 0.091111
