0 0.301563 0.529930 0.032292 0.085681
0 0.644792 0.794601 0.046875 0.112676
0 0.974479 0.680164 0.035417 0.139671
1 0.739062 0.601526 0.081250 0.226526
2 0.665365 0.224765 0.119271 0.177230
0 0.864844 0.566901 0.027604 0.107981
0 0.917708 0.579812 0.023958 0.122066
0 0.946875 0.524061 0.020833 0.095070
0 0.883854 0.508803 0.020833 0.104460
0 0.844271 0.515258 0.026042 0.096244
0 0.719271 0.441315 0.023958 0.070423
0 0.730469 0.372653 0.021354 0.071596
1 0.621094 0.645540 0.098437 0.197183
1 0.622135 0.431338 0.057813 0.130282
1 0.692187 0.329225 0.044792 0.078638
1 0.596875 0.330399 0.068750 0.123239
1 0.214062 0.581573 0.092708 0.120892
1 0.153646 0.461268 0.090625 0.103286
1 0.806250 0.423709 0.066667 0.115023
1 0.780990 0.335681 0.055729 0.091549
3 0.733333 0.241784 0.070833 0.117371
