0 0.10474308300395256 0.8898601398601399 0.05533596837944664 0.19230769230769232
0 0.1600790513833992 0.7342657342657343 0.04743083003952569 0.16083916083916083
0 0.2628458498023715 0.8216783216783217 0.04743083003952569 0.16083916083916083
0 0.2401185770750988 0.7185314685314685 0.037549407114624504 0.13636363636363635
0 0.2885375494071146 0.6433566433566433 0.035573122529644265 0.1258741258741259
0 0.35968379446640314 0.7342657342657343 0.043478260869565216 0.13286713286713286
0 0.1442687747035573 0.5734265734265734 0.03162055335968379 0.11188811188811189
0 0.2134387351778656 0.5681818181818182 0.02766798418972332 0.10839160839160839
0 0.4644268774703557 0.42132867132867136 0.023715415019762844 0.08741258741258741
0 0.5395256916996047 0.486013986013986 0.03162055335968379 0.09090909090909091
0 0.18873517786561264 0.48776223776223776 0.017786561264822132 0.08041958041958042
1 0.4021739130434782 0.8846153846153846 0.1284584980237154 0.2097902097902098
1 0.2727272727272727 0.4353146853146853 0.05533596837944664 0.10139860139860139
2 0.37154150197628455 0.4632867132867133 0.05928853754940711 0.13636363636363635
1 0.34486166007905134 0.39335664335664333 0.037549407114624504 0.05944055944055944
3 0.45158102766798414 0.5629370629370629 0.10869565217391304 0.23776223776223776
2 0.2954545454545454 0.32517482517482516 0.05731225296442687 0.1258741258741259
0 0.13735177865612647 0.4318181818181818 0.0533596837944664 0.07342657342657342
