2 0.829375 0.861111 0.213750 0.277778
1 0.656250 0.834444 0.057500 0.091111
1 0.576875 0.906667 0.056250 0.071111
1 0.581250 0.968889 0.077500 0.057778
1 0.583125 0.824444 0.053750 0.088889
1 0.667500 0.766667 0.055000 0.071111
1 0.621250 0.718889 0.035000 0.051111
1 0.676250 0.706667 0.040000 0.066667
1 0.331875 0.785556 0.093750 0.095556
1 0.670000 0.942222 0.072500 0.115556
1 0.505625 0.780000 0.088750 0.062222
1 0.341250 0.701111 0.057500 0.051111
3 0.436875 0.662222 0.088750 0.088889
3 0.151875 0.701111 0.106250 0.091111
0 0.207500 0.734444 0.032500 0.055556
0 0.146875 0.736667 0.031250 0.055556
0 0.388750 0.705556 0.022500 0.051111
0 0.558750 0.693333 0.015000 0.057778
0 0.578125 0.706667 0.013750 0.057778
0 0.541875 0.687778 0.013750 0.055556
