1 0.56625 0.4688888888888889 0.10250000000000001 0.15555555555555556
1 0.63125 0.43777777777777777 0.085 0.11555555555555555
0 0.278125 0.7044444444444444 0.043750000000000004 0.18666666666666668
0 0.24125 0.5833333333333334 0.0375 0.14888888888888888
0 0.1775 0.5211111111111111 0.0325 0.13555555555555557
0 0.1925 0.42 0.0225 0.08444444444444445
0 0.381875 0.5244444444444445 0.02875 0.11555555555555555
0 0.4325 0.5977777777777777 0.035 0.15555555555555556
0 0.52875 0.68 0.045 0.18666666666666668
0 0.510625 0.7955555555555556 0.051250000000000004 0.18222222222222223
0 0.71375 0.7166666666666667 0.0675 0.20666666666666667
0 0.7831250000000001 0.7022222222222222 0.06625 0.2088888888888889
0 0.67625 0.5977777777777777 0.045 0.13777777777777778
0 0.54625 0.6055555555555555 0.045 0.1622222222222222
0 0.4925 0.5022222222222222 0.0275 0.10666666666666666
0 0.4425 0.47888888888888886 0.03 0.10888888888888888
