1 0.199375 0.5022222222222222 0.06875 0.1288888888888889
1 0.600625 0.4211111111111111 0.07625 0.09555555555555556
1 0.50125 0.38 0.0625 0.10222222222222223
0 0.390625 0.5844444444444444 0.03125 0.14666666666666667
0 0.441875 0.7533333333333333 0.04625 0.19555555555555557
0 0.47375 0.65 0.0325 0.14888888888888888
0 0.50875 0.5644444444444444 0.0325 0.14222222222222222
0 0.63125 0.6855555555555556 0.0525 0.19777777777777777
0 0.750625 0.6933333333333334 0.051250000000000004 0.19111111111111112
0 0.5325 0.5233333333333333 0.0275 0.12666666666666668
0 0.096875 0.4722222222222222 0.02625 0.10888888888888888
0 0.93375 0.8811111111111111 0.10250000000000001 0.23333333333333334
0 0.43062500000000004 0.44333333333333336 0.01875 0.08666666666666667
