0 0.3625 0.8011111111111111 0.0475 0.22444444444444445
0 0.504375 0.86 0.06125 0.2222222222222222
0 0.58 0.83 0.06 0.24666666666666667
0 0.66 0.7966666666666666 0.055 0.20222222222222222
0 0.7375 0.7611111111111111 0.0625 0.18888888888888888
0 0.855 0.8666666666666667 0.0925 0.24444444444444444
0 0.42125 0.6033333333333334 0.0325 0.15333333333333332
0 0.374375 0.6188888888888889 0.03375 0.1622222222222222
0 0.474375 0.5577777777777778 0.03375 0.13777777777777778
0 0.63875 0.5688888888888889 0.0375 0.14666666666666667
0 0.53125 0.5588888888888889 0.035 0.14
0 0.45687500000000003 0.46111111111111114 0.02875 0.10444444444444445
0 0.40625 0.4577777777777778 0.025 0.1111111111111111
0 0.343125 0.4777777777777778 0.02375 0.1111111111111111
0 0.18875 0.39555555555555555 0.02 0.08
1 0.49125 0.38555555555555554 0.0575 0.08222222222222222
0 0.36562500000000003 0.34 0.01875 0.06666666666666667
