0 0.862500 0.575926 0.036458 0.159259
0 0.851042 0.468056 0.031250 0.128704
0 0.654948 0.668981 0.039062 0.182407
0 0.620573 0.553704 0.036979 0.159259
0 0.544792 0.438426 0.036458 0.130556
0 0.601042 0.379167 0.032292 0.112037
0 0.557292 0.354167 0.025000 0.099074
0 0.565104 0.297685 0.022917 0.089815
0 0.551302 0.278241 0.016146 0.087963
0 0.662500 0.190741 0.021875 0.079630
4 0.916667 0.472685 0.026042 0.139815
4 0.868750 0.417593 0.018750 0.124074
4 0.901042 0.380093 0.019792 0.119444
4 0.817708 0.337037 0.021875 0.116667
4 0.855469 0.362037 0.019271 0.094444
4 0.788802 0.287037 0.019271 0.090741
1 0.377604 0.389815 0.084375 0.124074
1 0.276302 0.264352 0.071354 0.093519
2 0.213281 0.192130 0.067187 0.126852
2 0.272656 0.115278 0.061979 0.104630
2 0.716406 0.358796 0.096354 0.187963
2 0.560417 0.076389 0.063542 0.136111
3 0.415625 0.186574 0.095833 0.232407
3 0.365104 0.118056 0.059375 0.136111
3 0.444531 0.037500 0.039062 0.073148
