0 0.358750 0.606667 0.030000 0.111111
0 0.330000 0.586667 0.032500 0.088889
0 0.311250 0.575556 0.030000 0.084444
0 0.518125 0.616667 0.036250 0.091111
0 0.611250 0.643333 0.027500 0.104444
0 0.650625 0.682222 0.033750 0.088889
0 0.699375 0.708889 0.026250 0.120000
0 0.774375 0.876667 0.041250 0.153333
0 0.831250 0.816667 0.045000 0.144444
0 0.917500 0.817778 0.052500 0.155556
0 0.838125 0.762222 0.043750 0.137778
0 0.858750 0.723333 0.035000 0.108889
0 0.896875 0.708889 0.038750 0.106667
0 0.783750 0.653333 0.035000 0.102222
1 0.698125 0.636667 0.086250 0.108889
0 0.631875 0.574444 0.026250 0.077778
0 0.397500 0.548889 0.030000 0.084444
0 0.662500 0.552222 0.022500 0.073333
0 0.712500 0.545556 0.032500 0.077778
0 0.773125 0.530000 0.033750 0.077778
0 0.735000 0.534444 0.025000 0.064444
0 0.629375 0.515556 0.026250 0.057778
1 0.560625 0.493333 0.056250 0.080000
