0 0.47750000000000004 0.8011111111111111 0.055 0.23333333333333334
0 0.57625 0.7622222222222222 0.0525 0.2
0 0.358125 0.6144444444444445 0.03875 0.15333333333333332
0 0.226875 0.4211111111111111 0.02625 0.09111111111111111
0 0.080625 0.45 0.02125 0.10444444444444445
0 0.498125 0.6177777777777778 0.03125 0.14222222222222222
0 0.46 0.6544444444444445 0.04 0.14
0 0.5475 0.6355555555555555 0.0425 0.1511111111111111
0 0.41125 0.54 0.03 0.12444444444444444
0 0.45937500000000003 0.5077777777777778 0.03125 0.12222222222222222
0 0.49 0.4444444444444444 0.025 0.08888888888888889
0 0.508125 0.5366666666666666 0.03625 0.12666666666666668
0 0.553125 0.5144444444444445 0.04125 0.11777777777777777
1 0.7106250000000001 0.6844444444444444 0.18625 0.23555555555555555
1 0.7625000000000001 0.5822222222222222 0.1525 0.18222222222222223
1 0.58 0.4722222222222222 0.09 0.12666666666666668
1 0.56 0.37555555555555553 0.0625 0.08444444444444445
