1 0.640000 0.888889 0.060000 0.111111
3 0.644375 0.761111 0.048750 0.117778
3 0.626875 0.696667 0.036250 0.082222
1 0.572500 0.697778 0.030000 0.057778
1 0.457500 0.658889 0.050000 0.055556
4 0.503125 0.684444 0.048750 0.048889
0 0.567500 0.835556 0.015000 0.084444
0 0.804375 0.912222 0.021250 0.068889
0 0.880000 0.960000 0.030000 0.075556
1 0.804375 0.971111 0.098750 0.057778
0 0.801875 0.861111 0.021250 0.073333
0 0.811875 0.823333 0.018750 0.068889
0 0.768125 0.823333 0.018750 0.068889
0 0.546875 0.785556 0.021250 0.055556
4 0.546875 0.841111 0.011250 0.073333
0 0.288125 0.875556 0.028750 0.097778
0 0.211875 0.946667 0.033750 0.106667
0 0.103750 0.874444 0.025000 0.091111
0 0.182500 0.788889 0.017500 0.080000
0 0.245000 0.800000 0.017500 0.075556
0 0.291250 0.786667 0.012500 0.075556
0 0.364375 0.756667 0.016250 0.060000
0 0.327500 0.756667 0.012500 0.060000
0 0.268125 0.750000 0.016250 0.068889
0 0.239375 0.758889 0.011250 0.068889
0 0.307500 0.748889 0.012500 0.066667
0 0.689375 0.744444 0.016250 0.057778
0 0.733125 0.756667 0.016250 0.060000
0 0.721875 0.813333 0.038750 0.093333
3 0.229375 0.643333 0.058750 0.073333
