0 0.288281 0.777582 0.041146 0.132629
0 0.225781 0.680164 0.032813 0.113850
0 0.171094 0.550469 0.022396 0.072770
0 0.540365 0.490023 0.027604 0.099765
0 0.892188 0.623826 0.030208 0.106808
0 0.926302 0.593897 0.038021 0.140845
0 0.977865 0.694249 0.036979 0.125587
0 0.903646 0.794014 0.039583 0.142019
0 0.936458 0.473592 0.030208 0.104460
0 0.860677 0.388498 0.016146 0.068075
0 0.832552 0.368545 0.025521 0.077465
0 0.767969 0.394953 0.018229 0.062207
0 0.768750 0.295775 0.016667 0.063380
0 0.872917 0.282864 0.015625 0.079812
0 0.885938 0.230634 0.017708 0.050469
0 0.823438 0.214789 0.012500 0.044601
0 0.787240 0.183099 0.011979 0.030516
0 0.817187 0.182512 0.014583 0.041080
0 0.900260 0.205399 0.009896 0.025822
0 0.890365 0.377347 0.019271 0.102113
1 0.797656 0.563380 0.080729 0.154930
1 0.570573 0.596831 0.088021 0.120892
1 0.335417 0.535211 0.078125 0.136150
1 0.119531 0.436620 0.103646 0.077465
1 0.810677 0.323944 0.047396 0.082160
3 0.713021 0.292254 0.076042 0.136150
3 0.698958 0.485329 0.091667 0.191315
3 0.862240 0.154930 0.055729 0.072770
