1 0.584375 0.938889 0.066250 0.122222
1 0.678125 0.802222 0.058750 0.093333
1 0.624375 0.742222 0.046250 0.071111
1 0.673750 0.703333 0.030000 0.055556
1 0.344375 0.725556 0.073750 0.064444
1 0.163125 0.711111 0.071250 0.048889
4 0.586875 0.952222 0.013750 0.095556
1 0.665000 0.947778 0.067500 0.100000
1 0.765000 0.884444 0.070000 0.102222
1 0.516250 0.766667 0.087500 0.093333
3 0.612500 0.683333 0.035000 0.082222
3 0.645000 0.636667 0.030000 0.077778
3 0.271875 0.690000 0.093750 0.077778
2 0.386875 0.680000 0.091250 0.075556
0 0.381875 0.813333 0.018750 0.093333
0 0.250625 0.736667 0.031250 0.046667
0 0.233125 0.866667 0.033750 0.097778
0 0.191250 0.850000 0.027500 0.104444
0 0.852500 0.904444 0.020000 0.084444
0 0.873125 0.970000 0.021250 0.055556
0 0.791250 0.818889 0.017500 0.077778
0 0.752500 0.795556 0.017500 0.071111
0 0.700625 0.736667 0.013750 0.055556
