0 0.800521 0.884259 0.065625 0.231481
0 0.863281 0.576852 0.033854 0.157407
0 0.850260 0.467130 0.031771 0.130556
0 0.578385 0.389815 0.031771 0.103704
0 0.715885 0.338889 0.026562 0.111111
0 0.681510 0.269444 0.025521 0.098148
0 0.640885 0.297222 0.023438 0.096296
0 0.542448 0.299074 0.026562 0.103704
4 0.971615 0.568981 0.035937 0.156481
4 0.916667 0.472222 0.029167 0.138889
4 0.901042 0.379167 0.020833 0.113889
4 0.869010 0.415278 0.018229 0.117593
4 0.854427 0.361574 0.017188 0.093519
4 0.816667 0.334722 0.026042 0.119444
4 0.754427 0.294444 0.025521 0.094444
4 0.727083 0.287500 0.028125 0.087963
2 0.591146 0.173611 0.080208 0.193519
2 0.536719 0.031944 0.041146 0.062037
2 0.264844 0.114815 0.054688 0.103704
2 0.557031 0.566667 0.178646 0.275926
3 0.279687 0.670370 0.271875 0.646296
3 0.092969 0.550463 0.184896 0.365741
3 0.302083 0.257870 0.081250 0.199074
3 0.495052 0.121759 0.054688 0.115741
3 0.347396 0.109259 0.080208 0.216667
3 0.449479 0.047222 0.051042 0.092593
