0 0.192500 0.922222 0.025000 0.111111
0 0.244375 0.831111 0.016250 0.088889
0 0.186250 0.813333 0.020000 0.075556
0 0.093750 0.877778 0.020000 0.084444
0 0.724375 0.800000 0.013750 0.071111
0 0.780000 0.795556 0.015000 0.057778
0 0.816250 0.848889 0.017500 0.093333
1 0.304375 0.960000 0.083750 0.080000
1 0.398750 0.885556 0.055000 0.117778
1 0.583750 0.937778 0.065000 0.120000
1 0.778125 0.951111 0.111250 0.097778
1 0.314375 0.844444 0.071250 0.124444
1 0.318125 0.756667 0.053750 0.073333
3 0.415000 0.757778 0.047500 0.128889
1 0.380625 0.713333 0.028750 0.075556
