0 0.6765625000000001 0.3625 0.0203125 0.06944444444444445
0 0.622265625 0.2902777777777778 0.017968750000000002 0.04722222222222222
0 0.275 0.47500000000000003 0.029687500000000002 0.12222222222222223
0 0.12578125 0.55 0.0421875 0.1388888888888889
0 0.385546875 0.27361111111111114 0.01640625 0.05277777777777778
0 0.353515625 0.27569444444444446 0.01640625 0.05416666666666667
0 0.3671875 0.23194444444444445 0.0125 0.05
0 0.389453125 0.2138888888888889 0.01015625 0.03888888888888889
3 0.369140625 0.5569444444444445 0.15859375 0.36944444444444446
3 0.46406250000000004 0.18958333333333335 0.046875 0.09583333333333334
