0 0.6462450592885375 0.6765734265734266 0.05928853754940711 0.19230769230769232
0 0.7737154150197628 0.8741258741258742 0.06916996047430829 0.21678321678321677
0 0.8784584980237153 0.5209790209790209 0.0533596837944664 0.16783216783216784
0 0.924901185770751 0.40384615384615385 0.03952569169960474 0.12237762237762238
0 0.8468379446640316 0.3583916083916084 0.03359683794466403 0.12237762237762238
0 0.8092885375494071 0.40384615384615385 0.037549407114624504 0.10139860139860139
0 0.7944664031620553 0.5227272727272727 0.03952569169960474 0.15734265734265734
0 0.7312252964426877 0.49125874125874125 0.043478260869565216 0.15034965034965034
0 0.5345849802371541 0.9038461538461539 0.07707509881422925 0.15734265734265734
0 0.7826086956521738 0.36363636363636365 0.02766798418972332 0.11888111888111888
0 0.8162055335968379 0.2062937062937063 0.01976284584980237 0.08391608391608392
0 0.8547430830039525 0.25 0.02569169960474308 0.08741258741258741
0 0.8567193675889327 0.18356643356643357 0.01383399209486166 0.05244755244755245
0 0.8567193675889327 0.15034965034965034 0.01383399209486166 0.027972027972027972
0 0.892292490118577 0.20804195804195805 0.021739130434782608 0.08041958041958042
0 0.9130434782608695 0.2534965034965035 0.023715415019762844 0.0944055944055944
0 0.9258893280632411 0.20454545454545456 0.021739130434782608 0.07342657342657342
0 0.9150197628458497 0.1660839160839161 0.01976284584980237 0.05944055944055944
0 0.892292490118577 0.14685314685314685 0.021739130434782608 0.06993006993006994
0 0.8784584980237153 0.11013986013986014 0.01383399209486166 0.05244755244755245
0 0.9308300395256917 0.12062937062937062 0.015810276679841896 0.045454545454545456
0 0.9683794466403162 0.11538461538461539 0.015810276679841896 0.055944055944055944
0 0.950592885375494 0.0979020979020979 0.015810276679841896 0.04195804195804196
0 0.933794466403162 0.08566433566433566 0.01383399209486166 0.03146853146853147
0 0.3567193675889328 0.2902097902097902 0.029644268774703556 0.11888111888111888
0 0.2519762845849802 0.1486013986013986 0.04150197628458498 0.06643356643356643
0 0.6936758893280632 0.1590909090909091 0.023715415019762844 0.08041958041958042
0 0.07015810276679842 0.3181818181818182 0.04545454545454545 0.1048951048951049
1 0.7015810276679841 0.34265734265734266 0.1067193675889328 0.1258741258741259
1 0.12351778656126482 0.2517482517482518 0.08102766798418971 0.0979020979020979
1 0.9120553359683794 0.08041958041958042 0.037549407114624504 0.055944055944055944
1 0.8992094861660078 0.05419580419580419 0.03162055335968379 0.045454545454545456
0 0.03260869565217391 0.38636363636363635 0.02569169960474308 0.06643356643356643
