3 0.363281 0.534696 0.215104 0.181559
0 0.160417 0.678232 0.081250 0.109316
0 0.261198 0.634030 0.073438 0.081749
0 0.092188 0.520437 0.030208 0.094106
0 0.186719 0.508555 0.026562 0.079848
0 0.218490 0.506179 0.029687 0.080798
0 0.153646 0.493821 0.027083 0.088403
0 0.852865 0.579373 0.071354 0.080798
0 0.317188 0.377376 0.021875 0.058935
0 0.290885 0.387357 0.017188 0.065589
0 0.256510 0.446293 0.025521 0.073194
0 0.224740 0.463878 0.026562 0.068441
1 0.373177 0.369297 0.049479 0.065589
