0 0.589323 0.656690 0.035937 0.125587
0 0.127865 0.511737 0.028646 0.075117
0 0.856771 0.707160 0.033333 0.127934
0 0.888281 0.667254 0.031771 0.127934
0 0.818229 0.604460 0.031250 0.098592
0 0.755469 0.515258 0.019271 0.110329
0 0.741667 0.434859 0.017708 0.078638
0 0.944531 0.855047 0.030729 0.137324
0 0.840885 0.274648 0.015104 0.068075
1 0.671875 0.501174 0.079167 0.154930
1 0.752865 0.773474 0.113021 0.253521
1 0.707552 0.367958 0.047396 0.083333
1 0.821354 0.452465 0.066667 0.125587
1 0.187500 0.713028 0.082292 0.203052
1 0.682031 0.247653 0.047396 0.065728
1 0.794531 0.341549 0.050521 0.070423
3 0.733594 0.278169 0.053646 0.112676
3 0.907552 0.448357 0.091146 0.178404
