0 0.717187 0.422535 0.031250 0.082160
0 0.879687 0.596831 0.031250 0.106808
0 0.926042 0.657277 0.029167 0.096244
0 0.953125 0.787559 0.025000 0.122066
0 0.285938 0.563967 0.026042 0.092723
0 0.234635 0.403169 0.030729 0.057512
1 0.675521 0.360329 0.048958 0.096244
1 0.630729 0.535798 0.083333 0.137324
1 0.791406 0.565728 0.081771 0.157277
1 0.781771 0.399648 0.054167 0.113850
1 0.725521 0.254108 0.054167 0.073944
1 0.201042 0.802230 0.153125 0.231221
1 0.197135 0.527582 0.086979 0.109155
4 0.681250 0.244718 0.033333 0.078638
3 0.807031 0.285798 0.060937 0.139671
3 0.571615 0.771127 0.169271 0.319249
3 0.887240 0.418427 0.089063 0.210094
3 0.623958 0.248826 0.063542 0.117371
