2 0.22233201581027667 0.6153846153846154 0.11660079051383399 0.34265734265734266
2 0.4525691699604743 0.8461538461538461 0.24505928853754938 0.27972027972027974
1 0.5405138339920948 0.7832167832167832 0.12055335968379446 0.16083916083916083
1 0.45454545454545453 0.6276223776223776 0.10276679841897232 0.15034965034965034
1 0.2954545454545454 0.458041958041958 0.04940711462450593 0.1048951048951049
1 0.39229249011857703 0.49125874125874125 0.061264822134387345 0.08041958041958042
1 0.41897233201581024 0.5611888111888111 0.06324110671936758 0.10139860139860139
1 0.43083003952569165 0.4020979020979021 0.05928853754940711 0.08391608391608392
1 0.3636363636363636 0.4423076923076923 0.05928853754940711 0.10839160839160839
1 0.25790513833992096 0.36713286713286714 0.04150197628458498 0.06993006993006994
1 0.3033596837944664 0.34965034965034963 0.029644268774703556 0.04895104895104895
0 0.06324110671936758 0.8706293706293706 0.04743083003952569 0.1888111888111888
0 0.10770750988142291 0.9020979020979021 0.03359683794466403 0.13986013986013987
0 0.14130434782608695 0.8496503496503497 0.037549407114624504 0.14685314685314685
0 0.12055335968379446 0.7867132867132867 0.035573122529644265 0.1048951048951049
0 0.18972332015810275 0.8024475524475524 0.03162055335968379 0.06643356643356643
0 0.19169960474308298 0.8706293706293706 0.035573122529644265 0.07692307692307693
0 0.23715415019762845 0.8321678321678322 0.03952569169960474 0.13286713286713286
0 0.29150197628458496 0.8793706293706294 0.04940711462450593 0.17132867132867133
0 0.12450592885375493 0.7255244755244755 0.03162055335968379 0.08741258741258741
0 0.09189723320158102 0.6730769230769231 0.02569169960474308 0.10839160839160839
0 0.14130434782608695 0.6468531468531469 0.03359683794466403 0.1048951048951049
0 0.3636363636363636 0.6101398601398601 0.05138339920948616 0.10839160839160839
0 0.5434782608695652 0.5979020979020979 0.03162055335968379 0.1258741258741259
0 0.5464426877470355 0.44405594405594406 0.029644268774703556 0.08391608391608392
0 0.5800395256916996 0.4318181818181818 0.021739130434782608 0.0944055944055944
0 0.5938735177865613 0.48426573426573427 0.021739130434782608 0.08041958041958042
0 0.625494071146245 0.479020979020979 0.029644268774703556 0.08391608391608392
