1 0.8656126482213438 0.2534965034965035 0.06719367588932806 0.0944055944055944
1 0.8636363636363635 0.14160839160839161 0.05138339920948616 0.08041958041958042
1 0.7796442687747035 0.22552447552447552 0.07707509881422925 0.10839160839160839
1 0.6571146245059288 0.43356643356643354 0.13636363636363635 0.1958041958041958
1 0.07312252964426877 0.2744755244755245 0.07114624505928853 0.13636363636363635
0 0.9486166007905138 0.09615384615384616 0.015810276679841896 0.05244755244755245
0 0.9723320158102766 0.07692307692307693 0.015810276679841896 0.04895104895104895
0 0.8616600790513833 0.07167832167832168 0.01976284584980237 0.05244755244755245
0 0.9377470355731224 0.28146853146853146 0.02569169960474308 0.10139860139860139
0 0.9575098814229248 0.1888111888111888 0.02569169960474308 0.06993006993006994
0 0.9298418972332015 0.1486013986013986 0.021739130434782608 0.07342657342657342
0 0.9407114624505928 0.4388111888111888 0.035573122529644265 0.14335664335664336
0 0.8270750988142292 0.43006993006993005 0.037549407114624504 0.14685314685314685
0 0.7628458498023715 0.4493006993006993 0.03952569169960474 0.14335664335664336
0 0.31225296442687744 0.42482517482517484 0.03952569169960474 0.15734265734265734
0 0.2628458498023715 0.3321678321678322 0.043478260869565216 0.11888111888111888
0 0.16403162055335968 0.32167832167832167 0.035573122529644265 0.11188811188811189
0 0.2519762845849802 0.1555944055944056 0.04150197628458498 0.05944055944055944
