0 0.599219 0.838426 0.044271 0.221296
0 0.634375 0.768981 0.040625 0.189815
0 0.864062 0.582407 0.033333 0.155556
0 0.553385 0.629630 0.031771 0.151852
0 0.604167 0.538426 0.033333 0.149074
0 0.537500 0.547222 0.035417 0.137037
0 0.608333 0.434259 0.031250 0.107407
0 0.589063 0.356019 0.023958 0.112037
0 0.554948 0.322222 0.025521 0.098148
0 0.505990 0.319907 0.024479 0.106481
0 0.604688 0.242593 0.018750 0.090741
0 0.585417 0.225000 0.019792 0.083333
4 0.895312 0.446759 0.020833 0.121296
4 0.863802 0.435648 0.023438 0.130556
4 0.762760 0.335185 0.018229 0.118519
4 0.779427 0.318519 0.020313 0.116667
4 0.797656 0.300463 0.019271 0.097222
4 0.821875 0.328241 0.018750 0.099074
1 0.728385 0.493056 0.104688 0.175000
2 0.690625 0.271759 0.118750 0.262037
2 0.635677 0.137963 0.065104 0.140741
3 0.334635 0.327315 0.140104 0.443519
4 0.937760 0.867593 0.124479 0.264815
3 0.433073 0.058796 0.055729 0.115741
