0 0.686875 0.893333 0.023750 0.093333
0 0.752500 0.961111 0.027500 0.077778
0 0.390625 0.761111 0.033750 0.055556
1 0.585000 0.805556 0.040000 0.082222
3 0.600625 0.963333 0.121250 0.073333
1 0.741250 0.866667 0.077500 0.115556
1 0.826875 0.876667 0.073750 0.086667
1 0.691250 0.762222 0.047500 0.062222
1 0.523125 0.720000 0.036250 0.071111
3 0.565625 0.696667 0.033750 0.077778
2 0.665625 0.688889 0.038750 0.075556
3 0.401875 0.675556 0.096250 0.075556
1 0.166250 0.676667 0.062500 0.060000
