0 0.690000 0.948889 0.030000 0.088889
0 0.827500 0.950000 0.030000 0.091111
0 0.917500 0.960000 0.047500 0.080000
0 0.775000 0.875556 0.027500 0.093333
0 0.743750 0.840000 0.025000 0.080000
0 0.634375 0.776667 0.026250 0.068889
0 0.401250 0.736667 0.030000 0.046667
0 0.315000 0.708889 0.032500 0.048889
0 0.255000 0.728889 0.030000 0.048889
0 0.216875 0.725556 0.026250 0.046667
0 0.095625 0.778889 0.028750 0.068889
1 0.683750 0.880000 0.065000 0.111111
1 0.582500 0.847778 0.052500 0.113333
1 0.620000 0.738889 0.040000 0.060000
1 0.561875 0.702222 0.028750 0.066667
3 0.322500 0.675556 0.112500 0.088889
4 0.511250 0.836667 0.017500 0.077778
4 0.912500 0.831111 0.017500 0.093333
3 0.604375 0.664444 0.026250 0.066667
