0 0.6466145833333333 0.6443661971830986 0.022395833333333334 0.12206572769953052
0 0.50390625 0.5410798122065728 0.0328125 0.11032863849765258
0 0.2713541666666667 0.5563380281690141 0.04479166666666667 0.09154929577464789
0 0.5705729166666667 0.4671361502347418 0.03177083333333333 0.09389671361502347
0 0.6471354166666666 0.4366197183098592 0.03177083333333333 0.107981220657277
0 0.5973958333333333 0.3362676056338028 0.021875 0.08568075117370892
0 0.6533854166666666 0.2576291079812207 0.018229166666666668 0.0528169014084507
0 0.6817708333333333 0.22711267605633803 0.015625 0.05985915492957747
0 0.9322916666666666 0.7288732394366197 0.028125 0.10093896713615023
0 0.8848958333333333 0.6801643192488263 0.03333333333333333 0.142018779342723
0 0.90703125 0.4894366197183099 0.01614583333333333 0.09624413145539906
0 0.8606770833333334 0.5093896713615024 0.0265625 0.08215962441314555
0 0.85 0.4184272300469484 0.019791666666666666 0.09272300469483569
0 0.8270833333333333 0.3785211267605634 0.016666666666666666 0.06690140845070423
0 0.96171875 0.6167840375586855 0.024479166666666666 0.11384976525821597
0 0.9265625 0.5604460093896714 0.019791666666666666 0.08802816901408451
0 0.884375 0.426056338028169 0.0125 0.06338028169014084
0 0.9505208333333334 0.45598591549295775 0.02395833333333333 0.08802816901408451
1 0.7596354166666667 0.6960093896713615 0.10052083333333334 0.14553990610328638
1 0.7778645833333333 0.4935446009389671 0.06302083333333333 0.10446009389671362
1 0.8052083333333333 0.32922535211267606 0.053125 0.07863849765258216
1 0.8044270833333333 0.2623239436619718 0.0328125 0.05516431924882629
1 0.7455729166666667 0.29812206572769956 0.028645833333333332 0.056338028169014086
1 0.8057291666666666 0.2147887323943662 0.03333333333333333 0.0539906103286385
1 0.8393229166666667 0.19131455399061034 0.0203125 0.04460093896713615
1 0.146875 0.47124413145539906 0.084375 0.09976525821596244
1 0.5075520833333333 0.7658450704225352 0.10885416666666667 0.21948356807511737
3 0.7440104166666667 0.20011737089201878 0.0421875 0.07629107981220658
