0 0.366796875 0.2777777777777778 0.017968750000000002 0.058333333333333334
0 0.3375 0.33958333333333335 0.025 0.051388888888888894
0 0.5375 0.26875 0.0171875 0.04583333333333334
0 0.12421875 0.7673611111111112 0.0625 0.20416666666666666
0 0.19062500000000002 0.5659722222222222 0.045312500000000006 0.14583333333333334
0 0.2328125 0.44722222222222224 0.0234375 0.1
0 0.19843750000000002 0.42291666666666666 0.025 0.08472222222222223
0 0.314453125 0.32708333333333334 0.017968750000000002 0.05694444444444444
0 0.28671875 0.3229166666666667 0.018750000000000003 0.06527777777777778
0 0.338671875 0.2729166666666667 0.014843750000000001 0.05694444444444444
3 0.31171875000000004 0.5416666666666667 0.1421875 0.3527777777777778
3 0.61484375 0.2847222222222222 0.065625 0.14722222222222223
2 0.444921875 0.23333333333333334 0.047656250000000004 0.10833333333333334
