1 0.8517786561264822 0.243006993006993 0.07905138339920947 0.10139860139860139
1 0.08794466403162055 0.25874125874125875 0.07312252964426877 0.09090909090909091
0 0.25296442687747034 0.1590909090909091 0.043478260869565216 0.06643356643356643
0 0.6215415019762845 0.8321678321678322 0.07707509881422925 0.22377622377622378
0 0.40909090909090906 0.9283216783216783 0.08695652173913043 0.11538461538461539
0 0.7529644268774703 0.458041958041958 0.05138339920948616 0.14685314685314685
0 0.8102766798418972 0.527972027972028 0.04743083003952569 0.16783216783216784
0 0.7618577075098814 0.30244755244755245 0.029644268774703556 0.10839160839160839
0 0.8567193675889327 0.34265734265734266 0.03359683794466403 0.11188811188811189
0 0.901185770750988 0.17482517482517482 0.023715415019762844 0.06993006993006994
0 0.13932806324110672 0.32517482517482516 0.04150197628458498 0.11188811188811189
0 0.05138339920948616 0.3304195804195804 0.03162055335968379 0.08041958041958042
4 0.6195652173913043 0.02972027972027972 0.009881422924901184 0.038461538461538464
