0 0.155625 0.696667 0.063750 0.135556
1 0.068750 0.926667 0.132500 0.137778
1 0.227500 0.781111 0.125000 0.175556
1 0.276250 0.956667 0.102500 0.082222
0 0.281250 0.601111 0.045000 0.091111
0 0.360000 0.644444 0.050000 0.093333
4 0.351250 0.597778 0.035000 0.080000
1 0.593125 0.687778 0.081250 0.162222
0 0.706875 0.802222 0.048750 0.120000
0 0.736875 0.913333 0.048750 0.151111
0 0.803750 0.958889 0.060000 0.077778
0 0.862500 0.872222 0.060000 0.140000
0 0.925000 0.796667 0.065000 0.131111
0 0.799375 0.744444 0.053750 0.115556
0 0.720000 0.702222 0.042500 0.115556
0 0.838125 0.690000 0.033750 0.108889
0 0.533750 0.570000 0.030000 0.082222
0 0.584375 0.560000 0.028750 0.080000
0 0.628750 0.584444 0.037500 0.088889
0 0.679375 0.614444 0.026250 0.086667
0 0.716250 0.620000 0.035000 0.088889
0 0.761250 0.635556 0.030000 0.093333
0 0.810000 0.696667 0.030000 0.082222
0 0.564375 0.500000 0.026250 0.066667
3 0.616875 0.484444 0.063750 0.133333
0 0.790000 0.565556 0.030000 0.064444
0 0.700000 0.552222 0.025000 0.073333
0 0.665625 0.544444 0.031250 0.071111
0 0.860625 0.650000 0.031250 0.086667
0 0.796250 0.656667 0.027500 0.095556
0 0.405000 0.501111 0.035000 0.064444
