1 0.381875 0.782222 0.051250 0.088889
1 0.365000 0.931111 0.077500 0.133333
1 0.656875 0.791111 0.051250 0.088889
1 0.558750 0.748889 0.035000 0.071111
2 0.276250 0.870000 0.090000 0.202222
2 0.710000 0.730000 0.060000 0.117778
3 0.719375 0.935556 0.103750 0.128889
3 0.613125 0.952222 0.098750 0.091111
3 0.149375 0.908889 0.138750 0.182222
1 0.762500 0.838889 0.072500 0.108889
1 0.646875 0.712222 0.031250 0.064444
3 0.568125 0.668889 0.038750 0.080000
1 0.530000 0.672222 0.027500 0.060000
3 0.297500 0.722222 0.057500 0.111111
1 0.396250 0.705556 0.032500 0.073333
0 0.056875 0.952222 0.028750 0.091111
0 0.098125 0.860000 0.021250 0.093333
0 0.829375 0.885556 0.018750 0.082222
0 0.910000 0.907778 0.030000 0.091111
