0 0.21375 0.45444444444444443 0.025 0.10888888888888888
0 0.16625 0.48 0.0275 0.10666666666666666
0 0.026875 0.6333333333333333 0.04125 0.16444444444444445
0 0.21875 0.6311111111111111 0.0325 0.16
0 0.349375 0.8 0.06125 0.2222222222222222
0 0.424375 0.7522222222222222 0.05625 0.23777777777777778
0 0.49562500000000004 0.6966666666666667 0.03875 0.18888888888888888
0 0.5700000000000001 0.7355555555555555 0.0425 0.21777777777777776
0 0.625 0.6744444444444444 0.0425 0.19333333333333333
0 0.726875 0.7911111111111111 0.06125 0.2311111111111111
0 0.835 0.8077777777777778 0.075 0.24666666666666667
0 0.6475 0.5666666666666667 0.035 0.14222222222222222
0 0.441875 0.5555555555555556 0.02875 0.13333333333333333
0 0.39687500000000003 0.5766666666666667 0.02875 0.13111111111111112
0 0.52125 0.4766666666666667 0.025 0.10444444444444445
0 0.57875 0.5288888888888889 0.035 0.12444444444444444
0 0.47250000000000003 0.42333333333333334 0.0175 0.08222222222222222
0 0.440625 0.46 0.02625 0.08888888888888889
0 0.54875 0.4411111111111111 0.025 0.09111111111111111
1 0.63875 0.4477777777777778 0.1 0.13555555555555557
