0 0.37625000000000003 0.75 0.04 0.20222222222222222
0 0.280625 0.55 0.03125 0.13111111111111112
0 0.41625 0.5055555555555555 0.025 0.11333333333333333
0 0.4475 0.5711111111111111 0.035 0.13777777777777778
0 0.479375 0.6633333333333333 0.03875 0.18444444444444444
0 0.451875 0.84 0.04625 0.23555555555555555
0 0.573125 0.8533333333333333 0.06125 0.24
0 0.5906250000000001 0.6711111111111111 0.04625 0.1688888888888889
0 0.519375 0.6144444444444445 0.02625 0.15333333333333332
0 0.75625 0.72 0.0575 0.2
0 0.666875 0.6666666666666666 0.051250000000000004 0.18222222222222223
0 0.468125 0.49777777777777776 0.02375 0.11555555555555555
0 0.574375 0.4488888888888889 0.02125 0.10666666666666666
1 0.865625 0.6733333333333333 0.20875 0.28
1 0.6475 0.47 0.09 0.12666666666666668
1 0.513125 0.3844444444444444 0.058750000000000004 0.08
