0 0.6449218750000001 0.4375 0.032031250000000004 0.08888888888888889
0 0.34101562500000004 0.25972222222222224 0.017968750000000002 0.05277777777777778
0 0.321875 0.30208333333333337 0.0171875 0.06527777777777778
0 0.33515625000000004 0.32916666666666666 0.0171875 0.07777777777777778
0 0.2671875 0.37083333333333335 0.025 0.08611111111111111
0 0.37812500000000004 0.2534722222222222 0.015625 0.05416666666666667
0 0.40390625 0.25277777777777777 0.0171875 0.05555555555555556
3 0.437109375 0.2388888888888889 0.04609375 0.11944444444444445
3 0.77890625 0.7701388888888889 0.2734375 0.4486111111111111
1 0.566015625 0.2138888888888889 0.02734375 0.036111111111111115
