1 0.585000 0.937778 0.065000 0.115556
1 0.363750 0.798889 0.047500 0.077778
1 0.408750 0.746667 0.045000 0.075556
1 0.316875 0.776667 0.051250 0.077778
1 0.280000 0.851111 0.072500 0.137778
3 0.663750 0.833333 0.077500 0.173333
3 0.755000 0.934444 0.142500 0.131111
1 0.566250 0.692222 0.032500 0.055556
1 0.730625 0.834444 0.053750 0.086667
0 0.582500 0.765556 0.017500 0.068889
0 0.806875 0.895556 0.021250 0.088889
0 0.285000 0.961111 0.020000 0.077778
0 0.188750 0.960000 0.030000 0.080000
0 0.208125 0.883333 0.021250 0.095556
0 0.143750 0.948889 0.022500 0.102222
0 0.093750 0.937778 0.027500 0.115556
0 0.034375 0.967778 0.026250 0.064444
0 0.080000 0.878889 0.020000 0.091111
0 0.119375 0.830000 0.021250 0.082222
0 0.168125 0.883333 0.016250 0.082222
0 0.242500 0.844444 0.017500 0.097778
0 0.840625 0.896667 0.018750 0.086667
0 0.762500 0.805556 0.017500 0.073333
