1 0.642292490118577 0.5209790209790209 0.24505928853754938 0.27972027972027974
1 0.283596837944664 0.4370629370629371 0.14822134387351776 0.18181818181818182
1 0.20553359683794464 0.28146853146853146 0.13833992094861658 0.12937062937062938
0 0.6867588932806323 0.743006993006993 0.10474308300395256 0.2062937062937063
0 0.5968379446640316 0.777972027972028 0.11462450592885375 0.2202797202797203
0 0.5009881422924901 0.5996503496503497 0.08102766798418971 0.17832167832167833
0 0.38636363636363635 0.6835664335664335 0.08893280632411067 0.1993006993006993
0 0.23122529644268774 0.5979020979020979 0.05928853754940711 0.15384615384615385
0 0.21541501976284583 0.48776223776223776 0.05928853754940711 0.14335664335664336
0 0.07015810276679842 0.4195804195804196 0.05731225296442687 0.1258741258741259
0 0.07509881422924901 0.3583916083916084 0.05138339920948616 0.10139860139860139
0 0.08992094861660078 0.30594405594405594 0.04150197628458498 0.0944055944055944
0 0.9614624505928853 0.14335664335664336 0.017786561264822132 0.06293706293706294
0 0.9416996047430829 0.11188811188811189 0.017786561264822132 0.06293706293706294
0 0.9061264822134387 0.07867132867132867 0.01383399209486166 0.045454545454545456
4 0.616600790513834 0.2465034965034965 0.01976284584980237 0.08741258741258741
