0 0.920833 0.447183 0.016667 0.091549
0 0.964583 0.481221 0.023958 0.093897
0 0.931510 0.604460 0.032813 0.115023
0 0.883333 0.330399 0.018750 0.073944
1 0.754167 0.522300 0.073958 0.124413
0 0.296615 0.785798 0.041146 0.139671
0 0.170313 0.745305 0.036458 0.154930
0 0.209115 0.393192 0.024479 0.079812
4 0.165885 0.415493 0.027604 0.046948
2 0.810156 0.351526 0.081771 0.198357
1 0.151302 0.490610 0.078646 0.117371
1 0.647396 0.536385 0.102083 0.152582
1 0.757031 0.681338 0.100521 0.172535
1 0.613802 0.408451 0.076563 0.091549
1 0.692448 0.351526 0.064062 0.073944
1 0.569010 0.378521 0.067187 0.080986
1 0.711979 0.262911 0.040625 0.082160
1 0.654948 0.248239 0.041146 0.078638
1 0.757552 0.279930 0.042188 0.080986
3 0.603906 0.268192 0.061979 0.097418
