0 0.046484375 0.8736111111111111 0.09296875 0.2138888888888889
0 0.127734375 0.5680555555555555 0.04296875 0.13333333333333333
0 0.15585937500000002 0.4791666666666667 0.03515625 0.10277777777777779
0 0.23828125 0.4166666666666667 0.028125 0.09444444444444444
0 0.7191406250000001 0.5173611111111112 0.03515625 0.09861111111111112
0 0.816015625 0.6034722222222223 0.04296875 0.14583333333333334
0 0.78828125 0.49097222222222225 0.0390625 0.10694444444444445
0 0.26796875000000003 0.35000000000000003 0.0203125 0.07777777777777778
0 0.384765625 0.2729166666666667 0.01640625 0.05416666666666667
3 0.436328125 0.3104166666666667 0.07109375 0.1375
2 0.32265625000000003 0.40902777777777777 0.09062500000000001 0.18472222222222223
