0 0.197500 0.737778 0.035000 0.057778
0 0.288125 0.718889 0.031250 0.046667
0 0.611250 0.845556 0.020000 0.077778
0 0.644375 0.942222 0.023750 0.102222
0 0.786250 0.857778 0.022500 0.093333
0 0.770625 0.958889 0.021250 0.082222
0 0.631250 0.800000 0.015000 0.066667
4 0.505625 0.843333 0.018750 0.086667
0 0.566875 0.696667 0.013750 0.064444
0 0.336250 0.712222 0.025000 0.051111
1 0.339375 0.788889 0.103750 0.102222
1 0.512500 0.772222 0.065000 0.068889
1 0.606875 0.717778 0.038750 0.048889
1 0.705000 0.911111 0.077500 0.137778
1 0.824375 0.955556 0.083750 0.084444
0 0.876875 0.955556 0.021250 0.084444
2 0.690000 0.690000 0.077500 0.153333
3 0.711875 0.798889 0.071250 0.122222
3 0.459375 0.647778 0.066250 0.060000
1 0.391875 0.683333 0.073750 0.055556
1 0.274375 0.703333 0.078750 0.055556
1 0.424375 0.730000 0.086250 0.073333
1 0.633750 0.771111 0.047500 0.075556
1 0.110000 0.713333 0.087500 0.066667
2 0.564375 0.841111 0.048750 0.122222
