0 0.166875 0.902222 0.021250 0.097778
0 0.121875 0.945556 0.023750 0.104444
0 0.101250 0.910000 0.020000 0.091111
0 0.161250 0.848889 0.020000 0.088889
0 0.213125 0.827778 0.021250 0.086667
0 0.578750 0.826667 0.022500 0.084444
0 0.647500 0.840000 0.030000 0.088889
0 0.720625 0.882222 0.033750 0.084444
0 0.779375 0.881111 0.016250 0.073333
0 0.833750 0.931111 0.020000 0.093333
0 0.836875 0.820000 0.021250 0.071111
1 0.738750 0.965556 0.095000 0.068889
1 0.584375 0.937778 0.066250 0.115556
1 0.335000 0.876667 0.065000 0.135556
1 0.344375 0.957778 0.093750 0.084444
1 0.340625 0.724444 0.036250 0.057778
1 0.261250 0.838889 0.077500 0.122222
3 0.411875 0.778889 0.063750 0.184444
3 0.625000 0.726667 0.057500 0.128889
3 0.571250 0.671111 0.040000 0.084444
1 0.684375 0.743333 0.041250 0.064444
3 0.386875 0.727778 0.046250 0.148889
