0 0.608125 0.8066666666666666 0.058750000000000004 0.24444444444444444
0 0.33875 0.8533333333333333 0.0575 0.2311111111111111
0 0.10375000000000001 0.6455555555555555 0.03 0.14888888888888888
0 0.210625 0.5244444444444445 0.03125 0.1288888888888889
0 0.389375 0.47 0.02625 0.10888888888888888
0 0.44375000000000003 0.6122222222222222 0.04 0.16666666666666666
0 0.498125 0.5811111111111111 0.03375 0.15333333333333332
0 0.5387500000000001 0.5655555555555556 0.0325 0.1622222222222222
0 0.636875 0.48 0.03125 0.10666666666666666
0 0.726875 0.5377777777777778 0.03375 0.1288888888888889
0 0.8150000000000001 0.7044444444444444 0.06 0.20444444444444446
0 0.46625 0.47444444444444445 0.025 0.11333333333333333
