1 0.115625 0.691111 0.073750 0.062222
1 0.577500 0.750000 0.035000 0.060000
1 0.777500 0.821111 0.062500 0.077778
1 0.521875 0.708889 0.033750 0.057778
4 0.849375 0.855556 0.048750 0.097778
1 0.671875 0.720000 0.033750 0.057778
1 0.695625 0.790000 0.061250 0.082222
3 0.563125 0.685556 0.031250 0.073333
3 0.588750 0.898889 0.092500 0.202222
4 0.724375 0.860000 0.013750 0.075556
0 0.693125 0.875556 0.021250 0.088889
0 0.765000 0.872222 0.017500 0.082222
0 0.791250 0.870000 0.017500 0.082222
0 0.652500 0.811111 0.012500 0.075556
0 0.520000 0.863333 0.032500 0.100000
0 0.285625 0.752222 0.033750 0.055556
0 0.193125 0.758889 0.021250 0.077778
