1 0.684375 0.850000 0.066250 0.113333
1 0.623125 0.764444 0.046250 0.080000
1 0.377500 0.762222 0.047500 0.088889
1 0.182500 0.717778 0.085000 0.062222
0 0.192500 0.860000 0.025000 0.084444
0 0.153750 0.943333 0.027500 0.104444
0 0.211875 0.952222 0.028750 0.095556
0 0.274375 0.895556 0.018750 0.106667
0 0.298750 0.923333 0.020000 0.113333
0 0.354375 0.864444 0.021250 0.097778
0 0.782500 0.934444 0.022500 0.100000
0 0.825000 0.904444 0.017500 0.097778
0 0.736875 0.872222 0.016250 0.091111
0 0.791875 0.848889 0.018750 0.066667
0 0.225000 0.744444 0.035000 0.048889
3 0.556250 0.765556 0.060000 0.113333
2 0.575625 0.863333 0.068750 0.153333
1 0.630000 0.695556 0.040000 0.062222
0 0.291250 0.727778 0.030000 0.042222
0 0.505000 0.734444 0.017500 0.064444
