0 0.730625 0.872222 0.018750 0.086667
0 0.771875 0.874444 0.018750 0.091111
0 0.748750 0.822222 0.012500 0.066667
0 0.708750 0.780000 0.012500 0.066667
0 0.378750 0.810000 0.017500 0.086667
0 0.438750 0.773333 0.035000 0.062222
0 0.271875 0.961111 0.031250 0.077778
0 0.185625 0.734444 0.033750 0.051111
0 0.376875 0.723333 0.028750 0.046667
1 0.566875 0.836667 0.051250 0.086667
1 0.660000 0.825556 0.062500 0.095556
1 0.586250 0.953333 0.085000 0.093333
1 0.587500 0.722222 0.040000 0.062222
1 0.596250 0.677778 0.030000 0.053333
1 0.678125 0.742222 0.038750 0.071111
2 0.531250 0.724444 0.055000 0.102222
2 0.192500 0.705556 0.095000 0.064444
1 0.323750 0.692222 0.072500 0.060000
4 0.236250 0.864444 0.017500 0.097778
4 0.211250 0.845556 0.010000 0.086667
