0 0.662109375 0.48194444444444445 0.03671875 0.10555555555555556
0 0.35000000000000003 0.3104166666666667 0.0203125 0.07083333333333333
0 0.28945312500000003 0.3354166666666667 0.01953125 0.08194444444444444
0 0.33632812500000003 0.27847222222222223 0.017968750000000002 0.05694444444444444
0 0.388671875 0.2423611111111111 0.014843750000000001 0.04583333333333334
0 0.41171875 0.2388888888888889 0.0171875 0.04722222222222222
3 0.14179687500000002 0.5652777777777778 0.22109375 0.375
3 0.21953125 0.7083333333333334 0.4390625 0.5805555555555556
3 0.8289062500000001 0.8375 0.340625 0.32222222222222224
1 0.566796875 0.22361111111111112 0.032031250000000004 0.04722222222222222
