0 0.573125 0.868889 0.016250 0.080000
0 0.793125 0.958889 0.023750 0.077778
0 0.726875 0.831111 0.016250 0.075556
0 0.281875 0.868889 0.016250 0.088889
0 0.219375 0.904444 0.023750 0.080000
0 0.123750 0.913333 0.025000 0.097778
0 0.141875 0.854444 0.023750 0.086667
0 0.273125 0.816667 0.016250 0.060000
0 0.325000 0.771111 0.015000 0.071111
0 0.221875 0.751111 0.018750 0.062222
1 0.395625 0.765556 0.048750 0.095556
1 0.638125 0.813333 0.051250 0.080000
1 0.327500 0.942222 0.080000 0.115556
1 0.720625 0.948889 0.083750 0.102222
3 0.610625 0.956667 0.103750 0.086667
0 0.693125 0.810000 0.013750 0.055556
