1 0.70375 0.5433333333333333 0.13 0.1622222222222222
1 0.57375 0.41 0.0775 0.10444444444444445
0 0.211875 0.5433333333333333 0.03125 0.13111111111111112
0 0.23125 0.4722222222222222 0.02 0.10444444444444445
0 0.385 0.4588888888888889 0.0225 0.10444444444444445
0 0.445 0.48777777777777775 0.0275 0.10444444444444445
0 0.433125 0.6033333333333334 0.03625 0.14888888888888888
0 0.469375 0.7466666666666667 0.04625 0.2222222222222222
0 0.581875 0.7077777777777777 0.043750000000000004 0.19333333333333333
0 0.545625 0.58 0.03125 0.15555555555555556
0 0.715 0.71 0.0575 0.19333333333333333
0 0.8456250000000001 0.8111111111111111 0.06875 0.24
0 0.5181250000000001 0.4888888888888889 0.02875 0.12
0 0.49062500000000003 0.43444444444444447 0.02125 0.09111111111111111
0 0.361875 0.40555555555555556 0.02125 0.08666666666666667
