0 0.558750 0.835556 0.040000 0.146667
0 0.696250 0.782222 0.025000 0.128889
0 0.669375 0.715556 0.026250 0.097778
0 0.731875 0.770000 0.038750 0.126667
0 0.790625 0.817778 0.026250 0.102222
0 0.784375 0.936667 0.058750 0.100000
0 0.855625 0.921111 0.048750 0.117778
0 0.152500 0.510000 0.055000 0.064444
0 0.250625 0.497778 0.046250 0.080000
0 0.390000 0.476667 0.030000 0.055556
1 0.595000 0.606667 0.062500 0.097778
0 0.723750 0.681111 0.040000 0.104444
0 0.787500 0.750000 0.035000 0.095556
0 0.883750 0.765556 0.037500 0.108889
0 0.836250 0.707778 0.032500 0.108889
0 0.803750 0.657778 0.032500 0.093333
0 0.781250 0.630000 0.035000 0.086667
0 0.745625 0.644444 0.036250 0.097778
0 0.779375 0.574444 0.028750 0.068889
4 0.981250 0.682222 0.032500 0.080000
4 0.666875 0.613333 0.023750 0.084444
4 0.698125 0.610000 0.041250 0.091111
1 0.628125 0.536667 0.063750 0.073333
