1 0.593750 0.750000 0.040000 0.060000
1 0.608750 0.710000 0.040000 0.060000
3 0.338750 0.922222 0.095000 0.151111
3 0.555000 0.638889 0.030000 0.068889
1 0.386875 0.705556 0.033750 0.068889
0 0.685625 0.858889 0.021250 0.077778
0 0.713750 0.825556 0.017500 0.077778
0 0.767500 0.847778 0.022500 0.077778
0 0.833125 0.880000 0.033750 0.088889
0 0.829375 0.952222 0.028750 0.086667
0 0.781250 0.946667 0.030000 0.093333
0 0.746250 0.965556 0.035000 0.068889
0 0.683125 0.770000 0.016250 0.060000
0 0.545625 0.808889 0.023750 0.080000
0 0.328750 0.822222 0.020000 0.066667
0 0.251875 0.837778 0.023750 0.097778
2 0.314375 0.698889 0.088750 0.140000
0 0.529375 0.721111 0.021250 0.055556
0 0.466250 0.775556 0.037500 0.053333
0 0.710625 0.771111 0.013750 0.057778
