0 0.8734375000000001 0.7534722222222222 0.0546875 0.15694444444444444
0 0.02890625 0.7736111111111111 0.0578125 0.17777777777777778
0 0.24531250000000002 0.4444444444444445 0.035937500000000004 0.1
0 0.6390625000000001 0.2951388888888889 0.0203125 0.05416666666666667
0 0.7601562500000001 0.3201388888888889 0.029687500000000002 0.06527777777777778
1 0.563671875 0.20833333333333334 0.030468750000000003 0.04722222222222222
1 0.7542968750000001 0.7277777777777779 0.14140625 0.23055555555555557
1 0.591796875 0.30625 0.049218750000000006 0.09027777777777778
0 0.9617187500000001 0.4861111111111111 0.028125 0.10833333333333334
3 0.800390625 0.2611111111111111 0.10390625 0.1
