3 0.460000 0.628889 0.055000 0.071111
1 0.546875 0.645556 0.061250 0.046667
1 0.570625 0.835556 0.051250 0.075556
1 0.586250 0.935556 0.067500 0.111111
1 0.606875 0.800000 0.061250 0.080000
1 0.358125 0.935556 0.083750 0.124444
1 0.260000 0.916667 0.080000 0.131111
3 0.717500 0.918889 0.100000 0.148889
1 0.811875 0.938889 0.081250 0.108889
1 0.710000 0.818889 0.072500 0.091111
1 0.666250 0.708889 0.047500 0.071111
0 0.829375 0.846667 0.013750 0.071111
0 0.743125 0.777778 0.011250 0.057778
0 0.777500 0.790000 0.020000 0.060000
0 0.304375 0.807778 0.016250 0.077778
0 0.249375 0.818889 0.021250 0.068889
4 0.181875 0.838889 0.016250 0.091111
0 0.541250 0.963333 0.017500 0.073333
