0 0.6746093750000001 0.4222222222222222 0.02734375 0.09444444444444444
0 0.7210937500000001 0.39722222222222225 0.026562500000000003 0.08055555555555556
0 0.11289062500000001 0.7541666666666667 0.057031250000000006 0.17777777777777778
0 0.16757812500000002 0.5715277777777777 0.04609375 0.12083333333333333
0 0.3046875 0.3340277777777778 0.025 0.06527777777777778
0 0.340625 0.28402777777777777 0.0203125 0.059722222222222225
0 0.373828125 0.24791666666666667 0.017968750000000002 0.04861111111111111
0 0.62421875 0.24930555555555556 0.0140625 0.04583333333333334
0 0.6062500000000001 0.24305555555555555 0.015625 0.05
3 0.443359375 0.27361111111111114 0.06640625 0.13333333333333333
