0 0.612500 0.888889 0.017500 0.080000
0 0.722500 0.896667 0.020000 0.082222
0 0.752500 0.865556 0.020000 0.082222
0 0.725000 0.811111 0.012500 0.062222
0 0.746875 0.778889 0.018750 0.051111
0 0.686875 0.796667 0.013750 0.064444
0 0.707500 0.778889 0.015000 0.068889
0 0.530000 0.797778 0.022500 0.075556
0 0.368125 0.755556 0.031250 0.057778
0 0.101250 0.950000 0.040000 0.091111
0 0.251875 0.738889 0.041250 0.051111
0 0.326875 0.735556 0.051250 0.057778
0 0.185625 0.740000 0.038750 0.048889
1 0.216875 0.715556 0.081250 0.053333
1 0.474375 0.770000 0.083750 0.060000
1 0.644375 0.840000 0.063750 0.106667
2 0.641875 0.696667 0.033750 0.051111
2 0.619375 0.667778 0.028750 0.073333
1 0.578125 0.668889 0.033750 0.048889
0 0.588125 0.727778 0.018750 0.077778
3 0.438125 0.705556 0.073750 0.077778
1 0.387500 0.698889 0.067500 0.051111
1 0.834375 0.880000 0.108750 0.080000
2 0.895625 0.942222 0.208750 0.111111
1 0.649375 0.762222 0.038750 0.071111
