4 0.508125 0.850000 0.013750 0.086667
0 0.505625 0.758889 0.028750 0.068889
0 0.755000 0.820000 0.020000 0.080000
0 0.802500 0.830000 0.020000 0.077778
0 0.870000 0.868889 0.020000 0.080000
0 0.343750 0.787778 0.022500 0.077778
0 0.291875 0.808889 0.021250 0.080000
0 0.223750 0.822222 0.022500 0.080000
0 0.140000 0.880000 0.027500 0.097778
0 0.165625 0.737778 0.023750 0.057778
4 0.647500 0.880000 0.057500 0.137778
1 0.658750 0.828889 0.055000 0.093333
1 0.628750 0.734444 0.037500 0.068889
1 0.728750 0.974444 0.077500 0.051111
1 0.830625 0.963333 0.096250 0.073333
1 0.711875 0.755556 0.048750 0.075556
3 0.570625 0.776667 0.046250 0.144444
2 0.394375 0.721111 0.081250 0.077778
1 0.225000 0.732222 0.087500 0.068889
0 0.287500 0.743333 0.020000 0.073333
