0 0.18625 0.5555555555555556 0.0275 0.08444444444444445
0 0.51875 0.6911111111111111 0.04 0.11555555555555555
0 0.7425 0.8566666666666667 0.0725 0.1711111111111111
0 0.6775 0.8755555555555555 0.0625 0.15555555555555556
0 0.468125 0.5255555555555556 0.02625 0.09555555555555556
0 0.39 0.5066666666666667 0.0225 0.08888888888888889
0 0.3575 0.8911111111111111 0.0575 0.16444444444444445
0 0.47125 0.8688888888888889 0.06 0.14666666666666667
0 0.24875 0.5033333333333333 0.025 0.08222222222222222
0 0.1325 0.4488888888888889 0.025 0.05333333333333333
1 0.184375 0.43444444444444447 0.06375 0.12222222222222222
1 0.54 0.45666666666666667 0.08 0.12666666666666668
1 0.66625 0.47888888888888886 0.105 0.1622222222222222
1 0.499375 0.38666666666666666 0.05375 0.07555555555555556
