4 0.583750 0.865556 0.020000 0.100000
0 0.843750 0.910000 0.030000 0.100000
0 0.766250 0.866667 0.017500 0.102222
0 0.796250 0.796667 0.015000 0.068889
0 0.127500 0.782222 0.017500 0.071111
0 0.174375 0.738889 0.016250 0.082222
0 0.196250 0.730000 0.015000 0.068889
1 0.431250 0.758889 0.037500 0.077778
2 0.364375 0.675556 0.048750 0.137778
1 0.267500 0.728889 0.090000 0.071111
3 0.702500 0.892222 0.100000 0.211111
3 0.613125 0.691111 0.046250 0.111111
3 0.555000 0.645556 0.032500 0.073333
1 0.555625 0.692222 0.031250 0.051111
1 0.662500 0.717778 0.035000 0.053333
0 0.510000 0.677778 0.017500 0.057778
0 0.576250 0.720000 0.012500 0.057778
1 0.430000 0.697778 0.035000 0.057778
3 0.756875 0.778889 0.048750 0.091111
0 0.668750 0.760000 0.015000 0.053333
