1 0.685625 0.876667 0.071250 0.117778
1 0.263750 0.905556 0.097500 0.162222
2 0.350000 0.751111 0.065000 0.173333
2 0.068750 0.926667 0.132500 0.146667
0 0.768125 0.956667 0.026250 0.086667
0 0.813125 0.962222 0.021250 0.062222
0 0.790000 0.871111 0.020000 0.071111
0 0.762500 0.883333 0.025000 0.091111
0 0.769375 0.791111 0.023750 0.066667
0 0.723125 0.832222 0.018750 0.073333
0 0.663750 0.781111 0.017500 0.064444
0 0.684375 0.763333 0.018750 0.060000
0 0.619375 0.732222 0.018750 0.064444
0 0.453125 0.767778 0.046250 0.064444
0 0.273125 0.792222 0.026250 0.060000
0 0.257500 0.738889 0.017500 0.060000
1 0.400000 0.688889 0.032500 0.066667
1 0.516250 0.643333 0.055000 0.055556
1 0.585000 0.663333 0.022500 0.046667
