0 0.220703125 0.46458333333333335 0.032031250000000004 0.10138888888888889
0 0.29531250000000003 0.3458333333333333 0.025 0.08333333333333334
0 0.34140625 0.29444444444444445 0.018750000000000003 0.058333333333333334
0 0.665625 0.30694444444444446 0.0140625 0.05555555555555556
0 0.6117187500000001 0.2916666666666667 0.0171875 0.05277777777777778
0 0.403125 0.23472222222222222 0.0140625 0.044444444444444446
0 0.373828125 0.2423611111111111 0.01171875 0.04583333333333334
0 0.589453125 0.21458333333333335 0.01171875 0.034722222222222224
3 0.421484375 0.3666666666666667 0.08984375 0.18333333333333335
3 0.79609375 0.2638888888888889 0.1125 0.08611111111111111
