0 0.239323 0.633216 0.033854 0.111502
0 0.184375 0.578052 0.034375 0.097418
0 0.178125 0.461854 0.028125 0.066901
0 0.181771 0.404930 0.021875 0.063380
0 0.766146 0.617371 0.030208 0.100939
0 0.985417 0.586854 0.029167 0.126761
0 0.948438 0.444249 0.021875 0.076291
0 0.730990 0.426643 0.016146 0.073944
0 0.114062 0.410211 0.025000 0.059859
1 0.673438 0.590376 0.096875 0.187793
1 0.579427 0.483568 0.049479 0.091549
1 0.665104 0.404343 0.070833 0.099765
1 0.602604 0.323944 0.068750 0.086854
1 0.709115 0.279930 0.061979 0.073944
1 0.898958 0.696009 0.102083 0.187793
1 0.671875 0.251761 0.034375 0.064554
2 0.843490 0.385563 0.094271 0.275822
2 0.777865 0.145540 0.069271 0.082160
