0 0.583125 0.728889 0.013750 0.062222
0 0.763125 0.905556 0.026250 0.095556
0 0.803125 0.898889 0.028750 0.082222
0 0.856250 0.927778 0.030000 0.091111
0 0.894375 0.920000 0.021250 0.080000
0 0.933125 0.927778 0.028750 0.091111
0 0.860000 0.848889 0.020000 0.071111
0 0.746250 0.848889 0.017500 0.080000
0 0.688125 0.777778 0.018750 0.066667
0 0.506250 0.848889 0.020000 0.097778
0 0.443125 0.750000 0.038750 0.060000
0 0.252500 0.736667 0.037500 0.060000
0 0.171250 0.740000 0.037500 0.057778
2 0.516875 0.758889 0.073750 0.100000
2 0.652500 0.636667 0.055000 0.108889
3 0.664375 0.720000 0.046250 0.080000
1 0.670000 0.857778 0.072500 0.120000
1 0.641875 0.768889 0.051250 0.080000
1 0.609375 0.706667 0.028750 0.053333
1 0.371250 0.735556 0.070000 0.057778
1 0.326875 0.690000 0.073750 0.060000
1 0.233750 0.718889 0.080000 0.060000
1 0.435625 0.677778 0.046250 0.044444
1 0.107500 0.738889 0.090000 0.068889
1 0.740625 0.788889 0.043750 0.075556
