0 0.20390625 0.4840277777777778 0.0328125 0.11527777777777778
0 0.28671875 0.3548611111111111 0.021875000000000002 0.0763888888888889
0 0.33710937500000004 0.3055555555555556 0.017968750000000002 0.061111111111111116
0 0.37031250000000004 0.25069444444444444 0.018750000000000003 0.04861111111111111
0 0.40156250000000004 0.23958333333333334 0.0140625 0.04027777777777778
0 0.6082031250000001 0.28055555555555556 0.01640625 0.05555555555555556
0 0.66015625 0.29791666666666666 0.0171875 0.051388888888888894
3 0.4421875 0.23402777777777778 0.045312500000000006 0.09583333333333334
3 0.40937500000000004 0.40069444444444446 0.1015625 0.20416666666666666
3 0.8035156250000001 0.26875 0.11015625000000001 0.09027777777777778
