0 0.701302 0.872685 0.053646 0.223148
0 0.863802 0.574537 0.030729 0.143519
0 0.850521 0.465741 0.036458 0.118519
0 0.684896 0.532870 0.034375 0.152778
0 0.616146 0.498148 0.036458 0.125926
0 0.647396 0.405556 0.028125 0.114815
0 0.627083 0.310185 0.026042 0.098148
0 0.603906 0.274537 0.024479 0.087963
0 0.559896 0.287037 0.023958 0.092593
0 0.528906 0.297685 0.023438 0.099074
0 0.554948 0.203704 0.021354 0.081481
0 0.522135 0.232870 0.022396 0.078704
0 0.566667 0.134722 0.017708 0.063889
0 0.549740 0.097685 0.014063 0.056481
4 0.953906 0.530556 0.041146 0.148148
4 0.914844 0.471296 0.028646 0.137037
4 0.865625 0.415278 0.019792 0.115741
4 0.901302 0.379167 0.019271 0.113889
4 0.800000 0.318981 0.014583 0.095370
4 0.855469 0.362500 0.020313 0.087963
4 0.780729 0.315278 0.019792 0.104630
2 0.195312 0.223148 0.081250 0.144444
2 0.455208 0.061574 0.042708 0.080556
1 0.235937 0.373611 0.080208 0.136111
3 0.330990 0.560648 0.224479 0.569444
3 0.085156 0.363889 0.113021 0.218519
