0 0.752500 0.831111 0.017500 0.066667
0 0.779375 0.876667 0.018750 0.086667
0 0.807500 0.810000 0.022500 0.068889
0 0.804375 0.872222 0.021250 0.082222
0 0.812500 0.950000 0.020000 0.091111
0 0.276875 0.950000 0.026250 0.091111
0 0.056875 0.958889 0.028750 0.082222
4 0.330625 0.834444 0.021250 0.104444
2 0.581250 0.917778 0.070000 0.155556
2 0.708750 0.760000 0.067500 0.097778
1 0.706250 0.901111 0.082500 0.126667
1 0.475000 0.768889 0.080000 0.071111
0 0.521250 0.802222 0.020000 0.066667
1 0.302500 0.694444 0.060000 0.055556
