0 0.831640625 0.5666666666666667 0.04609375 0.1277777777777778
0 0.9281250000000001 0.9395833333333333 0.0890625 0.11805555555555557
0 0.634375 0.29583333333333334 0.018750000000000003 0.061111111111111116
0 0.6531250000000001 0.2881944444444445 0.0171875 0.05416666666666667
0 0.32656250000000003 0.375 0.0234375 0.08888888888888889
0 0.300390625 0.35347222222222224 0.02421875 0.0763888888888889
0 0.342578125 0.2729166666666667 0.01640625 0.059722222222222225
0 0.37148437500000003 0.24305555555555555 0.014843750000000001 0.04166666666666667
0 0.398046875 0.21458333333333335 0.01015625 0.04027777777777778
0 0.594140625 0.23055555555555557 0.013281250000000001 0.05
3 0.45820312500000004 0.22083333333333335 0.04453125 0.10555555555555556
