1 0.490625 0.655556 0.056250 0.044444
1 0.551250 0.644444 0.060000 0.044444
1 0.630000 0.726667 0.040000 0.066667
1 0.348125 0.815556 0.058750 0.124444
2 0.819375 0.891111 0.171250 0.217778
2 0.224375 0.944444 0.171250 0.111111
0 0.433750 0.775556 0.037500 0.066667
0 0.668125 0.952222 0.021250 0.095556
0 0.708750 0.960000 0.020000 0.075556
0 0.938750 0.942222 0.035000 0.088889
0 0.706250 0.790000 0.020000 0.064444
0 0.679375 0.753333 0.018750 0.066667
0 0.278125 0.840000 0.018750 0.080000
0 0.131250 0.946667 0.032500 0.088889
0 0.150000 0.871111 0.025000 0.071111
0 0.198125 0.816667 0.018750 0.073333
0 0.251250 0.804444 0.022500 0.080000
0 0.300000 0.761111 0.020000 0.064444
0 0.276250 0.735556 0.015000 0.053333
0 0.481875 0.762222 0.026250 0.062222
