1 0.755 0.5544444444444444 0.15 0.19777777777777777
0 0.060625 0.7533333333333333 0.05625 0.2088888888888889
0 0.185625 0.5633333333333334 0.03125 0.13111111111111112
0 0.23875000000000002 0.5255555555555556 0.0325 0.14444444444444443
0 0.261875 0.8511111111111112 0.051250000000000004 0.2222222222222222
0 0.43062500000000004 0.7244444444444444 0.043750000000000004 0.20444444444444446
0 0.486875 0.7377777777777778 0.04125 0.18666666666666668
0 0.5575 0.8111111111111111 0.0525 0.21777777777777776
0 0.658125 0.8166666666666667 0.05625 0.24222222222222223
0 0.735625 0.8111111111111111 0.06375 0.22666666666666666
0 0.84 0.8222222222222222 0.0775 0.24
0 0.596875 0.6188888888888889 0.03875 0.17555555555555555
0 0.638125 0.5622222222222222 0.03875 0.14222222222222222
0 0.48562500000000003 0.5677777777777778 0.03125 0.13555555555555557
0 0.524375 0.5155555555555555 0.02875 0.12
0 0.45125 0.4822222222222222 0.0275 0.1111111111111111
0 0.5856250000000001 0.4722222222222222 0.02875 0.09111111111111111
0 0.5625 0.4388888888888889 0.0225 0.09111111111111111
0 0.379375 0.4533333333333333 0.02625 0.10222222222222223
0 0.508125 0.4288888888888889 0.02625 0.08
0 0.5375 0.4211111111111111 0.0225 0.09555555555555556
