1 0.3775 0.81 0.24 0.37555555555555553
0 0.23625000000000002 0.5888888888888889 0.04 0.15555555555555556
0 0.6525 0.88 0.08 0.23555555555555555
0 0.92875 0.8366666666666667 0.085 0.24666666666666667
0 0.5775 0.6288888888888889 0.05 0.18222222222222223
0 0.629375 0.5466666666666666 0.04125 0.13333333333333333
0 0.665 0.74 0.06 0.2088888888888889
0 0.478125 0.46444444444444444 0.02375 0.10222222222222223
0 0.435625 0.42444444444444446 0.02125 0.09333333333333334
0 0.40875 0.4077777777777778 0.02 0.08222222222222222
0 0.38125000000000003 0.43333333333333335 0.025 0.10666666666666666
1 0.55875 0.3988888888888889 0.065 0.09111111111111111
