1 0.8290513833992095 0.24475524475524477 0.09288537549407114 0.1048951048951049
1 0.38636363636363635 0.38986013986013984 0.16403162055335968 0.15734265734265734
1 0.09881422924901186 0.25 0.11067193675889328 0.0944055944055944
0 0.22727272727272727 0.493006993006993 0.06324110671936758 0.15384615384615385
0 0.18478260869565216 0.3986013986013986 0.0533596837944664 0.13286713286713286
0 0.07806324110671936 0.40559440559440557 0.04545454545454545 0.1258741258741259
0 0.08893280632411067 0.36363636363636365 0.03952569169960474 0.11188811188811189
0 0.10770750988142291 0.3269230769230769 0.04545454545454545 0.11538461538461539
0 0.9239130434782608 0.3374125874125874 0.03359683794466403 0.10839160839160839
0 0.5899209486166007 0.2937062937062937 0.0533596837944664 0.09090909090909091
0 0.4140316205533597 0.7237762237762237 0.09683794466403162 0.22377622377622378
2 0.7262845849802371 0.6520979020979021 0.5316205533596837 0.6608391608391608
