0 0.43875000000000003 0.6277777777777778 0.04 0.1622222222222222
0 0.49125 0.6044444444444445 0.0325 0.1511111111111111
0 0.56875 0.6488888888888888 0.045 0.15555555555555556
0 0.64125 0.6522222222222223 0.0525 0.1622222222222222
0 0.6275000000000001 0.8611111111111112 0.065 0.24666666666666667
0 0.785625 0.8877777777777778 0.09875 0.21555555555555556
0 0.50375 0.47333333333333333 0.0325 0.10222222222222223
0 0.443125 0.4633333333333333 0.03375 0.09555555555555556
0 0.395625 0.4822222222222222 0.03125 0.10666666666666666
0 0.355625 0.46 0.02875 0.10222222222222223
0 0.194375 0.43222222222222223 0.02625 0.07777777777777778
1 0.4175 0.8222222222222222 0.27 0.3511111111111111
1 0.626875 0.45 0.10625 0.14444444444444443
1 0.889375 0.7111111111111111 0.20375000000000001 0.26666666666666666
