0 0.0859683794466403 0.8811188811188811 0.06916996047430829 0.16083916083916083
0 0.09387351778656126 0.6416083916083916 0.037549407114624504 0.13636363636363635
0 0.10869565217391304 0.5769230769230769 0.035573122529644265 0.13286713286713286
0 0.15316205533596836 0.5716783216783217 0.03359683794466403 0.12937062937062938
0 0.24999999999999997 0.6363636363636364 0.04150197628458498 0.13286713286713286
0 0.38142292490118573 0.6800699300699301 0.05533596837944664 0.13636363636363635
0 0.4397233201581027 0.7814685314685315 0.03359683794466403 0.1853146853146853
0 0.4713438735177865 0.4825174825174825 0.029644268774703556 0.09090909090909091
0 0.5237154150197628 0.5122377622377622 0.02766798418972332 0.12237762237762238
0 0.5830039525691699 0.4965034965034965 0.035573122529644265 0.11188811188811189
0 0.4604743083003952 0.41083916083916083 0.023715415019762844 0.08041958041958042
0 0.7460474308300394 0.6153846153846154 0.04150197628458498 0.14685314685314685
0 0.7035573122529644 0.8706293706293706 0.07114624505928853 0.17482517482517482
0 0.7549407114624506 0.7412587412587412 0.04743083003952569 0.13286713286713286
0 0.18280632411067194 0.44405594405594406 0.029644268774703556 0.06993006993006994
0 0.2292490118577075 0.44755244755244755 0.01976284584980237 0.06993006993006994
1 0.2885375494071146 0.47202797202797203 0.05138339920948616 0.1258741258741259
1 0.4041501976284585 0.513986013986014 0.10079051383399208 0.09090909090909091
1 0.4130434782608695 0.5979020979020979 0.05533596837944664 0.13986013986013987
1 0.6640316205533596 0.7307692307692307 0.13833992094861658 0.23076923076923078
1 0.5810276679841897 0.8846153846153846 0.1660079051383399 0.2097902097902098
2 0.5098814229249011 0.7167832167832168 0.14229249011857706 0.27972027972027974
1 0.2826086956521739 0.32867132867132864 0.035573122529644265 0.06993006993006994
1 0.3804347826086956 0.3374125874125874 0.05731225296442687 0.05944055944055944
1 0.5523715415019762 0.34440559440559443 0.08498023715415019 0.05944055944055944
