0 0.268125 0.892222 0.026250 0.100000
0 0.171875 0.852222 0.018750 0.077778
0 0.115000 0.950000 0.030000 0.091111
0 0.072500 0.927778 0.025000 0.117778
0 0.119375 0.851111 0.021250 0.088889
0 0.304375 0.836667 0.018750 0.086667
0 0.551250 0.900000 0.020000 0.097778
0 0.753125 0.958889 0.026250 0.068889
0 0.855000 0.930000 0.020000 0.091111
0 0.716250 0.858889 0.020000 0.082222
4 0.739375 0.848889 0.016250 0.088889
1 0.673125 0.891111 0.076250 0.128889
1 0.796875 0.880000 0.066250 0.088889
1 0.524375 0.700000 0.031250 0.062222
1 0.732500 0.780000 0.050000 0.057778
1 0.661875 0.741111 0.043750 0.077778
0 0.680625 0.777778 0.013750 0.062222
3 0.574375 0.785556 0.063750 0.162222
0 0.330625 0.771111 0.011250 0.071111
0 0.356250 0.770000 0.015000 0.077778
2 0.603125 0.951111 0.068750 0.097778
