2 0.692500 0.724444 0.075000 0.133333
1 0.658125 0.900000 0.073750 0.120000
1 0.392500 0.714444 0.035000 0.082222
1 0.557500 0.658889 0.052500 0.037778
1 0.610625 0.674444 0.033750 0.046667
0 0.724375 0.897778 0.021250 0.088889
0 0.808125 0.905556 0.028750 0.095556
0 0.867500 0.888889 0.027500 0.075556
0 0.817500 0.965556 0.025000 0.064444
0 0.745000 0.887778 0.020000 0.082222
0 0.753125 0.793333 0.018750 0.071111
0 0.757500 0.844444 0.020000 0.080000
0 0.671250 0.802222 0.017500 0.071111
0 0.625625 0.725556 0.016250 0.064444
0 0.336875 0.884444 0.023750 0.106667
0 0.273125 0.837778 0.026250 0.097778
0 0.329375 0.740000 0.016250 0.075556
0 0.279375 0.728889 0.016250 0.071111
0 0.210000 0.781111 0.027500 0.077778
0 0.170625 0.868889 0.023750 0.097778
0 0.087500 0.947778 0.035000 0.100000
0 0.098125 0.738889 0.038750 0.046667
0 0.478750 0.758889 0.032500 0.055556
