0 0.336875 0.765556 0.016250 0.073333
0 0.302500 0.786667 0.017500 0.075556
0 0.303750 0.887778 0.017500 0.100000
0 0.258750 0.934444 0.030000 0.104444
0 0.248750 0.866667 0.020000 0.084444
0 0.200625 0.891111 0.018750 0.106667
0 0.153750 0.951111 0.030000 0.097778
0 0.117500 0.921111 0.030000 0.091111
0 0.078750 0.876667 0.022500 0.091111
0 0.183125 0.792222 0.016250 0.060000
0 0.154375 0.866667 0.023750 0.084444
0 0.220000 0.804444 0.020000 0.071111
0 0.762500 0.868889 0.015000 0.084444
0 0.785000 0.936667 0.022500 0.095556
0 0.811250 0.907778 0.022500 0.086667
0 0.742500 0.801111 0.030000 0.046667
0 0.724375 0.733333 0.013750 0.066667
0 0.480000 0.761111 0.032500 0.055556
1 0.706250 0.880000 0.072500 0.120000
1 0.374375 0.851111 0.056250 0.111111
1 0.657500 0.688889 0.030000 0.057778
1 0.608125 0.676667 0.026250 0.051111
4 0.564375 0.668889 0.026250 0.053333
3 0.370000 0.713333 0.060000 0.075556
3 0.328750 0.656667 0.057500 0.122222
4 0.778750 0.840000 0.012500 0.066667
4 0.861875 0.913333 0.018750 0.084444
4 0.133125 0.734444 0.011250 0.064444
