0 0.666927 0.544014 0.036979 0.099765
0 0.573438 0.626761 0.041667 0.119718
0 0.576562 0.819249 0.048958 0.126761
0 0.399479 0.551643 0.039583 0.105634
0 0.304427 0.545775 0.040104 0.084507
4 0.240885 0.549296 0.046354 0.103286
1 0.628125 0.482981 0.077083 0.130282
0 0.873437 0.562793 0.025000 0.116197
0 0.834375 0.448944 0.027083 0.099765
0 0.877865 0.439554 0.028646 0.088028
1 0.779687 0.643779 0.088542 0.233568
0 0.929948 0.553991 0.031771 0.131455
0 0.659635 0.322183 0.021354 0.064554
2 0.609896 0.289319 0.098958 0.224178
1 0.206250 0.743545 0.120833 0.226526
1 0.149740 0.437207 0.093229 0.080986
1 0.767969 0.390845 0.069271 0.119718
1 0.764323 0.281103 0.065104 0.069249
1 0.699479 0.346244 0.054167 0.093897
3 0.582292 0.371479 0.000000 0.001174
