0 0.568750 0.898889 0.022500 0.091111
0 0.790000 0.953333 0.030000 0.084444
0 0.826875 0.957778 0.023750 0.071111
0 0.773125 0.883333 0.038750 0.095556
0 0.729375 0.818889 0.013750 0.068889
0 0.746250 0.778889 0.017500 0.060000
0 0.696250 0.753333 0.015000 0.057778
0 0.526250 0.798889 0.020000 0.068889
2 0.661875 0.764444 0.041250 0.088889
2 0.624375 0.695556 0.038750 0.084444
1 0.583125 0.685556 0.031250 0.046667
0 0.580000 0.727778 0.020000 0.060000
1 0.693125 0.898889 0.071250 0.104444
3 0.514375 0.735556 0.071250 0.111111
1 0.262500 0.722222 0.090000 0.066667
1 0.381250 0.687778 0.070000 0.046667
1 0.463125 0.665556 0.048750 0.046667
0 0.403125 0.742222 0.033750 0.053333
0 0.333750 0.804444 0.037500 0.080000
0 0.325000 0.730000 0.032500 0.064444
0 0.226250 0.756667 0.037500 0.060000
0 0.270000 0.866667 0.025000 0.093333
0 0.113125 0.832222 0.016250 0.086667
0 0.085000 0.897778 0.022500 0.097778
0 0.190625 0.747778 0.026250 0.060000
