1 0.750625 0.7366666666666667 0.17375000000000002 0.2688888888888889
1 0.5543750000000001 0.4811111111111111 0.08125 0.11777777777777777
1 0.64375 0.46111111111111114 0.0925 0.10888888888888888
1 0.51375 0.3411111111111111 0.055 0.07777777777777778
0 0.21 0.6166666666666667 0.04 0.1622222222222222
0 0.201875 0.4855555555555556 0.02375 0.09555555555555556
0 0.148125 0.4811111111111111 0.02375 0.10444444444444445
0 0.17500000000000002 0.41333333333333333 0.02 0.08888888888888889
0 0.36125 0.5211111111111111 0.025 0.12666666666666668
0 0.419375 0.5877777777777777 0.03375 0.14888888888888888
0 0.474375 0.6244444444444445 0.03625 0.1511111111111111
0 0.5175 0.6566666666666666 0.04 0.1622222222222222
0 0.608125 0.6933333333333334 0.051250000000000004 0.19111111111111112
0 0.57375 0.8288888888888889 0.0525 0.23555555555555555
0 0.7075 0.8811111111111111 0.075 0.23333333333333334
0 0.5543750000000001 0.5533333333333333 0.03125 0.13333333333333333
0 0.44875 0.5577777777777778 0.03 0.14666666666666667
0 0.39437500000000003 0.5033333333333333 0.02625 0.11777777777777777
0 0.46187500000000004 0.48777777777777775 0.02375 0.10444444444444445
0 0.434375 0.8866666666666667 0.06875 0.2222222222222222
