0 0.436198 0.784038 0.027604 0.143192
0 0.280990 0.875000 0.039062 0.116197
1 0.208854 0.715962 0.108333 0.220657
0 0.827604 0.853873 0.031250 0.127934
0 0.866667 0.650822 0.033333 0.106808
0 0.930208 0.625587 0.030208 0.091549
0 0.850781 0.512324 0.021354 0.080986
0 0.719271 0.523474 0.019792 0.096244
0 0.890625 0.503521 0.020833 0.086854
0 0.624479 0.337441 0.016667 0.048122
0 0.928646 0.512324 0.020833 0.092723
1 0.577344 0.600939 0.099479 0.208920
1 0.180469 0.505869 0.085938 0.100939
1 0.607031 0.291667 0.057813 0.059859
3 0.665365 0.430751 0.084896 0.194836
3 0.779427 0.581573 0.133854 0.308685
3 0.729167 0.310446 0.068750 0.130282
3 0.800781 0.223592 0.069271 0.085681
3 0.859896 0.228286 0.056250 0.130282
