3 0.505729 0.432510 0.114583 0.110266
3 0.313802 0.485266 0.124479 0.103612
3 0.211979 0.404468 0.064583 0.126426
0 0.419010 0.575570 0.067187 0.073194
0 0.383073 0.556559 0.053646 0.078897
0 0.320052 0.555133 0.064062 0.076046
0 0.764062 0.839829 0.058333 0.149240
0 0.565365 0.564639 0.066146 0.079848
0 0.872656 0.530894 0.040104 0.075095
0 0.903906 0.493346 0.033854 0.070342
3 0.278646 0.669677 0.556250 0.364068
3 0.398438 0.287548 0.058333 0.134030
2 0.299219 0.367871 0.058854 0.104563
