0 0.127500 0.877778 0.022500 0.088889
0 0.216250 0.790000 0.017500 0.077778
0 0.255625 0.775556 0.016250 0.080000
0 0.362500 0.750000 0.015000 0.060000
0 0.392500 0.725556 0.012500 0.064444
0 0.465625 0.717778 0.023750 0.057778
0 0.714375 0.736667 0.013750 0.064444
0 0.811250 0.796667 0.017500 0.077778
0 0.761875 0.852222 0.018750 0.077778
0 0.815625 0.911111 0.026250 0.093333
0 0.878750 0.931111 0.035000 0.097778
3 0.703125 0.920000 0.133750 0.160000
3 0.648750 0.795556 0.060000 0.146667
3 0.545625 0.690000 0.033750 0.082222
3 0.593125 0.665556 0.031250 0.077778
3 0.501875 0.628889 0.083750 0.071111
3 0.296250 0.775556 0.062500 0.164444
3 0.333750 0.712222 0.037500 0.100000
4 0.076875 0.800000 0.018750 0.080000
0 0.234375 0.740000 0.016250 0.066667
1 0.111875 0.696667 0.071250 0.051111
1 0.372500 0.837778 0.065000 0.128889
1 0.630625 0.717778 0.046250 0.075556
1 0.172500 0.926667 0.115000 0.146667
