1 0.511875 0.640000 0.048750 0.057778
1 0.586875 0.675556 0.033750 0.053333
1 0.319375 0.818889 0.071250 0.117778
1 0.724375 0.942222 0.091250 0.111111
2 0.120000 0.872222 0.235000 0.251111
2 0.365625 0.707778 0.061250 0.148889
0 0.628750 0.772222 0.017500 0.068889
0 0.683125 0.752222 0.016250 0.068889
0 0.711250 0.845556 0.017500 0.068889
0 0.810625 0.868889 0.018750 0.088889
0 0.843125 0.958889 0.026250 0.082222
0 0.814375 0.968889 0.028750 0.062222
0 0.774375 0.927778 0.018750 0.091111
0 0.766250 0.838889 0.027500 0.077778
0 0.713125 0.760000 0.016250 0.057778
0 0.650625 0.735556 0.013750 0.053333
0 0.451875 0.771111 0.038750 0.057778
0 0.318125 0.730000 0.016250 0.060000
1 0.408750 0.662222 0.030000 0.057778
