0 0.043750 0.741111 0.047500 0.113333
0 0.166250 0.816667 0.037500 0.144444
0 0.235000 0.818889 0.042500 0.148889
0 0.295000 0.815556 0.040000 0.146667
0 0.286250 0.736667 0.035000 0.108889
0 0.142500 0.712222 0.040000 0.117778
0 0.155000 0.631111 0.032500 0.097778
0 0.191250 0.584444 0.032500 0.084444
0 0.282500 0.557778 0.022500 0.084444
1 0.615000 0.783333 0.092500 0.180000
1 0.716250 0.747778 0.085000 0.131111
1 0.603750 0.546667 0.062500 0.075556
0 0.548125 0.630000 0.026250 0.095556
0 0.608125 0.634444 0.036250 0.086667
0 0.792500 0.782222 0.032500 0.120000
0 0.843125 0.925556 0.056250 0.140000
0 0.951250 0.934444 0.067500 0.131111
0 0.921875 0.838889 0.058750 0.117778
0 0.838125 0.736667 0.036250 0.113333
0 0.911875 0.732222 0.048750 0.095556
0 0.969375 0.774444 0.061250 0.104444
0 0.761250 0.670000 0.037500 0.100000
0 0.674375 0.621111 0.028750 0.091111
0 0.716250 0.636667 0.035000 0.095556
0 0.558125 0.556667 0.028750 0.077778
1 0.368750 0.686667 0.075000 0.142222
