1 0.586250 0.937778 0.067500 0.115556
1 0.623750 0.710000 0.030000 0.051111
1 0.415625 0.787778 0.048750 0.091111
1 0.273125 0.831111 0.071250 0.097778
1 0.713750 0.757778 0.047500 0.062222
1 0.614375 0.758889 0.038750 0.060000
1 0.688125 0.884444 0.071250 0.111111
3 0.737500 0.940000 0.137500 0.120000
0 0.573125 0.762222 0.021250 0.062222
0 0.548125 0.731111 0.016250 0.066667
0 0.661875 0.784444 0.018750 0.071111
0 0.764375 0.832222 0.016250 0.077778
0 0.822500 0.902222 0.025000 0.084444
0 0.861875 0.853333 0.021250 0.080000
0 0.808750 0.848889 0.020000 0.084444
0 0.338750 0.952222 0.032500 0.091111
0 0.259375 0.921111 0.023750 0.113333
0 0.201250 0.936667 0.022500 0.108889
0 0.335625 0.838889 0.018750 0.095556
0 0.166875 0.942222 0.026250 0.111111
0 0.136875 0.902222 0.026250 0.102222
0 0.069375 0.898889 0.028750 0.104444
0 0.198125 0.854444 0.026250 0.091111
1 0.343750 0.735556 0.040000 0.080000
1 0.398125 0.721111 0.028750 0.055556
