0 0.78828125 0.3354166666666667 0.028125 0.05416666666666667
0 0.30195312500000004 0.40069444444444446 0.022656250000000003 0.09305555555555556
0 0.24296875 0.4291666666666667 0.0234375 0.10833333333333334
0 0.39296875000000003 0.2534722222222222 0.0171875 0.04583333333333334
0 0.353125 0.2701388888888889 0.0140625 0.051388888888888894
0 0.34296875000000004 0.2548611111111111 0.015625 0.043055555555555555
3 0.6019531250000001 0.42708333333333337 0.08671875000000001 0.18472222222222223
3 0.53828125 0.32222222222222224 0.07500000000000001 0.1388888888888889
3 0.46132812500000003 0.17500000000000002 0.03828125 0.08888888888888889
2 0.43085937500000004 0.35208333333333336 0.05078125 0.10972222222222222
