0 0.70234375 0.48958333333333337 0.03125 0.08472222222222223
0 0.7390625000000001 0.41875 0.029687500000000002 0.09583333333333334
0 0.63046875 0.25972222222222224 0.0140625 0.05277777777777778
0 0.610546875 0.25277777777777777 0.013281250000000001 0.05
0 0.19921875 0.5895833333333333 0.0390625 0.1375
0 0.212890625 0.4930555555555556 0.03828125 0.10277777777777779
0 0.31484375000000003 0.3215277777777778 0.0203125 0.06527777777777778
0 0.34804687500000003 0.2701388888888889 0.014843750000000001 0.059722222222222225
0 0.37890625 0.24444444444444446 0.0140625 0.04166666666666667
3 0.451953125 0.25972222222222224 0.07109375 0.11388888888888889
