1 0.301250 0.868889 0.075000 0.142222
1 0.395625 0.848889 0.061250 0.128889
1 0.578125 0.911111 0.061250 0.111111
1 0.180625 0.932222 0.101250 0.122222
1 0.434375 0.698889 0.036250 0.068889
1 0.610625 0.707778 0.033750 0.060000
1 0.521875 0.638889 0.063750 0.051111
1 0.752500 0.951111 0.095000 0.097778
0 0.784375 0.857778 0.018750 0.071111
0 0.858750 0.958889 0.022500 0.082222
0 0.833750 0.910000 0.025000 0.082222
0 0.852500 0.866667 0.020000 0.084444
0 0.816875 0.811111 0.018750 0.066667
0 0.780000 0.807778 0.020000 0.060000
0 0.753750 0.831111 0.017500 0.075556
0 0.728125 0.800000 0.016250 0.071111
0 0.703750 0.797778 0.020000 0.071111
0 0.675625 0.782222 0.018750 0.075556
0 0.528750 0.780000 0.045000 0.066667
0 0.350000 0.746667 0.010000 0.057778
0 0.366875 0.720000 0.013750 0.053333
0 0.304375 0.752222 0.021250 0.060000
0 0.263125 0.748889 0.016250 0.062222
0 0.205625 0.785556 0.018750 0.077778
0 0.121250 0.847778 0.025000 0.082222
0 0.132500 0.800000 0.022500 0.062222
0 0.209375 0.735556 0.033750 0.062222
0 0.150625 0.745556 0.033750 0.051111
