0 0.548828125 0.2902777777777778 0.017968750000000002 0.0638888888888889
0 0.23398437500000002 0.5548611111111111 0.03828125 0.1375
0 0.043359375000000006 0.7743055555555556 0.08671875000000001 0.2013888888888889
0 0.064453125 0.6270833333333333 0.06328125 0.15416666666666667
0 0.26015625000000003 0.4534722222222222 0.03125 0.09305555555555556
0 0.23515625 0.3784722222222222 0.0328125 0.09027777777777778
0 0.280859375 0.37777777777777777 0.022656250000000003 0.09166666666666667
0 0.31015625 0.2923611111111111 0.0171875 0.05694444444444444
0 0.38046875 0.2576388888888889 0.0140625 0.05694444444444444
0 0.35273437500000004 0.2534722222222222 0.013281250000000001 0.04861111111111111
0 0.33242187500000003 0.30347222222222225 0.017968750000000002 0.059722222222222225
0 0.417578125 0.21319444444444446 0.01015625 0.0375
3 0.35468750000000004 0.4465277777777778 0.1203125 0.2652777777777778
3 0.6253906250000001 0.3180555555555556 0.07890625000000001 0.18055555555555555
2 0.44960937500000003 0.2152777777777778 0.04609375 0.09722222222222222
