0 0.526250 0.768889 0.020000 0.062222
0 0.700625 0.762222 0.018750 0.071111
0 0.290625 0.796667 0.018750 0.077778
0 0.238125 0.780000 0.018750 0.071111
0 0.143125 0.948889 0.028750 0.102222
4 0.082500 0.841111 0.025000 0.104444
0 0.193750 0.741111 0.037500 0.051111
1 0.276250 0.897778 0.077500 0.120000
1 0.344375 0.915556 0.068750 0.128889
1 0.583125 0.928889 0.058750 0.111111
1 0.712500 0.897778 0.080000 0.088889
1 0.672500 0.948889 0.072500 0.102222
1 0.415625 0.775556 0.046250 0.093333
1 0.370000 0.732222 0.040000 0.068889
3 0.435000 0.711111 0.040000 0.066667
