2 0.802500 0.886667 0.130000 0.217778
2 0.588125 0.770000 0.043750 0.100000
1 0.578750 0.890000 0.062500 0.100000
1 0.725625 0.771111 0.043750 0.062222
1 0.725625 0.977778 0.081250 0.044444
1 0.392500 0.718889 0.032500 0.060000
3 0.338125 0.698889 0.043750 0.100000
3 0.567500 0.691111 0.045000 0.102222
1 0.521875 0.691111 0.031250 0.057778
1 0.666875 0.818889 0.043750 0.100000
0 0.689375 0.878889 0.033750 0.091111
0 0.380000 0.921111 0.022500 0.108889
0 0.363125 0.875556 0.016250 0.102222
0 0.320625 0.887778 0.021250 0.095556
0 0.285625 0.921111 0.023750 0.077778
0 0.241875 0.936667 0.021250 0.117778
0 0.209375 0.881111 0.018750 0.095556
0 0.140625 0.910000 0.026250 0.091111
0 0.200000 0.838889 0.017500 0.068889
0 0.260625 0.847778 0.021250 0.091111
0 0.233750 0.810000 0.017500 0.077778
1 0.672500 0.698889 0.030000 0.042222
