0 0.14031620553359683 0.8129370629370629 0.04743083003952569 0.17132867132867133
0 0.20355731225296442 0.8269230769230769 0.03952569169960474 0.15734265734265734
0 0.1768774703557312 0.9178321678321678 0.0533596837944664 0.12937062937062938
0 0.25790513833992096 0.8391608391608392 0.037549407114624504 0.17482517482517482
0 0.3646245059288537 0.8863636363636364 0.061264822134387345 0.17832167832167833
0 0.19071146245059287 0.6538461538461539 0.029644268774703556 0.1258741258741259
0 0.12252964426877469 0.6590909090909091 0.035573122529644265 0.13636363636363635
0 0.09881422924901186 0.5576923076923077 0.03952569169960474 0.10139860139860139
0 0.1541501976284585 0.5576923076923077 0.02766798418972332 0.10139860139860139
0 0.1492094861660079 0.4772727272727273 0.037549407114624504 0.08741258741258741
0 0.1867588932806324 0.5314685314685315 0.02569169960474308 0.0979020979020979
0 0.2075098814229249 0.5909090909090909 0.03162055335968379 0.0979020979020979
0 0.21640316205533594 0.5332167832167832 0.021739130434782608 0.07342657342657342
0 0.266798418972332 0.6136363636363636 0.03952569169960474 0.12237762237762238
0 0.25790513833992096 0.49475524475524474 0.021739130434782608 0.08741258741258741
0 0.27964426877470355 0.5157342657342657 0.021739130434782608 0.0944055944055944
0 0.2984189723320158 0.5961538461538461 0.023715415019762844 0.11538461538461539
0 0.3181818181818182 0.5664335664335665 0.03162055335968379 0.11888111888111888
0 0.22233201581027667 0.46503496503496505 0.02569169960474308 0.09090909090909091
0 0.16996047430830039 0.40734265734265734 0.01976284584980237 0.07342657342657342
0 0.4140316205533597 0.40559440559440557 0.029644268774703556 0.07692307692307693
1 0.25494071146245056 0.40034965034965037 0.04743083003952569 0.08041958041958042
1 0.31719367588932806 0.3776223776223776 0.04150197628458498 0.06293706293706294
1 0.36561264822134387 0.4458041958041958 0.05533596837944664 0.08741258741258741
1 0.39822134387351776 0.5104895104895105 0.07312252964426877 0.11888111888111888
1 0.4871541501976284 0.4825174825174825 0.07312252964426877 0.0979020979020979
1 0.4861660079051383 0.6311188811188811 0.11462450592885375 0.1853146853146853
1 0.6719367588932806 0.7307692307692307 0.13438735177865613 0.23076923076923078
1 0.5681818181818181 0.8758741258741258 0.1442687747035573 0.2202797202797203
1 0.3468379446640316 0.3356643356643357 0.03359683794466403 0.055944055944055944
3 0.26482213438735175 0.34965034965034963 0.03952569169960474 0.0979020979020979
0 0.6146245059288538 0.35664335664335667 0.03162055335968379 0.04895104895104895
0 0.4743083003952569 0.34965034965034963 0.043478260869565216 0.055944055944055944
