0 0.6882812500000001 0.44930555555555557 0.029687500000000002 0.09861111111111112
0 0.763671875 0.4513888888888889 0.02421875 0.07222222222222223
0 0.7816406250000001 0.5333333333333333 0.032031250000000004 0.10555555555555556
0 0.07265625 0.6486111111111111 0.0484375 0.16111111111111112
0 0.1234375 0.5291666666666667 0.043750000000000004 0.11666666666666667
0 0.21445312500000002 0.4604166666666667 0.02734375 0.09583333333333334
0 0.25078125 0.3736111111111111 0.0234375 0.08333333333333334
0 0.37421875000000004 0.29375 0.018750000000000003 0.04861111111111111
3 0.42890625000000004 0.33819444444444446 0.0734375 0.16805555555555557
2 0.290234375 0.47500000000000003 0.10390625 0.22777777777777777
