0 0.280000 0.903333 0.022500 0.091111
0 0.300000 0.804444 0.017500 0.084444
0 0.257500 0.827778 0.020000 0.068889
0 0.170000 0.866667 0.027500 0.075556
0 0.168125 0.946667 0.023750 0.102222
0 0.082500 0.944444 0.025000 0.106667
0 0.225625 0.758889 0.036250 0.060000
0 0.279375 0.757778 0.018750 0.066667
0 0.565625 0.831111 0.018750 0.084444
0 0.800625 0.905556 0.018750 0.095556
0 0.738125 0.761111 0.016250 0.055556
1 0.737500 0.838889 0.067500 0.100000
1 0.700000 0.743333 0.042500 0.073333
1 0.672500 0.692222 0.030000 0.051111
3 0.602500 0.792222 0.070000 0.131111
3 0.612500 0.955556 0.110000 0.088889
1 0.403750 0.830000 0.047500 0.091111
1 0.428125 0.743333 0.048750 0.060000
1 0.349375 0.698889 0.036250 0.055556
1 0.562500 0.686667 0.032500 0.044444
3 0.627500 0.715556 0.052500 0.097778
3 0.451250 0.672222 0.035000 0.082222
0 0.820000 0.868889 0.012500 0.080000
