1 0.400625 0.710000 0.033750 0.060000
1 0.612500 0.728889 0.030000 0.057778
1 0.571250 0.660000 0.022500 0.048889
1 0.692500 0.766667 0.052500 0.071111
4 0.685000 0.846667 0.010000 0.080000
4 0.723125 0.858889 0.013750 0.077778
0 0.774375 0.876667 0.021250 0.082222
0 0.825000 0.890000 0.020000 0.091111
0 0.883125 0.968889 0.028750 0.048889
0 0.761250 0.797778 0.017500 0.062222
0 0.723125 0.755556 0.016250 0.057778
0 0.750000 0.750000 0.017500 0.060000
0 0.584375 0.738889 0.031250 0.060000
0 0.441250 0.711111 0.015000 0.057778
0 0.483125 0.756667 0.026250 0.042222
0 0.343125 0.820000 0.021250 0.080000
0 0.318125 0.815556 0.016250 0.075556
0 0.288125 0.821111 0.023750 0.082222
0 0.265625 0.878889 0.026250 0.100000
0 0.280625 0.958889 0.028750 0.068889
0 0.221875 0.887778 0.023750 0.100000
0 0.160000 0.907778 0.027500 0.108889
0 0.188750 0.808889 0.017500 0.071111
0 0.230625 0.808889 0.021250 0.071111
0 0.375000 0.738889 0.017500 0.060000
3 0.618750 0.666667 0.030000 0.071111
4 0.539375 0.678889 0.033750 0.051111
4 0.153750 0.720000 0.010000 0.066667
0 0.283750 0.753333 0.012500 0.057778
0 0.315000 0.742222 0.012500 0.053333
0 0.241875 0.756667 0.013750 0.051111
