0 0.133750 0.800000 0.017500 0.080000
0 0.033125 0.948889 0.033750 0.102222
0 0.385000 0.808889 0.027500 0.097778
0 0.529375 0.821111 0.016250 0.082222
0 0.815000 0.908889 0.020000 0.088889
0 0.765625 0.795556 0.016250 0.084444
0 0.351250 0.738889 0.027500 0.060000
1 0.584375 0.936667 0.063750 0.126667
1 0.736250 0.972222 0.090000 0.051111
1 0.618125 0.735556 0.036250 0.062222
1 0.661250 0.702222 0.037500 0.057778
3 0.208750 0.681111 0.102500 0.095556
3 0.655625 0.802222 0.058750 0.137778
3 0.718750 0.776667 0.067500 0.126667
3 0.384375 0.690000 0.091250 0.100000
1 0.442500 0.738889 0.072500 0.060000
1 0.542500 0.782222 0.072500 0.093333
0 0.225625 0.751111 0.031250 0.062222
