0 0.355469 0.626426 0.064062 0.079848
0 0.277344 0.605989 0.058854 0.076996
0 0.658854 0.662548 0.073958 0.102662
0 0.555208 0.532319 0.055208 0.076046
0 0.506250 0.490494 0.047917 0.072243
0 0.392708 0.472433 0.050000 0.053232
0 0.193229 0.589354 0.064583 0.081749
0 0.173698 0.511407 0.044271 0.068441
0 0.238802 0.889259 0.097396 0.103612
0 0.494792 0.893061 0.100000 0.088403
0 0.917969 0.713878 0.078646 0.110266
0 0.960938 0.591255 0.066667 0.077947
0 0.963021 0.678232 0.070833 0.084601
0 0.432552 0.418726 0.024479 0.061787
