1 0.273750 0.936667 0.082500 0.126667
1 0.577500 0.918889 0.062500 0.108889
1 0.433125 0.725556 0.068750 0.060000
1 0.217500 0.725556 0.080000 0.068889
0 0.341250 0.857778 0.022500 0.088889
0 0.531875 0.807778 0.011250 0.068889
0 0.600000 0.777778 0.020000 0.066667
0 0.726875 0.885556 0.023750 0.077778
0 0.777500 0.886667 0.027500 0.080000
0 0.826250 0.938889 0.025000 0.100000
3 0.665000 0.835556 0.075000 0.173333
1 0.632500 0.726667 0.032500 0.062222
2 0.546250 0.765556 0.070000 0.100000
2 0.646250 0.667778 0.035000 0.077778
4 0.123125 0.742222 0.088750 0.080000
