0 0.077500 0.855556 0.052500 0.151111
0 0.094375 0.760000 0.051250 0.102222
0 0.189375 0.725556 0.043750 0.117778
0 0.225000 0.757778 0.040000 0.128889
0 0.274375 0.796667 0.046250 0.140000
0 0.318125 0.607778 0.038750 0.091111
0 0.217500 0.555556 0.027500 0.080000
0 0.270000 0.540000 0.030000 0.075556
0 0.248125 0.536667 0.028750 0.086667
0 0.421875 0.570000 0.038750 0.104444
1 0.568125 0.642222 0.068750 0.124444
0 0.634375 0.663333 0.033750 0.095556
0 0.716250 0.828889 0.040000 0.120000
0 0.688750 0.704444 0.030000 0.106667
0 0.766875 0.711111 0.031250 0.102222
0 0.801875 0.941111 0.046250 0.113333
0 0.788125 0.851111 0.048750 0.128889
0 0.884375 0.874444 0.041250 0.144444
0 0.816250 0.793333 0.037500 0.115556
0 0.851875 0.770000 0.036250 0.113333
0 0.928750 0.771111 0.065000 0.115556
0 0.795625 0.650000 0.031250 0.091111
0 0.840625 0.654444 0.036250 0.108889
0 0.717500 0.674444 0.025000 0.095556
1 0.654375 0.594444 0.066250 0.095556
0 0.724375 0.593333 0.023750 0.084444
0 0.766250 0.577778 0.032500 0.075556
0 0.502500 0.547778 0.050000 0.082222
