1 0.731875 0.938889 0.086250 0.122222
1 0.420625 0.707778 0.038750 0.068889
1 0.339375 0.917778 0.078750 0.151111
1 0.771875 0.865556 0.093750 0.113333
1 0.153750 0.878889 0.092500 0.108889
3 0.666875 0.732222 0.053750 0.126667
1 0.608125 0.681111 0.033750 0.051111
0 0.625000 0.841111 0.032500 0.077778
0 0.635000 0.956667 0.027500 0.086667
0 0.901875 0.950000 0.023750 0.091111
0 0.806875 0.957778 0.026250 0.080000
0 0.784375 0.778889 0.016250 0.068889
0 0.620625 0.758889 0.021250 0.060000
0 0.480625 0.758889 0.033750 0.060000
0 0.241250 0.877778 0.022500 0.088889
0 0.175625 0.957778 0.028750 0.071111
0 0.085625 0.961111 0.033750 0.073333
0 0.197500 0.798889 0.020000 0.077778
0 0.235625 0.770000 0.016250 0.068889
1 0.395625 0.663333 0.023750 0.046667
1 0.462500 0.642222 0.025000 0.053333
1 0.518750 0.647778 0.055000 0.046667
