0 0.05632411067193675 0.8916083916083916 0.04940711462450593 0.1888111888111888
0 0.12351778656126482 0.8374125874125874 0.04545454545454545 0.19230769230769232
0 0.18280632411067194 0.8583916083916084 0.04545454545454545 0.1853146853146853
0 0.13932806324110672 0.6066433566433567 0.037549407114624504 0.12237762237762238
0 0.18577075098814227 0.6416083916083916 0.02766798418972332 0.12237762237762238
0 0.22035573122529642 0.6625874125874126 0.03359683794466403 0.13636363636363635
0 0.2737154150197628 0.756993006993007 0.04150197628458498 0.16433566433566432
0 0.24209486166007904 0.8513986013986014 0.04150197628458498 0.1853146853146853
0 0.34980237154150196 0.8653846153846154 0.04743083003952569 0.21328671328671328
0 0.37648221343873517 0.7972027972027972 0.04150197628458498 0.16783216783216784
0 0.2826086956521739 0.9318181818181818 0.05138339920948616 0.10839160839160839
0 0.16106719367588931 0.5122377622377622 0.021739130434782608 0.08741258741258741
0 0.1818181818181818 0.5559440559440559 0.02766798418972332 0.09090909090909091
0 0.14229249011857706 0.4527972027972028 0.01976284584980237 0.07342657342657342
0 0.6225296442687747 0.48426573426573427 0.03952569169960474 0.08741258741258741
0 0.23418972332015808 0.4353146853146853 0.04940711462450593 0.07342657342657342
0 0.2924901185770751 0.40034965034965037 0.03162055335968379 0.06643356643356643
1 0.3053359683794466 0.5 0.06916996047430829 0.13286713286713286
1 0.3409090909090909 0.4195804195804196 0.0533596837944664 0.09090909090909091
1 0.38636363636363635 0.3706293706293706 0.04150197628458498 0.07692307692307693
1 0.5098814229249011 0.3374125874125874 0.07509881422924901 0.06643356643356643
2 0.49011857707509876 0.47202797202797203 0.16205533596837943 0.2867132867132867
1 0.6106719367588932 0.9125874125874126 0.1976284584980237 0.14685314685314685
2 0.7905138339920948 0.75 0.3992094861660079 0.47202797202797203
