3 0.425625 0.727778 0.041250 0.077778
3 0.260625 0.825556 0.083750 0.175556
3 0.591250 0.723333 0.040000 0.086667
3 0.575625 0.673333 0.031250 0.084444
1 0.656250 0.803333 0.052500 0.077778
1 0.741875 0.897778 0.091250 0.137778
1 0.395000 0.814444 0.045000 0.091111
0 0.531875 0.823333 0.021250 0.082222
0 0.545625 0.766667 0.026250 0.057778
0 0.238750 0.950000 0.035000 0.095556
0 0.137500 0.914444 0.025000 0.100000
0 0.203750 0.850000 0.027500 0.086667
0 0.343750 0.756667 0.012500 0.068889
0 0.826250 0.926667 0.027500 0.088889
0 0.857500 0.917778 0.022500 0.093333
0 0.846250 0.843333 0.025000 0.064444
0 0.809375 0.861111 0.016250 0.077778
0 0.765000 0.813333 0.012500 0.066667
0 0.702500 0.778889 0.017500 0.064444
0 0.326250 0.740000 0.010000 0.053333
0 0.656250 0.725556 0.012500 0.055556
