0 0.658125 0.9155555555555556 0.06125 0.16
0 0.605625 0.9255555555555556 0.06375 0.14444444444444443
0 0.286875 0.9133333333333333 0.08375 0.16
0 0.163125 0.8211111111111111 0.07125000000000001 0.13555555555555557
0 0.516875 0.5922222222222222 0.03375 0.1
0 0.35625 0.46 0.0225 0.07111111111111111
0 0.780625 0.9066666666666666 0.06875 0.13777777777777778
0 0.478125 0.5966666666666667 0.02875 0.1
0 0.39375 0.5611111111111111 0.0325 0.08666666666666667
1 0.386875 0.7755555555555556 0.21625 0.3422222222222222
1 0.894375 0.7277777777777777 0.20875 0.34
1 0.61 0.49444444444444446 0.1125 0.15333333333333332
1 0.20875 0.3811111111111111 0.0525 0.07333333333333333
