4 0.7490118577075098 0.2867132867132867 0.02766798418972332 0.0979020979020979
0 0.2519762845849802 0.15034965034965034 0.04545454545454545 0.06293706293706294
0 0.400197628458498 0.6800699300699301 0.08102766798418971 0.1993006993006993
0 0.4723320158102767 0.6486013986013986 0.07509881422924901 0.1853146853146853
0 0.6314229249011857 0.8548951048951049 0.12450592885375493 0.25524475524475526
0 0.2727272727272727 0.6765734265734266 0.06719367588932806 0.19230769230769232
0 0.15612648221343872 0.47202797202797203 0.05533596837944664 0.14685314685314685
0 0.08201581027667984 0.38986013986013984 0.04940711462450593 0.12937062937062938
1 0.31324110671936756 0.3146853146853147 0.16403162055335968 0.15384615384615385
1 0.14723320158102765 0.3356643356643357 0.15612648221343872 0.16083916083916083
1 0.5306324110671936 0.5944055944055944 0.22332015810276679 0.2517482517482518
1 0.9298418972332015 0.47027972027972026 0.12450592885375493 0.16433566433566432
4 0.7104743083003953 0.12937062937062938 0.01383399209486166 0.055944055944055944
