0 0.625260 0.491784 0.027604 0.096244
0 0.576823 0.819249 0.045312 0.110329
0 0.269792 0.525822 0.040625 0.091549
0 0.245312 0.463028 0.021875 0.064554
0 0.257031 0.435446 0.023438 0.065728
0 0.233333 0.405516 0.028125 0.055164
0 0.803385 0.265845 0.016146 0.059859
0 0.739323 0.380282 0.018229 0.075117
0 0.662500 0.430751 0.018750 0.089202
0 0.677865 0.305164 0.014063 0.049296
0 0.723698 0.310446 0.027604 0.052817
0 0.750000 0.312793 0.015625 0.038732
0 0.770312 0.268779 0.017708 0.044601
0 0.922917 0.780516 0.038542 0.143192
4 0.921875 0.473592 0.053125 0.106808
1 0.688802 0.681925 0.121354 0.187793
1 0.198177 0.731808 0.078646 0.184272
1 0.145313 0.484155 0.094792 0.088028
1 0.751563 0.500587 0.076042 0.123239
1 0.817969 0.660211 0.099479 0.167840
1 0.797396 0.386150 0.059375 0.100939
2 0.867708 0.372066 0.055208 0.119718
3 0.605208 0.283451 0.072917 0.127934
3 0.849740 0.269953 0.069271 0.131455
