0 0.7371093750000001 0.4604166666666667 0.025781250000000002 0.09027777777777778
0 0.6570312500000001 0.3770833333333333 0.025 0.07083333333333333
0 0.049218750000000006 0.6229166666666667 0.0484375 0.1625
0 0.16484375 0.5222222222222223 0.034375 0.11388888888888889
0 0.216796875 0.41597222222222224 0.02109375 0.10138888888888889
0 0.35234375 0.3354166666666667 0.018750000000000003 0.06805555555555556
0 0.37929687500000003 0.23611111111111113 0.013281250000000001 0.04166666666666667
0 0.4078125 0.22986111111111113 0.015625 0.043055555555555555
3 0.46796875000000004 0.17569444444444446 0.034375 0.0625
3 0.413671875 0.38680555555555557 0.09765625 0.20972222222222223
2 0.22382812500000002 0.6041666666666667 0.15546875000000002 0.30833333333333335
