0 0.796875 0.950000 0.026250 0.091111
0 0.851875 0.948889 0.026250 0.102222
0 0.800625 0.900000 0.023750 0.062222
0 0.808750 0.850000 0.017500 0.077778
0 0.766875 0.848889 0.018750 0.071111
0 0.530625 0.800000 0.016250 0.071111
0 0.600000 0.768889 0.020000 0.080000
0 0.578125 0.748889 0.013750 0.071111
0 0.289375 0.818889 0.026250 0.082222
0 0.343750 0.778889 0.017500 0.091111
0 0.098750 0.955556 0.037500 0.088889
0 0.059375 0.938889 0.018750 0.108889
0 0.202500 0.771111 0.020000 0.066667
0 0.273750 0.731111 0.015000 0.062222
3 0.202500 0.901111 0.112500 0.193333
3 0.582500 0.707778 0.035000 0.077778
3 0.572500 0.667778 0.030000 0.082222
3 0.411875 0.752222 0.046250 0.108889
1 0.351875 0.715556 0.033750 0.057778
1 0.650000 0.771111 0.040000 0.071111
1 0.706250 0.836667 0.075000 0.113333
0 0.515000 0.751111 0.030000 0.062222
1 0.376250 0.876667 0.057500 0.117778
