3 0.590625 0.771111 0.061250 0.142222
3 0.711250 0.900000 0.110000 0.200000
3 0.701875 0.765556 0.058750 0.095556
1 0.256250 0.732222 0.092500 0.068889
1 0.798125 0.930000 0.066250 0.126667
1 0.583125 0.897778 0.058750 0.111111
4 0.424375 0.730000 0.046250 0.064444
2 0.235625 0.703333 0.088750 0.064444
1 0.639375 0.762222 0.033750 0.066667
4 0.511250 0.850000 0.020000 0.095556
2 0.365000 0.658889 0.047500 0.140000
0 0.391250 0.782222 0.017500 0.066667
0 0.343125 0.792222 0.016250 0.068889
0 0.130625 0.837778 0.018750 0.093333
0 0.088125 0.875556 0.018750 0.084444
0 0.293125 0.953333 0.031250 0.093333
0 0.867500 0.952222 0.025000 0.095556
0 0.769375 0.823333 0.011250 0.068889
0 0.444375 0.792222 0.028750 0.051111
