0 0.566250 0.838889 0.017500 0.077778
0 0.561250 0.917778 0.022500 0.093333
0 0.819375 0.910000 0.028750 0.100000
0 0.873750 0.870000 0.027500 0.100000
0 0.768750 0.930000 0.025000 0.100000
0 0.781250 0.830000 0.030000 0.082222
0 0.741250 0.867778 0.022500 0.077778
0 0.536875 0.808889 0.018750 0.088889
0 0.505625 0.778889 0.028750 0.068889
0 0.270625 0.927778 0.026250 0.117778
0 0.171875 0.921111 0.021250 0.077778
0 0.171250 0.970000 0.035000 0.051111
0 0.135625 0.910000 0.031250 0.100000
0 0.091250 0.897778 0.020000 0.097778
0 0.231875 0.838889 0.018750 0.100000
0 0.193750 0.850000 0.027500 0.082222
0 0.118125 0.848889 0.026250 0.080000
0 0.355625 0.737778 0.013750 0.057778
0 0.256875 0.770000 0.016250 0.060000
1 0.361875 0.920000 0.081250 0.160000
1 0.275625 0.838889 0.071250 0.117778
1 0.313125 0.747778 0.051250 0.077778
3 0.692500 0.907778 0.097500 0.184444
3 0.393750 0.770000 0.062500 0.162222
1 0.445625 0.712222 0.036250 0.064444
1 0.548125 0.666667 0.031250 0.062222
3 0.451250 0.658889 0.040000 0.091111
0 0.670625 0.746667 0.036250 0.062222
0 0.451875 0.780000 0.021250 0.057778
4 0.591875 0.855556 0.016250 0.097778
