0 0.25859375 0.5104166666666667 0.0328125 0.10138888888888889
0 0.09453125000000001 0.5798611111111112 0.05625 0.12916666666666668
0 0.08125 0.7020833333333334 0.0578125 0.17916666666666667
0 0.24726562500000002 0.36875 0.025781250000000002 0.08194444444444444
0 0.5515625000000001 0.2868055555555556 0.0171875 0.06527777777777778
0 0.27109375 0.41805555555555557 0.025 0.08055555555555556
0 0.290625 0.36319444444444443 0.021875000000000002 0.0763888888888889
0 0.31757812500000004 0.28402777777777777 0.017968750000000002 0.059722222222222225
0 0.339453125 0.2951388888888889 0.022656250000000003 0.04861111111111111
0 0.35625 0.2451388888888889 0.0140625 0.034722222222222224
0 0.38398437500000004 0.24930555555555556 0.014843750000000001 0.05416666666666667
3 0.36484375 0.41944444444444445 0.0859375 0.23611111111111113
3 0.6316406250000001 0.3354166666666667 0.07578125000000001 0.17916666666666667
2 0.45 0.21319444444444446 0.05 0.09305555555555556
