0 0.19453125000000002 0.5236111111111111 0.037500000000000006 0.125
0 0.7914062500000001 0.5861111111111111 0.0421875 0.13333333333333333
0 0.886328125 0.725 0.05078125 0.17777777777777778
0 0.94921875 0.6951388888888889 0.046875 0.15694444444444444
0 0.7917968750000001 0.32708333333333334 0.03359375 0.07083333333333333
0 0.62890625 0.27847222222222223 0.0125 0.04861111111111111
0 0.6472656250000001 0.2625 0.01171875 0.044444444444444446
0 0.39140625 0.21666666666666667 0.0140625 0.05
1 0.5609375 0.19930555555555557 0.03125 0.034722222222222224
1 0.58046875 0.28611111111111115 0.051562500000000004 0.08055555555555556
1 0.4421875 0.17152777777777778 0.0234375 0.04027777777777778
1 0.6890625 0.5708333333333333 0.096875 0.14722222222222223
