0 0.038537549407114624 0.9423076923076923 0.04940711462450593 0.08741258741258741
0 0.0642292490118577 0.8548951048951049 0.037549407114624504 0.15034965034965034
0 0.09387351778656126 0.7587412587412588 0.037549407114624504 0.15384615384615385
0 0.13142292490118576 0.7202797202797203 0.029644268774703556 0.13286713286713286
0 0.12747035573122528 0.9265734265734266 0.0533596837944664 0.11888111888111888
0 0.1541501976284585 0.8566433566433567 0.043478260869565216 0.16783216783216784
0 0.15810276679841895 0.7465034965034965 0.02766798418972332 0.11538461538461539
0 0.20553359683794464 0.9073426573426573 0.04743083003952569 0.15734265734265734
0 0.25395256916996045 0.9388111888111889 0.0533596837944664 0.08741258741258741
0 0.25494071146245056 0.8129370629370629 0.035573122529644265 0.17132867132867133
0 0.2707509881422925 0.7272727272727273 0.035573122529644265 0.16083916083916083
0 0.18577075098814227 0.777972027972028 0.02766798418972332 0.12237762237762238
0 0.2243083003952569 0.743006993006993 0.02569169960474308 0.14335664335664336
0 0.19565217391304346 0.6748251748251748 0.03162055335968379 0.1258741258741259
0 0.3290513833992095 0.6206293706293706 0.037549407114624504 0.13636363636363635
0 0.6966403162055336 0.7237762237762237 0.04150197628458498 0.14685314685314685
0 0.5039525691699605 0.6101398601398601 0.02766798418972332 0.10139860139860139
0 0.10375494071146245 0.541958041958042 0.021739130434782608 0.0979020979020979
0 0.5474308300395256 0.4772727272727273 0.03162055335968379 0.08741258741258741
0 0.1600790513833992 0.5874125874125874 0.01976284584980237 0.11188811188811189
0 0.13043478260869565 0.6101398601398601 0.03162055335968379 0.10139860139860139
0 0.3152173913043478 0.4458041958041958 0.021739130434782608 0.08041958041958042
1 0.3646245059288537 0.8111888111888111 0.13636363636363635 0.24475524475524477
1 0.25889328063241107 0.5751748251748252 0.07114624505928853 0.11538461538461539
1 0.24703557312252963 0.44755244755244755 0.05533596837944664 0.1048951048951049
1 0.34486166007905134 0.4020979020979021 0.04545454545454545 0.07692307692307693
1 0.48913043478260865 0.49475524475524474 0.061264822134387345 0.10139860139860139
1 0.7944664031620553 0.8723776223776224 0.2134387351778656 0.22727272727272727
2 0.5513833992094861 0.8216783216783217 0.18577075098814227 0.32867132867132864
3 0.43379446640316205 0.5769230769230769 0.1126482213438735 0.2517482517482518
3 0.4496047430830039 0.40034965034965037 0.08498023715415019 0.12937062937062938
