0 0.33242187500000003 0.275 0.017968750000000002 0.04722222222222222
0 0.269140625 0.33958333333333335 0.02421875 0.0625
0 0.31367187500000004 0.33611111111111114 0.01953125 0.061111111111111116
0 0.29726562500000003 0.4361111111111111 0.030468750000000003 0.09722222222222222
0 0.152734375 0.50625 0.03671875 0.09305555555555556
0 0.15390625000000002 0.6 0.05625 0.1388888888888889
0 0.5625 0.3041666666666667 0.0171875 0.05277777777777778
3 0.381640625 0.37083333333333335 0.08984375 0.20833333333333334
3 0.6449218750000001 0.36041666666666666 0.08515625 0.20972222222222223
2 0.4546875 0.19583333333333333 0.043750000000000004 0.09166666666666667
