1 0.385625 0.796667 0.051250 0.104444
1 0.362500 0.726667 0.042500 0.062222
1 0.449375 0.678889 0.033750 0.060000
1 0.680000 0.808889 0.057500 0.097778
1 0.680625 0.748889 0.053750 0.080000
3 0.722500 0.920000 0.100000 0.160000
3 0.636250 0.675556 0.040000 0.093333
1 0.528750 0.650000 0.067500 0.046667
0 0.547500 0.913333 0.022500 0.102222
0 0.593125 0.772222 0.013750 0.064444
0 0.622500 0.758889 0.017500 0.068889
0 0.790625 0.798889 0.018750 0.068889
0 0.733125 0.811111 0.018750 0.053333
0 0.881875 0.911111 0.036250 0.088889
0 0.792500 0.942222 0.020000 0.088889
0 0.803750 0.893333 0.025000 0.084444
0 0.228125 0.762222 0.018750 0.075556
0 0.261250 0.762222 0.020000 0.075556
0 0.106250 0.916667 0.030000 0.104444
0 0.090000 0.861111 0.025000 0.077778
0 0.053750 0.951111 0.037500 0.097778
0 0.512500 0.783333 0.032500 0.064444
0 0.481875 0.755556 0.031250 0.057778
