0 0.536198 0.698944 0.047396 0.151408
0 0.209375 0.653756 0.052083 0.117371
0 0.853906 0.590962 0.026562 0.111502
0 0.913802 0.728286 0.045312 0.111502
0 0.873177 0.815141 0.048438 0.130282
0 0.921615 0.596831 0.029687 0.111502
0 0.900260 0.502934 0.028646 0.083333
0 0.864323 0.537559 0.027604 0.093897
0 0.720573 0.397887 0.021354 0.082160
1 0.142969 0.475939 0.103646 0.109155
1 0.793750 0.347418 0.058333 0.105634
1 0.792188 0.446009 0.067708 0.122066
1 0.770312 0.563380 0.089583 0.157277
1 0.736719 0.816901 0.099479 0.204225
1 0.416667 0.686033 0.141667 0.177230
1 0.561719 0.373239 0.061979 0.091549
1 0.675521 0.225939 0.042708 0.069249
1 0.212760 0.276408 0.072396 0.071596
3 0.732812 0.301643 0.070833 0.138498
3 0.653906 0.372066 0.090104 0.173709
3 0.615365 0.254695 0.056771 0.119718
