0 0.327500 0.827778 0.032500 0.073333
0 0.276250 0.851111 0.022500 0.088889
0 0.169375 0.961111 0.031250 0.073333
0 0.133125 0.933333 0.026250 0.106667
0 0.198750 0.786667 0.020000 0.066667
0 0.148125 0.864444 0.026250 0.075556
0 0.553125 0.756667 0.021250 0.064444
0 0.802500 0.848889 0.017500 0.075556
0 0.847500 0.861111 0.020000 0.086667
0 0.816875 0.962222 0.023750 0.071111
0 0.764375 0.807778 0.016250 0.086667
0 0.725000 0.765556 0.012500 0.055556
1 0.717500 0.874444 0.075000 0.122222
1 0.649375 0.903333 0.076250 0.131111
1 0.421875 0.705556 0.038750 0.064444
1 0.140625 0.686667 0.063750 0.053333
1 0.602500 0.692222 0.025000 0.046667
3 0.559375 0.650000 0.036250 0.068889
3 0.626250 0.776667 0.052500 0.122222
3 0.495000 0.730000 0.077500 0.113333
