3 0.401042 0.552281 0.217708 0.205323
3 0.688542 0.381654 0.115625 0.154943
3 0.400000 0.280894 0.048958 0.115019
0 0.208333 0.772338 0.100000 0.124525
0 0.098437 0.643536 0.082292 0.102662
0 0.349479 0.719106 0.086458 0.115019
0 0.554427 0.744772 0.091146 0.092205
0 0.680729 0.779468 0.091667 0.115970
0 0.808854 0.575570 0.080208 0.086502
0 0.925521 0.634030 0.070833 0.091255
0 0.110417 0.496673 0.045833 0.069392
0 0.061458 0.525190 0.035417 0.071293
0 0.199740 0.477186 0.035937 0.058935
0 0.261458 0.502852 0.054167 0.070342
0 0.966667 0.787072 0.066667 0.131179
1 0.466146 0.400665 0.059375 0.061787
