1 0.633125 0.868889 0.013750 0.080000
1 0.738750 0.777778 0.010000 0.057778
1 0.610625 0.847778 0.011250 0.082222
1 0.322500 0.828889 0.020000 0.088889
1 0.278750 0.835556 0.015000 0.093333
1 0.243125 0.836667 0.018750 0.082222
1 0.180000 0.830000 0.017500 0.082222
1 0.223750 0.765556 0.015000 0.068889
1 0.275625 0.770000 0.013750 0.068889
1 0.325000 0.737778 0.010000 0.057778
1 0.426875 0.730000 0.018750 0.060000
3 0.740625 0.918889 0.103750 0.162222
3 0.795000 0.870000 0.102500 0.211111
3 0.664375 0.790000 0.071250 0.197778
1 0.566875 0.830000 0.051250 0.086667
1 0.529375 0.668889 0.023750 0.048889
1 0.385625 0.712222 0.036250 0.064444
2 0.572500 0.731111 0.042500 0.102222
3 0.626875 0.731111 0.033750 0.088889
0 0.033750 0.963333 0.032500 0.073333
