0 0.6946640316205533 0.8583916083916084 0.1284584980237154 0.23426573426573427
0 0.41897233201581024 0.7062937062937062 0.09881422924901186 0.23076923076923078
0 0.32312252964426874 0.5891608391608392 0.07707509881422925 0.16433566433566432
0 0.2964426877470355 0.4982517482517482 0.05533596837944664 0.12937062937062938
0 0.25296442687747034 0.43006993006993005 0.05138339920948616 0.11188811188811189
0 0.14130434782608695 0.4493006993006993 0.05731225296442687 0.13636363636363635
0 0.9397233201581027 0.243006993006993 0.03359683794466403 0.08741258741258741
0 0.9387351778656126 0.12412587412587413 0.023715415019762844 0.05244755244755245
1 0.4061264822134387 0.3269230769230769 0.1758893280632411 0.14335664335664336
1 0.5355731225296443 0.5734265734265734 0.24901185770750986 0.23776223776223776
1 0.9407114624505928 0.736013986013986 0.09881422924901186 0.23426573426573427
