0 0.203125 0.7777777777777778 0.04625 0.20444444444444446
0 0.1975 0.5733333333333334 0.035 0.14666666666666667
0 0.2775 0.6288888888888889 0.0375 0.14222222222222222
0 0.358125 0.5766666666666667 0.03625 0.13555555555555557
0 0.40375 0.5355555555555556 0.035 0.10666666666666666
0 0.52875 0.5622222222222222 0.03 0.13777777777777778
0 0.5625 0.5166666666666667 0.0325 0.13555555555555557
0 0.494375 0.4888888888888889 0.03125 0.12
0 0.438125 0.48444444444444446 0.02625 0.09333333333333334
0 0.48 0.6233333333333333 0.03 0.14444444444444443
0 0.42312500000000003 0.6544444444444445 0.03125 0.15777777777777777
0 0.47000000000000003 0.7922222222222223 0.0425 0.20222222222222222
0 0.508125 0.7288888888888889 0.043750000000000004 0.18666666666666668
0 0.588125 0.8033333333333333 0.04875 0.21555555555555556
0 0.605 0.6611111111111111 0.0375 0.1711111111111111
0 0.630625 0.5977777777777777 0.04125 0.1511111111111111
0 0.655 0.7788888888888889 0.04 0.20222222222222222
0 0.351875 0.44 0.02125 0.09333333333333334
0 0.3925 0.7322222222222222 0.045 0.21555555555555556
1 0.79 0.7888888888888889 0.1875 0.28888888888888886
1 0.6 0.43 0.0925 0.13555555555555557
