0 0.050390625 0.7041666666666667 0.057031250000000006 0.17222222222222222
0 0.094921875 0.5618055555555556 0.047656250000000004 0.1513888888888889
0 0.265625 0.45763888888888893 0.035937500000000004 0.10694444444444445
0 0.221484375 0.4131944444444445 0.02734375 0.09305555555555556
0 0.327734375 0.3423611111111111 0.01953125 0.0763888888888889
0 0.270703125 0.3888888888888889 0.02421875 0.0638888888888889
0 0.30585937500000004 0.31319444444444444 0.017968750000000002 0.06527777777777778
0 0.328125 0.26805555555555555 0.015625 0.05
0 0.36171875000000003 0.2659722222222222 0.0171875 0.04861111111111111
3 0.594140625 0.2451388888888889 0.05234375 0.13194444444444445
2 0.42812500000000003 0.2888888888888889 0.065625 0.15555555555555556
