0 0.6671875 0.39513888888888893 0.028125 0.08750000000000001
0 0.7449218750000001 0.4131944444444445 0.02734375 0.06805555555555556
0 0.747265625 0.4847222222222222 0.03828125 0.10833333333333334
0 0.07578125000000001 0.5895833333333333 0.0578125 0.15416666666666667
0 0.18320312500000002 0.5069444444444444 0.03359375 0.11388888888888889
0 0.22773437500000002 0.4027777777777778 0.02421875 0.09166666666666667
0 0.3609375 0.31875000000000003 0.0140625 0.06805555555555556
0 0.381640625 0.23055555555555557 0.014843750000000001 0.04166666666666667
3 0.420703125 0.36458333333333337 0.08515625 0.17916666666666667
2 0.25429687500000003 0.5472222222222223 0.12890625 0.2611111111111111
