0 0.676042 0.524648 0.031250 0.117371
0 0.515104 0.568075 0.040625 0.122066
0 0.262240 0.727700 0.055729 0.138498
0 0.189062 0.568075 0.036458 0.100939
0 0.288802 0.504695 0.032813 0.077465
0 0.650521 0.348592 0.025000 0.084507
0 0.733854 0.344484 0.028125 0.066901
0 0.728646 0.278756 0.027083 0.064554
0 0.173177 0.469484 0.104688 0.112676
0 0.923438 0.489437 0.019792 0.100939
0 0.960156 0.525235 0.020313 0.095070
0 0.955990 0.686033 0.030729 0.092723
0 0.955990 0.792840 0.029687 0.113850
1 0.879687 0.525822 0.102083 0.169014
1 0.874219 0.380282 0.047396 0.093897
1 0.586719 0.730047 0.124479 0.206573
1 0.576302 0.323944 0.059896 0.100939
1 0.624219 0.255869 0.049479 0.082160
1 0.691927 0.268192 0.063021 0.083333
3 0.796354 0.309272 0.062500 0.163146
