0 0.338671875 0.29930555555555555 0.014843750000000001 0.05694444444444444
0 0.911328125 0.37430555555555556 0.04453125 0.08750000000000001
0 0.7019531250000001 0.3590277777777778 0.02109375 0.07083333333333333
0 0.662109375 0.3354166666666667 0.02109375 0.07083333333333333
0 0.7917968750000001 0.4791666666666667 0.030468750000000003 0.11111111111111112
0 0.9105468750000001 0.7486111111111111 0.07109375 0.16944444444444445
3 0.472265625 0.16944444444444445 0.03671875 0.09166666666666667
1 0.42421875000000003 0.2013888888888889 0.028125 0.03888888888888889
1 0.607421875 0.3340277777777778 0.057031250000000006 0.0763888888888889
1 0.550390625 0.22847222222222224 0.04296875 0.043055555555555555
