0 0.236875 0.951111 0.026250 0.097778
0 0.174375 0.916667 0.026250 0.117778
0 0.098125 0.957778 0.043750 0.084444
0 0.107500 0.901111 0.027500 0.086667
0 0.230000 0.862222 0.017500 0.088889
0 0.261250 0.828889 0.017500 0.084444
0 0.170625 0.848889 0.031250 0.088889
0 0.194375 0.795556 0.013750 0.057778
0 0.250625 0.792222 0.018750 0.068889
0 0.353750 0.780000 0.012500 0.071111
0 0.326250 0.740000 0.012500 0.062222
0 0.542500 0.957778 0.032500 0.084444
0 0.645625 0.896667 0.028750 0.095556
0 0.795625 0.951111 0.021250 0.097778
0 0.865625 0.894444 0.028750 0.091111
0 0.816250 0.837778 0.022500 0.084444
0 0.753750 0.851111 0.017500 0.080000
0 0.780000 0.804444 0.017500 0.071111
0 0.743125 0.770000 0.016250 0.055556
0 0.726875 0.781111 0.013750 0.064444
0 0.707500 0.777778 0.015000 0.066667
3 0.713750 0.945556 0.097500 0.108889
3 0.643750 0.802222 0.062500 0.146667
3 0.610625 0.651111 0.036250 0.088889
1 0.552500 0.692222 0.030000 0.051111
1 0.588750 0.747778 0.047500 0.073333
1 0.633750 0.692222 0.037500 0.060000
1 0.394375 0.798889 0.053750 0.108889
1 0.306875 0.845556 0.071250 0.122222
1 0.387500 0.733333 0.042500 0.062222
