0 0.3775 0.8577777777777778 0.06 0.24444444444444444
0 0.465625 0.6788888888888889 0.04125 0.18444444444444444
0 0.589375 0.6922222222222222 0.043750000000000004 0.19333333333333333
0 0.650625 0.6111111111111112 0.04125 0.17333333333333334
0 0.563125 0.5888888888888889 0.03125 0.14222222222222222
0 0.3975 0.5977777777777777 0.035 0.16
0 0.21 0.5488888888888889 0.0325 0.13333333333333333
0 0.214375 0.4111111111111111 0.02125 0.08444444444444445
0 0.15937500000000002 0.3988888888888889 0.01875 0.08222222222222222
0 0.358125 0.44555555555555554 0.02375 0.10444444444444445
0 0.400625 0.44555555555555554 0.02125 0.10444444444444445
0 0.4325 0.42444444444444446 0.02 0.09777777777777778
0 0.46125 0.5322222222222223 0.03 0.12666666666666668
0 0.5856250000000001 0.5066666666666667 0.02625 0.1111111111111111
0 0.6062500000000001 0.47333333333333333 0.0225 0.1111111111111111
0 0.544375 0.8511111111111112 0.058750000000000004 0.24888888888888888
1 0.50875 0.3477777777777778 0.055 0.06888888888888889
