0 0.341250 0.898889 0.022500 0.100000
0 0.379375 0.806667 0.016250 0.075556
0 0.496250 0.772222 0.022500 0.060000
0 0.764375 0.945556 0.021250 0.100000
0 0.805625 0.941111 0.026250 0.108889
0 0.853125 0.950000 0.023750 0.086667
0 0.848125 0.871111 0.023750 0.084444
0 0.775000 0.877778 0.017500 0.084444
0 0.750625 0.891111 0.021250 0.080000
0 0.753125 0.824444 0.018750 0.080000
0 0.723125 0.817778 0.018750 0.075556
1 0.675625 0.882222 0.073750 0.120000
1 0.572500 0.871111 0.057500 0.111111
1 0.603750 0.755556 0.045000 0.062222
1 0.600625 0.690000 0.038750 0.060000
1 0.679375 0.757778 0.041250 0.075556
2 0.536250 0.731111 0.052500 0.102222
3 0.485625 0.688889 0.061250 0.097778
2 0.150625 0.707778 0.096250 0.068889
1 0.277500 0.704444 0.082500 0.066667
1 0.423750 0.680000 0.062500 0.057778
