0 0.305625 0.852222 0.023750 0.091111
0 0.143750 0.926667 0.030000 0.106667
0 0.207500 0.824444 0.020000 0.062222
0 0.238125 0.772222 0.013750 0.068889
0 0.337500 0.780000 0.015000 0.066667
0 0.084375 0.957778 0.031250 0.080000
0 0.590625 0.742222 0.016250 0.066667
0 0.726250 0.866667 0.025000 0.088889
0 0.856875 0.868889 0.026250 0.093333
0 0.813750 0.930000 0.025000 0.082222
0 0.780625 0.845556 0.013750 0.064444
1 0.718125 0.980000 0.088750 0.040000
1 0.742500 0.803333 0.045000 0.077778
1 0.670000 0.728889 0.042500 0.062222
1 0.354375 0.970000 0.081250 0.060000
1 0.374375 0.734444 0.041250 0.086667
1 0.221875 0.903333 0.081250 0.122222
3 0.398750 0.796667 0.060000 0.153333
1 0.671875 0.862222 0.073750 0.111111
3 0.611875 0.957778 0.106250 0.084444
0 0.300625 0.780000 0.013750 0.066667
0 0.456250 0.714444 0.012500 0.051111
