0 0.708750 0.888889 0.042500 0.088889
0 0.610000 0.750000 0.020000 0.060000
0 0.293125 0.928889 0.023750 0.120000
0 0.215625 0.960000 0.031250 0.071111
0 0.201250 0.868889 0.025000 0.088889
0 0.260000 0.848889 0.022500 0.088889
0 0.296875 0.788889 0.021250 0.071111
0 0.238750 0.750000 0.017500 0.068889
0 0.271250 0.737778 0.015000 0.057778
0 0.480625 0.757778 0.031250 0.057778
0 0.745625 0.737778 0.013750 0.057778
1 0.835000 0.937778 0.112500 0.124444
1 0.372500 0.808889 0.060000 0.111111
3 0.685625 0.770000 0.071250 0.140000
1 0.618750 0.708889 0.037500 0.057778
1 0.427500 0.681111 0.035000 0.064444
2 0.070625 0.920000 0.138750 0.160000
1 0.212500 0.815556 0.060000 0.093333
