0 0.225625 0.7433333333333333 0.04625 0.21555555555555556
0 0.305 0.8722222222222222 0.055 0.2511111111111111
0 0.325625 0.6966666666666667 0.03625 0.20222222222222222
0 0.4675 0.6733333333333333 0.0375 0.18222222222222223
0 0.604375 0.7988888888888889 0.05625 0.22444444444444445
0 0.761875 0.82 0.06875 0.23555555555555555
0 0.92 0.8555555555555555 0.09 0.26222222222222225
0 0.845 0.6955555555555556 0.06 0.20444444444444446
0 0.690625 0.5733333333333334 0.03375 0.14666666666666667
0 0.5962500000000001 0.6277777777777778 0.0475 0.16666666666666666
0 0.405625 0.5511111111111111 0.02875 0.12444444444444444
0 0.3725 0.45111111111111113 0.02 0.09777777777777778
0 0.42562500000000003 0.4866666666666667 0.01875 0.10222222222222223
0 0.535625 0.5055555555555555 0.02625 0.12222222222222222
0 0.6125 0.49 0.0275 0.10888888888888888
0 0.446875 0.44555555555555554 0.02375 0.10888888888888888
0 0.12375 0.4288888888888889 0.02 0.09333333333333334
1 0.54625 0.3655555555555556 0.0575 0.08222222222222222
1 0.195 0.42444444444444446 0.0575 0.10222222222222223
