1 0.2025 0.5077777777777778 0.09 0.16666666666666666
0 0.3875 0.8377777777777777 0.06 0.25333333333333335
0 0.13125 0.4811111111111111 0.025 0.11333333333333333
0 0.47000000000000003 0.8788888888888889 0.0575 0.23777777777777778
0 0.555 0.7833333333333333 0.05 0.23333333333333334
0 0.48 0.6255555555555555 0.0375 0.16666666666666666
0 0.435625 0.5466666666666666 0.02625 0.13777777777777778
0 0.395625 0.5611111111111111 0.04125 0.14888888888888888
0 0.64 0.6488888888888888 0.05 0.17333333333333334
0 0.71125 0.6244444444444445 0.0525 0.17333333333333334
0 0.681875 0.8744444444444445 0.06875 0.24666666666666667
0 0.584375 0.5122222222222222 0.02875 0.12222222222222222
0 0.65375 0.5066666666666667 0.0275 0.1111111111111111
