3 0.703750 0.920000 0.107500 0.160000
3 0.206875 0.920000 0.128750 0.160000
1 0.311875 0.848889 0.078750 0.137778
1 0.634375 0.790000 0.058750 0.100000
1 0.588750 0.708889 0.040000 0.062222
1 0.556250 0.770000 0.047500 0.082222
1 0.413750 0.767778 0.050000 0.082222
1 0.346250 0.767778 0.052500 0.091111
1 0.435000 0.687778 0.032500 0.064444
2 0.333750 0.677778 0.100000 0.155556
0 0.461875 0.772222 0.041250 0.055556
0 0.796250 0.961111 0.025000 0.073333
0 0.879375 0.967778 0.041250 0.064444
0 0.815625 0.948889 0.026250 0.088889
0 0.710000 0.816667 0.022500 0.068889
0 0.762500 0.911111 0.020000 0.088889
0 0.788125 0.858889 0.021250 0.077778
0 0.738750 0.816667 0.017500 0.073333
0 0.765625 0.771111 0.018750 0.066667
4 0.826250 0.851111 0.015000 0.080000
0 0.134375 0.911111 0.026250 0.111111
0 0.066250 0.941111 0.030000 0.108889
0 0.169375 0.831111 0.023750 0.097778
0 0.201250 0.796667 0.017500 0.082222
0 0.243750 0.768889 0.017500 0.080000
0 0.387500 0.758889 0.015000 0.077778
0 0.163750 0.728889 0.032500 0.048889
