1 0.64625 0.4633333333333333 0.0975 0.14
1 0.92 0.7722222222222223 0.1575 0.2688888888888889
0 0.6118750000000001 0.88 0.05375 0.23555555555555555
0 0.486875 0.7722222222222223 0.04625 0.22444444444444445
0 0.40625 0.6666666666666666 0.0375 0.17777777777777778
0 0.47875 0.6177777777777778 0.0375 0.1288888888888889
0 0.555625 0.6444444444444445 0.04125 0.1511111111111111
0 0.646875 0.79 0.05375 0.23777777777777778
0 0.7518750000000001 0.8755555555555555 0.07375 0.24444444444444444
0 0.83125 0.8711111111111111 0.0725 0.25333333333333335
0 0.779375 0.7055555555555556 0.04875 0.19333333333333333
0 0.584375 0.5722222222222222 0.03125 0.14888888888888888
0 0.6525 0.5555555555555556 0.0375 0.13777777777777778
0 0.509375 0.5533333333333333 0.02625 0.13777777777777778
0 0.37625000000000003 0.5055555555555555 0.0275 0.12222222222222222
0 0.455 0.5011111111111111 0.0225 0.11777777777777777
0 0.485 0.48444444444444446 0.0275 0.1111111111111111
0 0.5675 0.45555555555555555 0.0325 0.10222222222222223
0 0.529375 0.45555555555555555 0.02625 0.11555555555555555
0 0.19062500000000002 0.46444444444444444 0.02625 0.10222222222222223
0 0.36375 0.4088888888888889 0.0175 0.08
0 0.3975 0.4588888888888889 0.025 0.10444444444444445
0 0.44 0.43777777777777777 0.025 0.09333333333333334
