1 0.380625 0.715556 0.038750 0.075556
1 0.438750 0.768889 0.037500 0.071111
1 0.360000 0.812222 0.055000 0.104444
1 0.326875 0.921111 0.071250 0.140000
1 0.586875 0.940000 0.058750 0.120000
3 0.666250 0.793333 0.090000 0.182222
3 0.438125 0.697778 0.038750 0.088889
0 0.570625 0.812222 0.026250 0.077778
0 0.830000 0.935556 0.027500 0.102222
0 0.793750 0.818889 0.017500 0.073333
0 0.218750 0.893333 0.022500 0.093333
0 0.274375 0.840000 0.016250 0.084444
0 0.200625 0.841111 0.016250 0.086667
0 0.157500 0.843333 0.022500 0.091111
0 0.397500 0.897778 0.022500 0.102222
0 0.508125 0.778889 0.028750 0.064444
