0 0.8757812500000001 0.6375000000000001 0.0484375 0.14444444444444446
0 0.64375 0.31180555555555556 0.0171875 0.05694444444444444
0 0.66171875 0.3027777777777778 0.015625 0.058333333333333334
0 0.6003906250000001 0.2451388888888889 0.01640625 0.043055555555555555
0 0.09335937500000001 0.8131944444444444 0.06015625 0.2125
0 0.34882812500000004 0.3368055555555556 0.01953125 0.07916666666666666
0 0.318359375 0.3277777777777778 0.025781250000000002 0.07222222222222223
0 0.349609375 0.25972222222222224 0.013281250000000001 0.04722222222222222
0 0.37734375000000003 0.23402777777777778 0.0125 0.043055555555555555
0 0.4 0.20833333333333334 0.0125 0.04166666666666667
3 0.46132812500000003 0.21180555555555555 0.04453125 0.09861111111111112
3 0.260546875 0.7763888888888889 0.32734375000000004 0.4444444444444445
