1 0.208125 0.584444 0.071250 0.120000
0 0.376250 0.515556 0.042500 0.066667
4 0.521250 0.602222 0.025000 0.088889
0 0.556875 0.617778 0.031250 0.097778
0 0.626875 0.636667 0.038750 0.100000
0 0.661250 0.554444 0.030000 0.068889
0 0.632500 0.532222 0.027500 0.055556
0 0.690000 0.565556 0.022500 0.060000
0 0.715625 0.562222 0.028750 0.075556
0 0.699375 0.628889 0.031250 0.102222
0 0.723125 0.675556 0.028750 0.097778
0 0.738125 0.540000 0.023750 0.071111
0 0.750000 0.574444 0.022500 0.073333
0 0.790625 0.575556 0.028750 0.084444
0 0.748125 0.652222 0.026250 0.091111
0 0.758125 0.738889 0.028750 0.104444
0 0.778750 0.725556 0.032500 0.104444
0 0.800625 0.690000 0.033750 0.104444
0 0.848750 0.653333 0.025000 0.097778
0 0.847500 0.734444 0.027500 0.077778
0 0.920625 0.811111 0.046250 0.133333
0 0.853125 0.853333 0.046250 0.133333
0 0.894375 0.944444 0.068750 0.111111
0 0.969375 0.922222 0.056250 0.146667
3 0.574375 0.511111 0.063750 0.124444
1 0.634375 0.502222 0.051250 0.071111
1 0.708750 0.812222 0.130000 0.184444
0 0.340000 0.503333 0.035000 0.068889
0 0.409375 0.495556 0.026250 0.057778
