0 0.256875 0.742222 0.018750 0.066667
0 0.184375 0.833333 0.023750 0.088889
0 0.263125 0.913333 0.031250 0.106667
0 0.641250 0.935556 0.027500 0.111111
0 0.779375 0.937778 0.026250 0.102222
0 0.825000 0.918889 0.050000 0.086667
0 0.771875 0.860000 0.023750 0.066667
0 0.780000 0.784444 0.020000 0.057778
0 0.725000 0.815556 0.020000 0.075556
0 0.687500 0.820000 0.020000 0.084444
0 0.655625 0.835556 0.018750 0.075556
0 0.730000 0.767778 0.022500 0.064444
0 0.695625 0.765556 0.013750 0.068889
0 0.665625 0.757778 0.013750 0.062222
0 0.481250 0.760000 0.032500 0.048889
1 0.619375 0.770000 0.048750 0.073333
1 0.360000 0.821111 0.057500 0.117778
1 0.390000 0.720000 0.040000 0.075556
1 0.350625 0.692222 0.036250 0.064444
0 0.309375 0.698889 0.016250 0.046667
0 0.177500 0.713333 0.022500 0.048889
0 0.101250 0.724444 0.037500 0.057778
2 0.665625 0.680000 0.051250 0.106667
1 0.606875 0.662222 0.028750 0.053333
