2 0.526953125 0.225 0.04296875 0.08611111111111111
0 0.05625 0.8145833333333333 0.0671875 0.20416666666666666
0 0.69296875 0.3770833333333333 0.0234375 0.059722222222222225
0 0.60078125 0.22569444444444445 0.0125 0.03194444444444445
0 0.385546875 0.2263888888888889 0.01953125 0.044444444444444446
3 0.282421875 0.7569444444444444 0.23359375000000002 0.48333333333333334
3 0.44296875 0.2673611111111111 0.0578125 0.16527777777777777
1 0.749609375 0.6756944444444445 0.15234375 0.20694444444444446
0 0.6921875000000001 0.32083333333333336 0.0203125 0.08055555555555556
3 0.801953125 0.26458333333333334 0.11171875 0.09861111111111112
