0 0.667708 0.857870 0.059375 0.226852
0 0.772917 0.770370 0.048958 0.196296
0 0.685156 0.640741 0.041146 0.179630
0 0.865885 0.581481 0.039062 0.166667
0 0.629948 0.487500 0.034896 0.143519
0 0.540885 0.481481 0.029687 0.144444
0 0.583073 0.425463 0.026562 0.123148
0 0.630469 0.343519 0.021354 0.101852
0 0.671615 0.431481 0.029687 0.122222
0 0.602344 0.281481 0.022396 0.101852
0 0.549219 0.265741 0.026562 0.090741
0 0.565885 0.228241 0.020313 0.078704
0 0.852865 0.468056 0.032813 0.121296
4 0.816927 0.550926 0.030729 0.144444
4 0.913021 0.509259 0.020833 0.148148
4 0.902083 0.381481 0.019792 0.120370
4 0.865625 0.412037 0.016667 0.109259
4 0.854688 0.352778 0.013542 0.077778
3 0.118229 0.651389 0.235417 0.675000
3 0.331771 0.136111 0.096875 0.251852
2 0.183854 0.215741 0.095833 0.166667
3 0.449740 0.062963 0.050521 0.124074
