2 0.091875 0.871111 0.181250 0.244444
2 0.265625 0.687778 0.096250 0.122222
0 0.306875 0.800000 0.018750 0.071111
0 0.262500 0.861111 0.025000 0.108889
0 0.216250 0.855556 0.020000 0.102222
0 0.243125 0.777778 0.018750 0.071111
0 0.191250 0.782222 0.010000 0.071111
0 0.197500 0.822222 0.017500 0.088889
4 0.584375 0.835556 0.031250 0.115556
4 0.813750 0.897778 0.022500 0.097778
0 0.861875 0.856667 0.021250 0.082222
0 0.770625 0.807778 0.016250 0.077778
3 0.701250 0.835556 0.090000 0.182222
1 0.577500 0.707778 0.030000 0.055556
1 0.476250 0.697778 0.075000 0.071111
0 0.614375 0.751111 0.031250 0.062222
0 0.806875 0.822222 0.016250 0.057778
0 0.346250 0.742222 0.020000 0.053333
1 0.288750 0.738889 0.050000 0.091111
1 0.415625 0.671111 0.028750 0.062222
1 0.370625 0.705556 0.033750 0.064444
1 0.603125 0.657778 0.028750 0.053333
3 0.533125 0.642222 0.076250 0.075556
