2 0.235000 0.732222 0.092500 0.162222
1 0.422500 0.714444 0.080000 0.068889
1 0.634375 0.781111 0.063750 0.077778
4 0.571250 0.851111 0.017500 0.093333
0 0.628125 0.856667 0.031250 0.082222
0 0.793125 0.875556 0.023750 0.088889
0 0.829375 0.882222 0.023750 0.097778
3 0.748125 0.916667 0.111250 0.166667
3 0.523750 0.642222 0.070000 0.066667
1 0.605000 0.692222 0.030000 0.055556
0 0.368750 0.745556 0.030000 0.064444
0 0.291875 0.767778 0.016250 0.060000
0 0.316250 0.736667 0.012500 0.055556
0 0.769375 0.772222 0.013750 0.060000
0 0.730000 0.778889 0.017500 0.060000
0 0.569375 0.715556 0.023750 0.053333
0 0.681875 0.754444 0.018750 0.064444
0 0.120000 0.690000 0.032500 0.051111
0 0.054375 0.914444 0.026250 0.104444
0 0.470000 0.772222 0.017500 0.051111
