0 0.13984375000000002 0.5791666666666667 0.05 0.14444444444444446
0 0.259765625 0.38819444444444445 0.02890625 0.07361111111111111
0 0.32148437500000004 0.33194444444444443 0.02421875 0.0638888888888889
0 0.35468750000000004 0.2701388888888889 0.0140625 0.059722222222222225
0 0.390625 0.2569444444444445 0.015625 0.05555555555555556
0 0.6449218750000001 0.28194444444444444 0.017968750000000002 0.05555555555555556
0 0.598046875 0.25833333333333336 0.013281250000000001 0.044444444444444446
3 0.38828125 0.46111111111111114 0.134375 0.28055555555555556
3 0.444921875 0.25277777777777777 0.049218750000000006 0.09722222222222222
3 0.47304687500000003 0.16319444444444445 0.025781250000000002 0.0625
3 0.80078125 0.2673611111111111 0.115625 0.10138888888888889
