0 0.12055335968379446 0.7482517482517482 0.043478260869565216 0.18181818181818182
0 0.4960474308300395 0.5716783216783217 0.02766798418972332 0.12937062937062938
0 0.4387351778656126 0.8513986013986014 0.05533596837944664 0.1853146853146853
0 0.38537549407114624 0.8863636363636364 0.05533596837944664 0.19230769230769232
0 0.13932806324110672 0.8828671328671329 0.04150197628458498 0.16433566433566432
0 0.22134387351778656 0.5087412587412588 0.035573122529644265 0.10139860139860139
0 0.42391304347826086 0.3968531468531469 0.021739130434782608 0.08041958041958042
0 0.5523715415019762 0.3951048951048951 0.029644268774703556 0.08391608391608392
0 0.5662055335968379 0.5157342657342657 0.037549407114624504 0.10839160839160839
0 0.6205533596837944 0.5 0.023715415019762844 0.07692307692307693
0 0.6106719367588932 0.4090909090909091 0.02766798418972332 0.06993006993006994
0 0.12747035573122528 0.47027972027972026 0.029644268774703556 0.07342657342657342
1 0.31422924901185767 0.5716783216783217 0.07509881422924901 0.13636363636363635
1 0.2727272727272727 0.48776223776223776 0.06719367588932806 0.12937062937062938
1 0.4525691699604743 0.7062937062937062 0.13833992094861658 0.20279720279720279
1 0.4120553359683794 0.5367132867132867 0.07707509881422925 0.11538461538461539
1 0.3567193675889328 0.3986013986013986 0.04940711462450593 0.09090909090909091
1 0.2519762845849802 0.3304195804195804 0.037549407114624504 0.06643356643356643
2 0.3043478260869565 0.8601398601398601 0.15810276679841895 0.2517482517482518
2 0.22628458498023715 0.270979020979021 0.04545454545454545 0.08041958041958042
2 0.7964426877470355 0.743006993006993 0.3913043478260869 0.479020979020979
