0 0.349375 0.853333 0.013750 0.084444
0 0.323125 0.926667 0.018750 0.115556
0 0.383125 0.791111 0.013750 0.080000
0 0.850625 0.845556 0.023750 0.073333
0 0.785000 0.824444 0.012500 0.071111
0 0.723750 0.842222 0.017500 0.066667
0 0.710000 0.753333 0.012500 0.053333
0 0.744375 0.783333 0.011250 0.073333
0 0.163125 0.885556 0.016250 0.104444
0 0.084375 0.947778 0.026250 0.104444
0 0.138125 0.841111 0.018750 0.086667
0 0.161875 0.802222 0.016250 0.075556
0 0.211875 0.765556 0.018750 0.068889
0 0.240625 0.765556 0.018750 0.077778
3 0.215625 0.901111 0.113750 0.197778
3 0.307500 0.775556 0.062500 0.146667
3 0.605625 0.832222 0.088750 0.162222
3 0.729375 0.934444 0.113750 0.131111
3 0.630625 0.740000 0.056250 0.128889
3 0.544375 0.670000 0.031250 0.073333
3 0.589375 0.647778 0.031250 0.068889
1 0.409375 0.660000 0.028750 0.062222
1 0.832500 0.968889 0.090000 0.062222
