0 0.296875 0.726667 0.016250 0.071111
0 0.270000 0.698889 0.022500 0.051111
0 0.085625 0.958889 0.038750 0.068889
0 0.031875 0.958889 0.033750 0.082222
0 0.761875 0.930000 0.018750 0.100000
0 0.825625 0.958889 0.023750 0.082222
0 0.879375 0.966667 0.031250 0.066667
0 0.872500 0.877778 0.027500 0.088889
0 0.820000 0.878889 0.020000 0.091111
0 0.793125 0.908889 0.018750 0.080000
0 0.751250 0.858889 0.012500 0.077778
0 0.788750 0.828889 0.022500 0.080000
0 0.713750 0.767778 0.020000 0.055556
1 0.680000 0.940000 0.090000 0.111111
1 0.668125 0.728889 0.041250 0.080000
1 0.695625 0.840000 0.053750 0.080000
1 0.608125 0.755556 0.043750 0.080000
1 0.366250 0.880000 0.060000 0.128889
1 0.135625 0.676667 0.063750 0.055556
0 0.130000 0.726667 0.022500 0.057778
3 0.480000 0.728889 0.082500 0.111111
3 0.610625 0.678889 0.031250 0.091111
1 0.383125 0.741111 0.041250 0.082222
3 0.559375 0.651111 0.028750 0.075556
