0 0.347917 0.868346 0.055208 0.139734
0 0.174219 0.818441 0.085938 0.121673
0 0.089583 0.622148 0.068750 0.094106
0 0.290885 0.595057 0.069271 0.077947
0 0.194531 0.544202 0.058854 0.076996
0 0.308854 0.548004 0.069792 0.075095
0 0.273958 0.491445 0.055208 0.058935
0 0.106250 0.509981 0.033333 0.076996
0 0.070573 0.560361 0.069271 0.067490
0 0.414844 0.551806 0.053646 0.069392
0 0.721094 0.515684 0.050521 0.069392
0 0.713802 0.459601 0.045312 0.063688
0 0.819531 0.611692 0.069271 0.080798
0 0.835417 0.561312 0.058333 0.073194
0 0.905469 0.588878 0.074479 0.076996
0 0.957552 0.629278 0.078646 0.087452
3 0.295573 0.374525 0.055729 0.110266
3 0.695573 0.700095 0.592187 0.476236
3 0.450781 0.295627 0.054688 0.150190
