0 0.388750 0.947778 0.025000 0.104444
0 0.256875 0.966667 0.026250 0.057778
0 0.196875 0.958889 0.028750 0.082222
0 0.301875 0.823333 0.028750 0.082222
0 0.149375 0.836667 0.018750 0.082222
0 0.133125 0.804444 0.013750 0.093333
0 0.385000 0.742222 0.025000 0.057778
4 0.650000 0.847778 0.015000 0.095556
4 0.686250 0.886667 0.017500 0.102222
0 0.814375 0.872222 0.021250 0.077778
0 0.730000 0.792222 0.017500 0.055556
0 0.783750 0.798889 0.015000 0.064444
0 0.700000 0.797778 0.012500 0.057778
1 0.736250 0.882222 0.077500 0.111111
2 0.600000 0.678889 0.037500 0.082222
1 0.613125 0.746667 0.046250 0.075556
1 0.376250 0.722222 0.085000 0.071111
2 0.287500 0.687778 0.075000 0.131111
0 0.471250 0.774444 0.017500 0.051111
0 0.561875 0.707778 0.016250 0.064444
0 0.661250 0.740000 0.017500 0.053333
