0 0.267708 0.512911 0.035417 0.093897
0 0.214844 0.544014 0.029687 0.090376
0 0.929948 0.597418 0.034896 0.091549
0 0.943229 0.761150 0.029167 0.134977
1 0.815625 0.302230 0.054167 0.083333
1 0.803906 0.225939 0.026562 0.052817
1 0.746094 0.251174 0.042188 0.077465
1 0.722656 0.203638 0.052604 0.083333
1 0.826823 0.806925 0.100521 0.188967
1 0.151302 0.501174 0.072396 0.107981
1 0.201302 0.843897 0.177604 0.152582
1 0.880469 0.288146 0.045312 0.085681
3 0.792448 0.482394 0.089063 0.298122
3 0.641667 0.721831 0.176042 0.375587
