1 0.581250 0.887778 0.062500 0.131111
1 0.620000 0.696667 0.032500 0.051111
1 0.693125 0.738889 0.048750 0.060000
1 0.413125 0.691111 0.068750 0.048889
1 0.480000 0.674444 0.055000 0.042222
1 0.375000 0.683333 0.065000 0.051111
1 0.112500 0.688889 0.077500 0.057778
3 0.698750 0.896667 0.090000 0.184444
3 0.570000 0.684444 0.045000 0.093333
0 0.848125 0.941111 0.031250 0.104444
0 0.762500 0.766667 0.015000 0.040000
0 0.763750 0.807778 0.022500 0.073333
0 0.751250 0.836667 0.022500 0.077778
0 0.595000 0.750000 0.032500 0.051111
0 0.670625 0.773333 0.013750 0.062222
0 0.495000 0.733333 0.035000 0.048889
0 0.374375 0.784444 0.038750 0.053333
0 0.332500 0.840000 0.032500 0.071111
0 0.199375 0.742222 0.038750 0.057778
4 0.331250 0.714444 0.062500 0.068889
4 0.522500 0.840000 0.012500 0.088889
4 0.501875 0.832222 0.016250 0.077778
0 0.621250 0.741111 0.017500 0.046667
