0 0.7341897233201581 0.5874125874125874 0.09288537549407114 0.2097902097902098
0 0.9397233201581027 0.7657342657342657 0.10079051383399208 0.18181818181818182
0 0.45158102766798414 0.722027972027972 0.08498023715415019 0.2062937062937063
0 0.4950592885375494 0.527972027972028 0.08102766798418971 0.15384615384615385
0 0.3438735177865612 0.7534965034965035 0.07905138339920947 0.24125874125874125
0 0.3201581027667984 0.493006993006993 0.06324110671936758 0.16083916083916083
0 0.2944664031620553 0.41083916083916083 0.043478260869565216 0.10839160839160839
0 0.22035573122529642 0.486013986013986 0.061264822134387345 0.16783216783216784
0 0.1541501976284585 0.49125874125874125 0.05928853754940711 0.15034965034965034
0 0.66699604743083 0.958041958041958 0.07312252964426877 0.055944055944055944
0 0.9476284584980237 0.12937062937062938 0.021739130434782608 0.06293706293706294
0 0.9802371541501975 0.08391608391608392 0.015810276679841896 0.04895104895104895
1 0.7994071146245059 0.1958041958041958 0.06521739130434782 0.07692307692307693
1 0.8399209486166007 0.8391608391608392 0.30039525691699603 0.2937062937062937
1 0.8557312252964426 0.1048951048951049 0.03952569169960474 0.055944055944055944
1 0.8814229249011857 0.06993006993006994 0.035573122529644265 0.04895104895104895
1 0.9239130434782608 0.09615384615384616 0.04545454545454545 0.05944055944055944
1 0.4110671936758893 0.38986013986013984 0.1660079051383399 0.15734265734265734
1 0.08498023715415019 0.29895104895104896 0.08695652173913043 0.12937062937062938
0 0.2519762845849802 0.1520979020979021 0.04545454545454545 0.05944055944055944
