0 0.217500 0.858889 0.025000 0.082222
0 0.138125 0.858889 0.021250 0.091111
0 0.125625 0.953333 0.031250 0.093333
0 0.753125 0.914444 0.023750 0.086667
0 0.830625 0.938889 0.026250 0.095556
0 0.777500 0.907778 0.022500 0.091111
0 0.405000 0.834444 0.022500 0.091111
0 0.256250 0.743333 0.012500 0.060000
1 0.322500 0.837778 0.072500 0.133333
1 0.388750 0.735556 0.042500 0.088889
1 0.672500 0.891111 0.075000 0.120000
1 0.643125 0.782222 0.051250 0.080000
1 0.708750 0.747778 0.040000 0.064444
1 0.662500 0.707778 0.035000 0.064444
3 0.553750 0.684444 0.035000 0.080000
3 0.615625 0.956667 0.106250 0.086667
3 0.334375 0.926667 0.103750 0.146667
0 0.743125 0.825556 0.018750 0.077778
