1 0.208498023715415 0.28496503496503495 0.11660079051383399 0.10839160839160839
0 0.5691699604743082 0.3339160839160839 0.06324110671936758 0.10839160839160839
0 0.5029644268774703 0.22552447552447552 0.04150197628458498 0.07342657342657342
0 0.6126482213438734 0.8793706293706294 0.12252964426877469 0.21328671328671328
0 0.20553359683794464 0.5034965034965035 0.06719367588932806 0.15384615384615385
0 0.19466403162055335 0.4143356643356643 0.061264822134387345 0.12937062937062938
0 0.23221343873517786 0.3881118881118881 0.0533596837944664 0.11888111888111888
0 0.04644268774703557 0.3881118881118881 0.04545454545454545 0.11188811188811189
1 0.9160079051383399 0.7202797202797203 0.14822134387351776 0.23776223776223776
0 0.12549407114624506 0.23776223776223776 0.04150197628458498 0.08391608391608392
0 0.06818181818181818 0.2534965034965035 0.04150197628458498 0.0944055944055944
0 0.24604743083003952 0.1555944055944056 0.029644268774703556 0.05944055944055944
