1 0.655625 0.904444 0.066250 0.106667
1 0.366250 0.696667 0.037500 0.064444
2 0.333125 0.836667 0.071250 0.140000
1 0.136875 0.685556 0.066250 0.060000
1 0.418125 0.727778 0.033750 0.060000
1 0.685625 0.755556 0.043750 0.062222
1 0.621250 0.705556 0.037500 0.077778
3 0.569375 0.666667 0.036250 0.084444
3 0.510000 0.738889 0.072500 0.117778
0 0.773750 0.947778 0.022500 0.104444
0 0.824375 0.946667 0.021250 0.097778
0 0.888750 0.932222 0.025000 0.100000
0 0.855625 0.948889 0.026250 0.084444
0 0.850625 0.851111 0.018750 0.066667
0 0.833750 0.885556 0.015000 0.077778
0 0.740000 0.854444 0.035000 0.095556
0 0.800000 0.857778 0.022500 0.084444
0 0.204375 0.950000 0.026250 0.091111
0 0.094375 0.955556 0.043750 0.084444
0 0.151875 0.844444 0.026250 0.097778
0 0.278750 0.814444 0.017500 0.091111
0 0.281875 0.745556 0.018750 0.073333
0 0.219375 0.713333 0.031250 0.053333
0 0.248750 0.741111 0.017500 0.068889
