0 0.3325 0.8444444444444444 0.055 0.21777777777777776
0 0.43875000000000003 0.7366666666666667 0.0525 0.18444444444444444
0 0.52875 0.8422222222222222 0.0525 0.2311111111111111
0 0.5975 0.6922222222222222 0.0525 0.18444444444444444
0 0.550625 0.5677777777777778 0.03375 0.11777777777777777
0 0.4525 0.5555555555555556 0.0425 0.11555555555555555
0 0.39 0.49 0.025 0.09555555555555556
0 0.25625 0.5477777777777778 0.0325 0.12222222222222222
0 0.185 0.5988888888888889 0.0375 0.14444444444444443
0 0.21125 0.47888888888888886 0.025 0.08222222222222222
0 0.41500000000000004 0.4311111111111111 0.025 0.08888888888888889
0 0.56625 0.47444444444444445 0.0375 0.08222222222222222
1 0.504375 0.3388888888888889 0.04125 0.06888888888888889
1 0.655625 0.48444444444444446 0.11125 0.16
2 0.844375 0.7955555555555556 0.30875 0.40444444444444444
