4 0.613125 0.836667 0.048750 0.113333
1 0.708750 0.940000 0.077500 0.106667
1 0.783125 0.914444 0.081250 0.104444
1 0.645000 0.788889 0.047500 0.075556
1 0.625000 0.716667 0.037500 0.064444
1 0.698750 0.738889 0.047500 0.068889
3 0.561250 0.732222 0.045000 0.113333
2 0.378750 0.716667 0.080000 0.077778
1 0.231250 0.731111 0.087500 0.071111
0 0.250625 0.896667 0.018750 0.104444
0 0.303750 0.883333 0.022500 0.104444
0 0.441250 0.741111 0.035000 0.064444
0 0.551875 0.915556 0.021250 0.084444
0 0.618125 0.958889 0.023750 0.082222
0 0.867500 0.934444 0.020000 0.095556
0 0.827500 0.816667 0.015000 0.068889
0 0.762500 0.792222 0.015000 0.068889
0 0.735625 0.792222 0.018750 0.060000
4 0.505000 0.851111 0.015000 0.093333
0 0.152500 0.894444 0.022500 0.100000
0 0.156250 0.751111 0.015000 0.057778
0 0.247500 0.788889 0.017500 0.080000
0 0.296250 0.816667 0.015000 0.073333
0 0.318125 0.777778 0.016250 0.066667
