1 0.8675889328063241 0.11363636363636363 0.03952569169960474 0.05944055944055944
1 0.8863636363636364 0.06468531468531469 0.037549407114624504 0.05944055944055944
1 0.19367588932806323 0.27972027972027974 0.14229249011857706 0.13286713286713286
0 0.9199604743083003 0.3356643356643357 0.02569169960474308 0.0979020979020979
0 0.9051383399209486 0.1660839160839161 0.01976284584980237 0.07342657342657342
0 0.9723320158102766 0.07867132867132867 0.015810276679841896 0.05944055944055944
0 0.9318181818181818 0.08041958041958042 0.017786561264822132 0.055944055944055944
0 0.20553359683794464 0.39335664335664333 0.05928853754940711 0.12937062937062938
0 0.16106719367588931 0.4405594405594406 0.05731225296442687 0.13986013986013987
0 0.08399209486166008 0.36013986013986016 0.05731225296442687 0.11888111888111888
0 0.10869565217391304 0.3076923076923077 0.03952569169960474 0.0979020979020979
0 0.14328063241106717 0.17307692307692307 0.037549407114624504 0.06643356643356643
0 0.2519762845849802 0.1555944055944056 0.04150197628458498 0.05944055944055944
