0 0.120000 0.922222 0.022500 0.106667
0 0.168125 0.842222 0.018750 0.084444
0 0.125000 0.838889 0.017500 0.077778
0 0.214375 0.821111 0.016250 0.082222
0 0.270000 0.808889 0.017500 0.080000
0 0.250625 0.788889 0.013750 0.071111
0 0.704375 0.872222 0.023750 0.064444
0 0.684375 0.760000 0.011250 0.057778
0 0.719375 0.780000 0.013750 0.062222
1 0.702500 0.950000 0.082500 0.100000
0 0.772500 0.958889 0.022500 0.077778
1 0.815625 0.942222 0.086250 0.111111
2 0.634375 0.775556 0.061250 0.115556
2 0.678125 0.722222 0.043750 0.075556
3 0.611875 0.957778 0.106250 0.084444
2 0.333750 0.940000 0.112500 0.120000
1 0.352500 0.763333 0.050000 0.104444
1 0.200625 0.957778 0.106250 0.084444
