0 0.181875 0.912222 0.046250 0.157778
0 0.276250 0.915556 0.052500 0.160000
0 0.091250 0.840000 0.050000 0.155556
0 0.045625 0.747778 0.036250 0.117778
0 0.145625 0.727778 0.038750 0.113333
0 0.095000 0.658889 0.032500 0.108889
0 0.150625 0.651111 0.043750 0.102222
0 0.205000 0.694444 0.032500 0.113333
0 0.361250 0.724444 0.035000 0.120000
1 0.276250 0.706667 0.097500 0.195556
0 0.410000 0.601111 0.037500 0.091111
0 0.353125 0.602222 0.033750 0.088889
0 0.229375 0.613333 0.031250 0.088889
0 0.193125 0.605556 0.021250 0.077778
0 0.273125 0.575556 0.021250 0.080000
0 0.546250 0.691111 0.032500 0.111111
0 0.696250 0.747778 0.030000 0.108889
0 0.789375 0.802222 0.036250 0.128889
0 0.824375 0.777778 0.041250 0.128889
0 0.923750 0.862222 0.047500 0.137778
0 0.889375 0.756667 0.051250 0.108889
1 0.589375 0.576667 0.061250 0.100000
0 0.651875 0.597778 0.018750 0.084444
0 0.680000 0.615556 0.022500 0.093333
0 0.758125 0.673333 0.028750 0.080000
0 0.931875 0.721111 0.038750 0.095556
0 0.845625 0.672222 0.031250 0.091111
1 0.635000 0.542222 0.055000 0.088889
1 0.555000 0.514444 0.042500 0.077778
0 0.795000 0.634444 0.027500 0.086667
0 0.774375 0.638889 0.023750 0.091111
0 0.718125 0.616667 0.028750 0.082222
0 0.315625 0.556667 0.026250 0.068889
0 0.235000 0.530000 0.022500 0.073333
