0 0.312760 0.517606 0.027604 0.063380
0 0.972396 0.621479 0.016667 0.083333
0 0.929688 0.707160 0.019792 0.127934
0 0.894531 0.603873 0.013021 0.085681
0 0.853646 0.369131 0.017708 0.069249
0 0.711719 0.287559 0.020313 0.044601
1 0.514583 0.749413 0.113542 0.224178
1 0.199740 0.684272 0.080729 0.201878
1 0.179427 0.500587 0.098437 0.092723
1 0.609375 0.298709 0.056250 0.064554
1 0.695052 0.359155 0.058854 0.084507
1 0.776042 0.302817 0.045833 0.046948
1 0.794271 0.351526 0.047917 0.064554
3 0.804948 0.216549 0.070312 0.142019
3 0.685937 0.205986 0.051042 0.111502
1 0.635156 0.524061 0.091146 0.146714
2 0.767448 0.770540 0.127604 0.311033
3 0.816667 0.535211 0.102083 0.237089
2 0.521615 0.210094 0.075521 0.079812
