0 0.31125 0.7522222222222222 0.055 0.19777777777777777
0 0.45 0.7333333333333333 0.045 0.2088888888888889
0 0.555625 0.8055555555555556 0.05625 0.24222222222222223
0 0.594375 0.7433333333333333 0.051250000000000004 0.22
0 0.6775 0.7622222222222222 0.0625 0.22666666666666666
0 0.605 0.6255555555555555 0.045 0.17555555555555555
0 0.433125 0.54 0.03125 0.1288888888888889
0 0.38875 0.5411111111111111 0.03 0.14888888888888888
0 0.09125 0.48777777777777775 0.0275 0.11777777777777777
0 0.275625 0.5855555555555556 0.03625 0.14888888888888888
0 0.491875 0.45555555555555555 0.02625 0.1111111111111111
0 0.45 0.46111111111111114 0.025 0.10888888888888888
0 0.641875 0.44666666666666666 0.02875 0.09777777777777778
0 0.50625 0.42444444444444446 0.02 0.09777777777777778
0 0.474375 0.3933333333333333 0.02125 0.08444444444444445
0 0.42625 0.39 0.0225 0.08222222222222222
0 0.39 0.3988888888888889 0.02 0.08666666666666667
2 0.579375 0.48777777777777775 0.11625 0.20222222222222222
1 0.17500000000000002 0.4677777777777778 0.0675 0.10888888888888888
1 0.205625 0.36444444444444446 0.04875 0.07111111111111111
