0 0.263125 0.500000 0.043750 0.062222
0 0.350625 0.516667 0.053750 0.073333
1 0.421250 0.460000 0.072500 0.066667
0 0.466250 0.466667 0.035000 0.057778
0 0.505625 0.551111 0.061250 0.084444
4 0.903125 0.645556 0.028750 0.086667
1 0.658750 0.896667 0.122500 0.180000
1 0.679375 0.664444 0.083750 0.120000
1 0.636875 0.535556 0.046250 0.093333
1 0.564375 0.566667 0.048750 0.115556
0 0.607500 0.562222 0.025000 0.080000
0 0.755625 0.728889 0.036250 0.102222
0 0.773125 0.915556 0.053750 0.133333
0 0.850000 0.813333 0.042500 0.115556
0 0.778750 0.827778 0.045000 0.108889
0 0.878750 0.805556 0.045000 0.135556
0 0.882500 0.700000 0.037500 0.106667
0 0.822500 0.712222 0.040000 0.108889
0 0.790000 0.716667 0.035000 0.113333
0 0.755625 0.640000 0.038750 0.088889
0 0.731875 0.608889 0.026250 0.080000
0 0.711875 0.560000 0.033750 0.071111
0 0.746250 0.564444 0.027500 0.062222
0 0.685625 0.544444 0.023750 0.080000
1 0.633750 0.546667 0.047500 0.093333
