0 0.936198 0.843897 0.040104 0.159624
0 0.930208 0.687793 0.033333 0.124413
0 0.869010 0.581573 0.033854 0.132629
0 0.930208 0.554577 0.038542 0.111502
0 0.943750 0.429577 0.026042 0.105634
0 0.889844 0.425469 0.023438 0.090376
0 0.906250 0.336854 0.022917 0.079812
1 0.651823 0.411385 0.058854 0.102113
1 0.803385 0.514085 0.086979 0.129108
1 0.767188 0.738850 0.108333 0.200704
1 0.599479 0.690141 0.134375 0.220657
1 0.833073 0.379695 0.056771 0.095070
1 0.852344 0.277582 0.036979 0.057512
1 0.687760 0.226526 0.050521 0.065728
3 0.585938 0.335094 0.078125 0.167840
3 0.742708 0.272300 0.068750 0.145540
