1 0.319375 0.7722222222222223 0.17625 0.2777777777777778
0 0.52375 0.8833333333333333 0.065 0.2288888888888889
0 0.64125 0.7311111111111112 0.05 0.2
0 0.541875 0.7122222222222222 0.043750000000000004 0.19777777777777777
0 0.47875 0.6333333333333333 0.045 0.16444444444444445
0 0.844375 0.6544444444444445 0.06375 0.18
0 0.788125 0.7466666666666667 0.06375 0.19111111111111112
0 0.774375 0.85 0.07625 0.18444444444444444
0 0.525625 0.5633333333333334 0.03625 0.13555555555555557
0 0.57375 0.5544444444444444 0.03 0.14
0 0.606875 0.5477777777777778 0.03125 0.13555555555555557
0 0.365 0.5755555555555556 0.0275 0.14666666666666667
0 0.4175 0.49666666666666665 0.025 0.10888888888888888
0 0.45625 0.5188888888888888 0.0325 0.10888888888888888
0 0.18625 0.45111111111111113 0.0275 0.10222222222222223
1 0.6675 0.48777777777777775 0.105 0.16666666666666666
