0 0.209375 0.891111 0.021250 0.102222
0 0.048750 0.914444 0.022500 0.095556
0 0.262500 0.805556 0.012500 0.060000
0 0.315000 0.770000 0.015000 0.060000
0 0.771250 0.826667 0.017500 0.075556
1 0.585000 0.935556 0.062500 0.111111
1 0.627500 0.771111 0.055000 0.084444
1 0.676875 0.731111 0.038750 0.062222
1 0.341875 0.956667 0.073750 0.086667
3 0.372500 0.875556 0.070000 0.111111
1 0.289375 0.873333 0.078750 0.133333
3 0.118125 0.914444 0.081250 0.113333
1 0.405000 0.784444 0.040000 0.075556
1 0.366250 0.748889 0.037500 0.075556
1 0.445000 0.697778 0.032500 0.053333
