3 0.376875 0.698889 0.093750 0.091111
1 0.652500 0.812222 0.055000 0.082222
1 0.594375 0.678889 0.031250 0.051111
3 0.553125 0.641111 0.031250 0.077778
1 0.721250 0.915556 0.107500 0.128889
1 0.169375 0.730000 0.088750 0.073333
1 0.619375 0.721111 0.031250 0.060000
0 0.610625 0.945556 0.021250 0.100000
0 0.803750 0.874444 0.020000 0.082222
0 0.894375 0.922222 0.026250 0.084444
0 0.504375 0.775556 0.021250 0.062222
0 0.450625 0.716667 0.013750 0.064444
0 0.373125 0.740000 0.033750 0.044444
0 0.298125 0.744444 0.033750 0.062222
0 0.263125 0.734444 0.028750 0.051111
4 0.158125 0.800000 0.018750 0.080000
0 0.678125 0.722222 0.013750 0.057778
0 0.325000 0.736667 0.030000 0.051111
