1 0.568125 0.5044444444444445 0.09375 0.14222222222222222
0 0.315625 0.6666666666666666 0.03625 0.1688888888888889
0 0.388125 0.7866666666666666 0.043750000000000004 0.21777777777777776
0 0.40875 0.6633333333333333 0.035 0.19333333333333333
0 0.46187500000000004 0.6311111111111111 0.03125 0.17777777777777778
0 0.42 0.5388888888888889 0.035 0.10888888888888888
0 0.17625 0.4855555555555556 0.025 0.11333333333333333
0 0.195625 0.41333333333333333 0.01875 0.057777777777777775
0 0.38375000000000004 0.45 0.0225 0.09555555555555556
0 0.370625 0.3877777777777778 0.02375 0.07333333333333333
0 0.55375 0.6488888888888888 0.0425 0.13777777777777778
0 0.57125 0.7944444444444444 0.0325 0.20666666666666667
0 0.6587500000000001 0.6177777777777778 0.04 0.14666666666666667
0 0.7468750000000001 0.7555555555555555 0.058750000000000004 0.2222222222222222
0 0.69125 0.8133333333333334 0.0525 0.24
