0 0.233125 0.6355555555555555 0.03625 0.10666666666666666
0 0.33187500000000003 0.6755555555555556 0.043750000000000004 0.1288888888888889
0 0.37625000000000003 0.6044444444444445 0.04 0.1111111111111111
0 0.14250000000000002 0.5266666666666666 0.0275 0.08
0 0.426875 0.7022222222222222 0.04125 0.11555555555555555
0 0.51625 0.7933333333333333 0.05 0.14222222222222222
0 0.574375 0.7955555555555556 0.06125 0.1511111111111111
0 0.675 0.8677777777777778 0.0625 0.1711111111111111
0 0.618125 0.6622222222222223 0.03875 0.12444444444444444
0 0.5543750000000001 0.5777777777777777 0.03625 0.10666666666666666
0 0.618125 0.5344444444444444 0.02625 0.07333333333333333
0 0.64375 0.5022222222222222 0.0275 0.06666666666666667
0 0.42375 0.4766666666666667 0.0275 0.08222222222222222
0 0.39125 0.5466666666666666 0.03 0.08
0 0.4375 0.6033333333333334 0.0375 0.1
0 0.45937500000000003 0.5666666666666667 0.02625 0.10222222222222223
1 0.194375 0.43333333333333335 0.07125000000000001 0.13777777777777778
1 0.8143750000000001 0.7466666666666667 0.22125 0.36
1 0.56125 0.4255555555555556 0.085 0.14444444444444443
