0 0.538125 0.808889 0.018750 0.088889
0 0.813750 0.957778 0.022500 0.084444
0 0.853125 0.937778 0.026250 0.102222
0 0.771875 0.822222 0.018750 0.080000
0 0.299375 0.721111 0.036250 0.051111
0 0.200625 0.718889 0.028750 0.051111
0 0.668125 0.731111 0.028750 0.053333
0 0.705000 0.715556 0.017500 0.048889
0 0.733750 0.718889 0.012500 0.051111
0 0.486250 0.777778 0.035000 0.048889
4 0.520000 0.838889 0.015000 0.077778
4 0.978750 0.910000 0.022500 0.091111
1 0.714375 0.808889 0.051250 0.071111
1 0.620625 0.696667 0.031250 0.051111
1 0.436875 0.688889 0.063750 0.048889
1 0.232500 0.700000 0.077500 0.057778
1 0.630000 0.747778 0.042500 0.068889
3 0.577500 0.726667 0.047500 0.124444
3 0.437500 0.650000 0.070000 0.077778
1 0.320000 0.708889 0.077500 0.057778
4 0.500625 0.836667 0.011250 0.082222
4 0.090000 0.734444 0.057500 0.073333
