0 0.311875 0.668889 0.033750 0.133333
0 0.278750 0.627778 0.027500 0.100000
0 0.251250 0.630000 0.030000 0.108889
0 0.371250 0.596667 0.045000 0.100000
0 0.351250 0.561111 0.032500 0.100000
1 0.621875 0.680000 0.081250 0.151111
0 0.726875 0.733333 0.036250 0.124444
0 0.753750 0.686667 0.025000 0.097778
0 0.838125 0.704444 0.041250 0.106667
0 0.847500 0.642222 0.027500 0.088889
0 0.803125 0.654444 0.028750 0.100000
0 0.773750 0.666667 0.027500 0.111111
0 0.735625 0.578889 0.028750 0.077778
0 0.752500 0.556667 0.027500 0.073333
1 0.665625 0.573333 0.061250 0.093333
0 0.594375 0.560000 0.026250 0.075556
0 0.615000 0.575556 0.025000 0.071111
0 0.615625 0.523333 0.023750 0.055556
0 0.646875 0.518889 0.023750 0.064444
0 0.687500 0.515556 0.022500 0.057778
1 0.555000 0.470000 0.045000 0.073333
