4 0.196250 0.873333 0.015000 0.102222
4 0.171250 0.844444 0.012500 0.084444
0 0.382500 0.815556 0.022500 0.084444
0 0.748125 0.931111 0.016250 0.106667
0 0.846250 0.952222 0.027500 0.095556
0 0.765625 0.902222 0.018750 0.093333
0 0.785000 0.850000 0.015000 0.077778
0 0.708750 0.822222 0.017500 0.075556
0 0.810625 0.828889 0.021250 0.080000
0 0.729375 0.790000 0.013750 0.060000
0 0.623125 0.722222 0.033750 0.057778
1 0.648750 0.790000 0.060000 0.095556
1 0.580625 0.924444 0.073750 0.133333
1 0.561875 0.816667 0.048750 0.073333
1 0.578125 0.703333 0.036250 0.060000
1 0.676250 0.726667 0.032500 0.066667
2 0.528750 0.721111 0.055000 0.095556
2 0.237500 0.698889 0.090000 0.060000
2 0.133125 0.675556 0.076250 0.075556
1 0.116250 0.737778 0.100000 0.062222
1 0.370625 0.690000 0.073750 0.060000
3 0.462500 0.693333 0.082500 0.088889
