1 0.143125 0.688889 0.118750 0.177778
0 0.579375 0.917778 0.056250 0.164444
0 0.811875 0.947778 0.056250 0.100000
0 0.911250 0.915556 0.050000 0.160000
0 0.657500 0.785556 0.050000 0.131111
0 0.584375 0.705556 0.038750 0.122222
0 0.771875 0.816667 0.036250 0.135556
0 0.836875 0.830000 0.043750 0.140000
0 0.888750 0.741111 0.040000 0.108889
0 0.908125 0.705556 0.036250 0.100000
0 0.716250 0.760000 0.037500 0.124444
0 0.761250 0.751111 0.042500 0.124444
0 0.780000 0.723333 0.032500 0.108889
0 0.825000 0.725556 0.035000 0.113333
0 0.816250 0.654444 0.030000 0.091111
0 0.731875 0.685556 0.038750 0.100000
1 0.655625 0.636667 0.081250 0.140000
4 0.578750 0.610000 0.047500 0.091111
0 0.731250 0.601111 0.037500 0.077778
0 0.773750 0.620000 0.027500 0.097778
0 0.675625 0.568889 0.026250 0.084444
0 0.570000 0.477778 0.055000 0.115556
0 0.611875 0.516667 0.028750 0.077778
0 0.502500 0.541111 0.027500 0.095556
0 0.343750 0.537778 0.047500 0.084444
0 0.300000 0.504444 0.045000 0.075556
0 0.148750 0.521111 0.042500 0.068889
1 0.193125 0.513333 0.098750 0.080000
0 0.518125 0.494444 0.028750 0.073333
0 0.626875 0.493333 0.018750 0.062222
0 0.703125 0.566667 0.028750 0.084444
0 0.749375 0.576667 0.026250 0.068889
0 0.865625 0.600000 0.036250 0.088889
