0 0.619271 0.919444 0.068750 0.161111
0 0.755729 0.796296 0.065625 0.201852
0 0.619531 0.557870 0.033854 0.145370
0 0.864844 0.578704 0.036979 0.146296
0 0.849740 0.467130 0.028646 0.119444
0 0.629427 0.350926 0.025521 0.109259
0 0.595052 0.256481 0.023438 0.090741
0 0.534115 0.245370 0.026562 0.087037
0 0.582031 0.146759 0.015104 0.067593
0 0.550521 0.149074 0.017708 0.072222
0 0.508854 0.134722 0.018750 0.073148
4 0.915625 0.473148 0.027083 0.131481
4 0.900521 0.377778 0.018750 0.111111
4 0.864323 0.411111 0.019271 0.105556
4 0.856771 0.361574 0.016667 0.086111
4 0.800260 0.323148 0.016146 0.105556
4 0.779167 0.314815 0.020833 0.103704
3 0.384896 0.454167 0.154167 0.365741
3 0.438021 0.102315 0.071875 0.186111
3 0.296875 0.208333 0.130208 0.303704
