0 0.9281250000000001 0.7208333333333333 0.05625 0.15555555555555556
0 0.6550781250000001 0.3284722222222222 0.022656250000000003 0.05694444444444444
0 0.6726562500000001 0.31736111111111115 0.018750000000000003 0.059722222222222225
0 0.6062500000000001 0.2576388888888889 0.018750000000000003 0.05694444444444444
0 0.18476562500000002 0.638888888888889 0.03671875 0.14166666666666666
0 0.039843750000000004 0.675 0.051562500000000004 0.17777777777777778
0 0.36445312500000004 0.30972222222222223 0.01640625 0.06666666666666667
0 0.33242187500000003 0.3076388888888889 0.01953125 0.0625
0 0.35664062500000004 0.24722222222222223 0.014843750000000001 0.05
0 0.3828125 0.225 0.0125 0.04166666666666667
0 0.40273437500000003 0.20277777777777778 0.01015625 0.036111111111111115
3 0.31562500000000004 0.7340277777777778 0.24375000000000002 0.5291666666666667
3 0.4625 0.2013888888888889 0.0484375 0.10555555555555556
