1 0.344375 0.7666666666666667 0.18375 0.28
1 0.214375 0.5366666666666666 0.09625 0.14
2 0.548125 0.3711111111111111 0.07125000000000001 0.10666666666666666
1 0.850625 0.8222222222222222 0.29625 0.3511111111111111
2 0.416875 0.2877777777777778 0.06625 0.13111111111111112
0 0.458125 0.63 0.04125 0.17555555555555555
0 0.584375 0.6888888888888889 0.051250000000000004 0.19111111111111112
0 0.47500000000000003 0.4855555555555556 0.025 0.12222222222222222
0 0.415625 0.4777777777777778 0.02125 0.10666666666666666
0 0.376875 0.47 0.02125 0.10444444444444445
0 0.185625 0.3988888888888889 0.01375 0.07333333333333333
