0 0.838125 0.935556 0.036250 0.115556
0 0.815000 0.948889 0.022500 0.102222
4 0.509375 0.822222 0.011250 0.066667
0 0.696875 0.816667 0.026250 0.082222
0 0.766250 0.910000 0.025000 0.091111
0 0.670000 0.731111 0.017500 0.062222
0 0.363125 0.746667 0.036250 0.057778
0 0.248750 0.722222 0.032500 0.048889
0 0.179375 0.736667 0.031250 0.046667
0 0.131250 0.725556 0.030000 0.055556
1 0.588125 0.910000 0.068750 0.140000
1 0.703125 0.937778 0.086250 0.115556
1 0.624375 0.762222 0.041250 0.066667
1 0.615000 0.708889 0.030000 0.048889
1 0.563125 0.707778 0.031250 0.064444
3 0.300000 0.670000 0.110000 0.086667
0 0.301875 0.708889 0.031250 0.040000
0 0.204375 0.718889 0.026250 0.037778
3 0.606875 0.670000 0.031250 0.068889
