2 0.711875 0.738889 0.081250 0.171111
1 0.573750 0.841111 0.052500 0.095556
1 0.527500 0.741111 0.045000 0.077778
1 0.571250 0.694444 0.037500 0.046667
1 0.645625 0.707778 0.026250 0.051111
0 0.647500 0.732222 0.015000 0.051111
0 0.633125 0.752222 0.013750 0.055556
0 0.635000 0.855556 0.020000 0.097778
0 0.657500 0.904444 0.022500 0.093333
0 0.723750 0.878889 0.022500 0.082222
0 0.765625 0.864444 0.018750 0.071111
0 0.762500 0.950000 0.022500 0.095556
0 0.800000 0.864444 0.020000 0.080000
0 0.835625 0.846667 0.016250 0.080000
0 0.854375 0.910000 0.018750 0.086667
0 0.553750 0.948889 0.020000 0.097778
0 0.535625 0.876667 0.018750 0.082222
0 0.393125 0.708889 0.026250 0.057778
0 0.185625 0.743333 0.033750 0.055556
1 0.124375 0.687778 0.068750 0.073333
0 0.145625 0.702222 0.026250 0.053333
3 0.253125 0.695556 0.091250 0.084444
1 0.322500 0.692222 0.047500 0.037778
0 0.438750 0.698889 0.020000 0.051111
0 0.473125 0.713333 0.016250 0.044444
