1 0.266250 0.887778 0.085000 0.144444
1 0.372500 0.713333 0.035000 0.071111
1 0.713125 0.970000 0.088750 0.060000
2 0.643750 0.804444 0.070000 0.128889
2 0.690000 0.740000 0.055000 0.084444
2 0.375000 0.870000 0.080000 0.188889
3 0.540625 0.644444 0.023750 0.066667
3 0.613750 0.958889 0.102500 0.082222
0 0.730625 0.820000 0.016250 0.071111
0 0.737500 0.917778 0.027500 0.093333
0 0.750000 0.800000 0.017500 0.066667
0 0.780625 0.833333 0.021250 0.062222
0 0.472500 0.755556 0.015000 0.053333
0 0.194375 0.835556 0.021250 0.088889
0 0.180625 0.783333 0.016250 0.073333
0 0.215625 0.787778 0.016250 0.068889
0 0.026250 0.956667 0.030000 0.086667
0 0.305000 0.763333 0.015000 0.055556
