0 0.350000 0.833333 0.020000 0.093333
0 0.401875 0.800000 0.018750 0.080000
0 0.355625 0.947778 0.028750 0.100000
0 0.282500 0.930000 0.020000 0.100000
0 0.308125 0.864444 0.023750 0.097778
0 0.247500 0.931111 0.025000 0.111111
0 0.165625 0.908889 0.026250 0.102222
0 0.124375 0.917778 0.026250 0.111111
0 0.061875 0.934444 0.023750 0.113333
0 0.078125 0.875556 0.018750 0.075556
0 0.098750 0.807778 0.017500 0.064444
0 0.172500 0.833333 0.017500 0.071111
0 0.136250 0.787778 0.022500 0.068889
0 0.534375 0.814444 0.016250 0.068889
0 0.752500 0.944444 0.030000 0.111111
4 0.776250 0.868889 0.015000 0.080000
0 0.812500 0.847778 0.020000 0.073333
2 0.591250 0.862222 0.052500 0.128889
2 0.885000 0.945556 0.170000 0.108889
1 0.692500 0.938889 0.085000 0.122222
1 0.648750 0.711111 0.037500 0.057778
1 0.704375 0.745556 0.041250 0.055556
1 0.643750 0.802222 0.045000 0.088889
1 0.763750 0.835556 0.057500 0.080000
3 0.569375 0.736667 0.051250 0.117778
1 0.523125 0.703333 0.036250 0.068889
