0 0.541875 0.801111 0.018750 0.077778
0 0.835625 0.943333 0.026250 0.104444
0 0.575625 0.755556 0.031250 0.057778
0 0.270000 0.900000 0.022500 0.093333
0 0.069375 0.907778 0.021250 0.091111
0 0.103750 0.825556 0.020000 0.082222
0 0.278750 0.833333 0.020000 0.057778
0 0.318750 0.812222 0.020000 0.082222
3 0.714375 0.928889 0.108750 0.142222
3 0.665625 0.807778 0.058750 0.135556
3 0.611250 0.957778 0.102500 0.084444
3 0.183750 0.875556 0.117500 0.226667
1 0.761250 0.846667 0.070000 0.102222
1 0.706250 0.752222 0.050000 0.068889
2 0.676250 0.685556 0.052500 0.100000
1 0.434375 0.723333 0.031250 0.060000
1 0.358750 0.823333 0.057500 0.122222
