1 0.400197628458498 0.38461538461538464 0.1719367588932806 0.1888111888111888
1 0.15810276679841895 0.2674825174825175 0.13043478260869565 0.12937062937062938
1 0.8774703557312252 0.8951048951048951 0.22134387351778656 0.18181818181818182
0 0.967391304347826 0.8356643356643356 0.04545454545454545 0.07692307692307693
0 0.7104743083003953 0.916083916083916 0.11660079051383399 0.13986013986013987
0 0.5187747035573123 0.5769230769230769 0.08498023715415019 0.16783216783216784
0 0.4535573122529644 0.5979020979020979 0.08102766798418971 0.1888111888111888
0 0.3794466403162055 0.6136363636363636 0.07905138339920947 0.17832167832167833
0 0.2954545454545454 0.479020979020979 0.06521739130434782 0.15384615384615385
0 0.2243083003952569 0.5297202797202797 0.07312252964426877 0.16433566433566432
0 0.19466403162055335 0.4020979020979021 0.0533596837944664 0.13286713286713286
0 0.12648221343873517 0.4527972027972028 0.05138339920948616 0.14335664335664336
0 0.14624505928853754 0.3548951048951049 0.043478260869565216 0.10139860139860139
