0 0.7510416666666666 0.34917840375586856 0.016666666666666666 0.062206572769953054
0 0.7252604166666666 0.36326291079812206 0.0234375 0.07394366197183098
0 0.71171875 0.2852112676056338 0.021354166666666667 0.056338028169014086
0 0.6463541666666667 0.32629107981220656 0.017708333333333333 0.04460093896713615
0 0.5796875 0.4354460093896714 0.026041666666666668 0.08215962441314555
0 0.5528645833333333 0.33274647887323944 0.021354166666666667 0.05985915492957747
0 0.19635416666666666 0.6150234741784038 0.028125 0.0892018779342723
0 0.15390625 0.4014084507042254 0.0234375 0.06338028169014084
0 0.684375 0.6731220657276995 0.041666666666666664 0.1279342723004695
0 0.72421875 0.7593896713615024 0.0296875 0.10328638497652583
0 0.73515625 0.6109154929577465 0.0265625 0.08802816901408451
0 0.8020833333333334 0.7605633802816901 0.03854166666666667 0.12441314553990611
0 0.8807291666666667 0.7775821596244131 0.046875 0.13732394366197184
1 0.671875 0.42077464788732394 0.06145833333333333 0.1068075117370892
1 0.8356770833333333 0.2711267605633803 0.05260416666666667 0.07276995305164319
3 0.8192708333333333 0.4483568075117371 0.10416666666666667 0.18309859154929578
3 0.9463541666666666 0.5669014084507042 0.10625 0.27699530516431925
3 0.6700520833333333 0.22007042253521128 0.06614583333333333 0.11150234741784038
3 0.6322916666666667 0.2546948356807512 0.046875 0.10093896713615023
3 0.7677083333333333 0.24647887323943662 0.057291666666666664 0.09154929577464789
