3 0.694375 0.851111 0.078750 0.168889
1 0.599375 0.687778 0.031250 0.060000
1 0.586250 0.936667 0.065000 0.126667
1 0.720000 0.788889 0.040000 0.071111
3 0.788750 0.845556 0.085000 0.166667
1 0.366875 0.728889 0.098750 0.071111
1 0.635000 0.723333 0.037500 0.064444
1 0.231875 0.721111 0.076250 0.073333
2 0.168125 0.695556 0.103750 0.080000
0 0.325000 0.841111 0.030000 0.086667
0 0.410625 0.750000 0.038750 0.073333
0 0.274375 0.744444 0.031250 0.062222
4 0.545000 0.923333 0.017500 0.113333
1 0.693750 0.961111 0.080000 0.077778
1 0.629375 0.784444 0.046250 0.093333
