0 0.673125 0.863333 0.038750 0.091111
0 0.809375 0.956667 0.023750 0.073333
0 0.873750 0.957778 0.022500 0.084444
0 0.898750 0.914444 0.022500 0.095556
0 0.839375 0.922222 0.023750 0.093333
0 0.845000 0.841111 0.022500 0.068889
0 0.756875 0.903333 0.038750 0.104444
0 0.730000 0.827778 0.020000 0.073333
1 0.701250 0.784444 0.045000 0.071111
1 0.626875 0.734444 0.046250 0.073333
1 0.426250 0.691111 0.027500 0.044444
2 0.357500 0.764444 0.047500 0.102222
1 0.183125 0.671111 0.061250 0.062222
0 0.214375 0.904444 0.023750 0.102222
0 0.274375 0.826667 0.016250 0.080000
0 0.202500 0.851111 0.022500 0.080000
0 0.216250 0.775556 0.017500 0.071111
0 0.315625 0.758889 0.013750 0.064444
0 0.496875 0.785556 0.033750 0.060000
3 0.506250 0.740000 0.075000 0.115556
3 0.576250 0.678889 0.037500 0.095556
1 0.697500 0.971111 0.080000 0.057778
