0 0.251875 0.912222 0.023750 0.108889
0 0.193750 0.844444 0.027500 0.097778
0 0.248750 0.821111 0.020000 0.064444
0 0.293750 0.823333 0.020000 0.091111
0 0.144375 0.786667 0.013750 0.071111
0 0.315000 0.782222 0.015000 0.075556
0 0.386250 0.733333 0.030000 0.057778
0 0.547500 0.845556 0.015000 0.073333
0 0.615000 0.885556 0.022500 0.095556
0 0.831250 0.904444 0.015000 0.080000
0 0.861875 0.868889 0.021250 0.071111
0 0.813125 0.861111 0.021250 0.077778
4 0.507500 0.852222 0.020000 0.095556
4 0.575625 0.793333 0.046250 0.097778
1 0.235625 0.730000 0.093750 0.068889
2 0.370000 0.714444 0.082500 0.077778
3 0.725000 0.937778 0.120000 0.124444
3 0.823750 0.962222 0.075000 0.075556
1 0.746875 0.846667 0.066250 0.075556
1 0.684375 0.886667 0.058750 0.111111
1 0.633750 0.760000 0.047500 0.066667
1 0.694375 0.722222 0.041250 0.062222
3 0.548125 0.697778 0.036250 0.093333
1 0.621250 0.708889 0.030000 0.057778
0 0.424375 0.698889 0.013750 0.060000
