0 0.752083 0.639352 0.064583 0.232407
0 0.612500 0.513426 0.053125 0.200926
0 0.574479 0.337963 0.045833 0.188889
0 0.469792 0.223611 0.038542 0.156481
0 0.639844 0.197685 0.035937 0.150926
0 0.697917 0.221759 0.037500 0.145370
0 0.694010 0.133796 0.033854 0.110185
0 0.684635 0.075000 0.029687 0.079630
0 0.470573 0.087500 0.028646 0.119444
0 0.450781 0.048611 0.027604 0.095370
4 0.968490 0.531481 0.047396 0.225926
4 0.906250 0.240278 0.023958 0.158333
4 0.883073 0.212037 0.020313 0.133333
4 0.830208 0.123611 0.021875 0.121296
4 0.773958 0.062500 0.022917 0.123148
3 0.132812 0.151389 0.136458 0.300926
3 0.041927 0.466667 0.082812 0.712963
