1 0.604375 0.890000 0.116250 0.220000
1 0.708750 0.783333 0.080000 0.171111
0 0.790000 0.783333 0.037500 0.108889
0 0.874375 0.825556 0.041250 0.140000
0 0.915625 0.813333 0.046250 0.128889
0 0.820625 0.718889 0.056250 0.113333
0 0.762500 0.694444 0.042500 0.108889
0 0.708125 0.631111 0.038750 0.093333
0 0.658125 0.604444 0.028750 0.088889
0 0.612500 0.581111 0.035000 0.095556
0 0.780625 0.633333 0.036250 0.080000
0 0.816250 0.618889 0.035000 0.077778
0 0.689375 0.586667 0.031250 0.084444
0 0.378750 0.502222 0.047500 0.088889
0 0.295625 0.506667 0.043750 0.088889
0 0.232500 0.514444 0.047500 0.086667
0 0.171875 0.500000 0.046250 0.062222
1 0.319375 0.480000 0.098750 0.071111
0 0.501875 0.555556 0.046250 0.080000
0 0.743125 0.587778 0.031250 0.077778
0 0.778125 0.563333 0.021250 0.082222
0 0.712500 0.562222 0.032500 0.075556
