1 0.638021 0.478286 0.080208 0.146714
1 0.693229 0.589202 0.086458 0.164319
1 0.785417 0.853873 0.125000 0.170188
1 0.581510 0.837441 0.145313 0.193662
1 0.209115 0.726526 0.124479 0.206573
1 0.786719 0.460681 0.072396 0.127934
1 0.854167 0.361502 0.059375 0.110329
1 0.651042 0.256455 0.044792 0.085681
2 0.709115 0.180164 0.092188 0.130282
0 0.729948 0.712441 0.031771 0.110329
0 0.760417 0.671948 0.027083 0.085681
0 0.690625 0.817488 0.043750 0.130282
0 0.606771 0.394366 0.019792 0.089202
0 0.769271 0.585094 0.033333 0.092723
0 0.813021 0.588615 0.026042 0.095070
0 0.850000 0.540493 0.022917 0.083333
0 0.863281 0.641432 0.026562 0.085681
0 0.898698 0.686033 0.026562 0.099765
0 0.878385 0.790493 0.032813 0.120892
0 0.924740 0.791667 0.045312 0.137324
0 0.977604 0.787559 0.039583 0.112676
0 0.959115 0.613263 0.039062 0.132629
0 0.888281 0.548122 0.024479 0.110329
0 0.804948 0.352113 0.020313 0.068075
3 0.728125 0.342136 0.072917 0.170188
3 0.788802 0.149061 0.050521 0.075117
3 0.397917 0.222418 0.066667 0.123239
