0 0.651953125 0.4638888888888889 0.032031250000000004 0.12222222222222223
0 0.343359375 0.31736111111111115 0.01953125 0.07083333333333333
0 0.32851562500000003 0.2951388888888889 0.017968750000000002 0.0625
0 0.280859375 0.35555555555555557 0.02890625 0.08055555555555556
0 0.38398437500000004 0.25277777777777777 0.017968750000000002 0.04722222222222222
0 0.3453125 0.2548611111111111 0.018750000000000003 0.051388888888888894
0 0.40703125 0.25277777777777777 0.015625 0.05
3 0.1125 0.6062500000000001 0.225 0.45416666666666666
3 0.43867187500000004 0.23472222222222222 0.04453125 0.10833333333333334
3 0.81015625 0.8 0.33125000000000004 0.39722222222222225
3 0.2171875 0.7291666666666667 0.40625 0.5388888888888889
1 0.56796875 0.2215277777777778 0.028125 0.051388888888888894
