1 0.665625 0.926667 0.081250 0.111111
1 0.718125 0.852222 0.068750 0.113333
1 0.631875 0.745556 0.053750 0.077778
2 0.553125 0.757778 0.051250 0.111111
1 0.601875 0.696667 0.028750 0.051111
3 0.513750 0.698889 0.060000 0.091111
1 0.326875 0.962222 0.076250 0.071111
1 0.317500 0.703333 0.082500 0.060000
1 0.143750 0.722222 0.092500 0.057778
4 0.403750 0.832222 0.027500 0.113333
4 0.364375 0.827778 0.021250 0.091111
0 0.306250 0.833333 0.025000 0.080000
0 0.308125 0.714444 0.023750 0.051111
0 0.545000 0.886667 0.025000 0.088889
0 0.766250 0.961111 0.027500 0.077778
0 0.809375 0.960000 0.023750 0.080000
0 0.764375 0.815556 0.013750 0.071111
0 0.701250 0.778889 0.020000 0.060000
0 0.725000 0.768889 0.015000 0.066667
0 0.426875 0.783333 0.028750 0.091111
0 0.419375 0.705556 0.023750 0.046667
0 0.240000 0.746667 0.037500 0.062222
0 0.158750 0.756667 0.032500 0.055556
0 0.805625 0.854444 0.021250 0.073333
