1 0.747500 0.918889 0.087500 0.126667
1 0.653125 0.776667 0.056250 0.082222
1 0.608750 0.715556 0.042500 0.062222
1 0.348750 0.893333 0.067500 0.146667
1 0.273750 0.704444 0.087500 0.053333
4 0.397500 0.828889 0.025000 0.093333
0 0.550000 0.953333 0.030000 0.084444
0 0.825000 0.941111 0.030000 0.108889
0 0.703125 0.782222 0.013750 0.071111
0 0.780625 0.802222 0.016250 0.071111
0 0.754375 0.811111 0.018750 0.075556
0 0.363750 0.792222 0.025000 0.060000
0 0.356250 0.710000 0.025000 0.051111
0 0.405625 0.707778 0.026250 0.055556
0 0.242500 0.740000 0.032500 0.048889
0 0.174375 0.747778 0.038750 0.064444
2 0.561875 0.783333 0.056250 0.113333
3 0.532500 0.713333 0.050000 0.097778
1 0.613125 0.658889 0.028750 0.046667
0 0.734375 0.771111 0.011250 0.053333
0 0.460000 0.773333 0.025000 0.057778
