1 0.127500 0.737778 0.097500 0.066667
1 0.623125 0.706667 0.038750 0.062222
1 0.156250 0.715556 0.092500 0.066667
1 0.623125 0.808889 0.053750 0.080000
1 0.510625 0.778889 0.081250 0.068889
2 0.700625 0.900000 0.101250 0.177778
3 0.801875 0.930000 0.073750 0.131111
3 0.376875 0.676667 0.096250 0.064444
0 0.351250 0.867778 0.025000 0.104444
0 0.108750 0.820000 0.022500 0.080000
0 0.065625 0.940000 0.028750 0.097778
0 0.550625 0.831111 0.011250 0.066667
0 0.595625 0.917778 0.023750 0.062222
0 0.729375 0.778889 0.018750 0.060000
0 0.700625 0.788889 0.016250 0.048889
0 0.673125 0.745556 0.018750 0.060000
0 0.535625 0.727778 0.028750 0.051111
0 0.547500 0.678889 0.020000 0.042222
0 0.416250 0.715556 0.027500 0.053333
0 0.373125 0.730000 0.031250 0.060000
0 0.320625 0.728889 0.026250 0.057778
0 0.465000 0.682222 0.017500 0.053333
0 0.273125 0.682222 0.026250 0.040000
3 0.600000 0.970000 0.097500 0.060000
