0 0.52375 0.7066666666666667 0.05 0.2088888888888889
0 0.370625 0.8466666666666667 0.06125 0.25333333333333335
0 0.5906250000000001 0.5977777777777777 0.03625 0.14666666666666667
0 0.704375 0.6322222222222222 0.04625 0.1711111111111111
0 0.85375 0.7166666666666667 0.07 0.18888888888888888
0 0.6431250000000001 0.45222222222222225 0.02375 0.10888888888888888
0 0.604375 0.42444444444444446 0.02125 0.10222222222222223
0 0.5650000000000001 0.45444444444444443 0.0225 0.10888888888888888
0 0.5181250000000001 0.4444444444444444 0.02375 0.12
0 0.478125 0.4633333333333333 0.02125 0.1
0 0.426875 0.45666666666666667 0.01875 0.09111111111111111
