1 0.274375 0.6422222222222222 0.13375 0.2
1 0.663125 0.5 0.10375000000000001 0.12444444444444444
0 0.4475 0.7188888888888889 0.0325 0.18888888888888888
0 0.51125 0.7544444444444445 0.0375 0.18888888888888888
0 0.623125 0.8244444444444444 0.04875 0.24
0 0.703125 0.7622222222222222 0.043750000000000004 0.2222222222222222
0 0.8175 0.8888888888888888 0.0825 0.21777777777777776
0 0.875 0.7177777777777777 0.0625 0.2088888888888889
0 0.555 0.68 0.0425 0.21777777777777776
0 0.480625 0.6588888888888889 0.03375 0.17555555555555555
0 0.419375 0.6 0.03875 0.13333333333333333
0 0.5806250000000001 0.5322222222222223 0.02875 0.13555555555555557
0 0.641875 0.5622222222222222 0.03375 0.14666666666666667
0 0.43875000000000003 0.5 0.02 0.1111111111111111
0 0.38 0.46 0.0225 0.10666666666666666
0 0.34875 0.4633333333333333 0.0225 0.1
