0 0.033594 0.636407 0.048438 0.101711
0 0.414583 0.788498 0.093750 0.115019
0 0.553125 0.781369 0.094792 0.106464
0 0.731510 0.777567 0.091146 0.100760
0 0.943750 0.815589 0.082292 0.091255
0 0.861719 0.566540 0.071354 0.083650
0 0.791406 0.585076 0.077604 0.084601
0 0.700521 0.507129 0.053125 0.078897
0 0.798958 0.506179 0.060417 0.069392
0 0.570312 0.556084 0.057292 0.074144
0 0.368229 0.517110 0.055208 0.074144
0 0.121615 0.518061 0.030729 0.089354
0 0.178646 0.428707 0.021875 0.074144
3 0.515104 0.429183 0.110417 0.101711
3 0.582292 0.320817 0.039583 0.069392
3 0.280990 0.475285 0.067187 0.131179
3 0.374479 0.344106 0.050000 0.089354
3 0.313281 0.329848 0.042188 0.089354
3 0.456250 0.297529 0.055208 0.131179
1 0.465104 0.583175 0.154167 0.116920
1 0.663281 0.637833 0.186979 0.142586
