0 0.547500 0.795556 0.017500 0.075556
0 0.815000 0.892222 0.022500 0.086667
0 0.765000 0.833333 0.020000 0.080000
0 0.782500 0.805556 0.015000 0.060000
0 0.256875 0.893333 0.018750 0.102222
0 0.130625 0.874444 0.021250 0.086667
0 0.072500 0.956667 0.037500 0.068889
0 0.188125 0.973333 0.033750 0.053333
0 0.235000 0.821111 0.022500 0.077778
0 0.196250 0.792222 0.040000 0.073333
0 0.356250 0.751111 0.015000 0.066667
0 0.267500 0.764444 0.020000 0.071111
1 0.381875 0.900000 0.061250 0.124444
1 0.414375 0.782222 0.051250 0.080000
1 0.330625 0.731111 0.041250 0.066667
3 0.443750 0.694444 0.042500 0.095556
3 0.611250 0.957778 0.110000 0.084444
3 0.580625 0.758889 0.048750 0.108889
1 0.661875 0.680000 0.028750 0.048889
1 0.686250 0.720000 0.037500 0.053333
1 0.711875 0.795556 0.058750 0.084444
0 0.659375 0.797778 0.031250 0.071111
