0 0.260000 0.875556 0.017500 0.102222
0 0.185625 0.886667 0.018750 0.097778
0 0.209375 0.948889 0.026250 0.102222
0 0.154375 0.848889 0.021250 0.088889
0 0.139375 0.952222 0.026250 0.091111
0 0.091250 0.940000 0.032500 0.102222
0 0.063125 0.935556 0.021250 0.102222
0 0.020000 0.948889 0.030000 0.097778
0 0.540000 0.858889 0.022500 0.091111
0 0.731250 0.885556 0.022500 0.068889
0 0.785000 0.906667 0.025000 0.093333
0 0.837500 0.938889 0.027500 0.091111
0 0.816875 0.880000 0.016250 0.080000
0 0.786875 0.836667 0.021250 0.064444
0 0.758125 0.798889 0.016250 0.060000
0 0.723750 0.778889 0.022500 0.068889
0 0.678750 0.766667 0.017500 0.080000
0 0.515625 0.777778 0.028750 0.053333
3 0.629375 0.790000 0.058750 0.113333
3 0.589375 0.708889 0.041250 0.097778
1 0.724375 0.958889 0.086250 0.077778
1 0.330625 0.866667 0.071250 0.115556
1 0.319375 0.958889 0.091250 0.082222
1 0.422500 0.721111 0.032500 0.060000
3 0.346875 0.690000 0.046250 0.100000
1 0.155625 0.677778 0.063750 0.062222
0 0.543125 0.716667 0.011250 0.064444
