0 0.719271 0.491784 0.034375 0.117371
0 0.738281 0.637911 0.031771 0.118545
0 0.647396 0.381455 0.021875 0.072770
0 0.308594 0.681925 0.036979 0.143192
0 0.325781 0.591549 0.040104 0.103286
0 0.242708 0.457160 0.031250 0.090376
0 0.159635 0.403756 0.035937 0.063380
0 0.230469 0.842723 0.040104 0.154930
0 0.891927 0.680751 0.028646 0.150235
0 0.980208 0.785798 0.039583 0.158451
0 0.939583 0.575704 0.037500 0.132629
1 0.864323 0.375000 0.072396 0.130282
0 0.776042 0.322770 0.027083 0.072770
0 0.892708 0.312793 0.014583 0.057512
0 0.913021 0.289319 0.012500 0.045775
0 0.856510 0.245892 0.014063 0.057512
0 0.721354 0.232394 0.023958 0.058685
1 0.719531 0.299883 0.056771 0.090376
1 0.190104 0.490610 0.091667 0.103286
1 0.211458 0.627347 0.077083 0.127934
1 0.225781 0.368545 0.076563 0.070423
1 0.782813 0.224765 0.047917 0.064554
3 0.517708 0.197770 0.070833 0.078638
