3 0.599375 0.775556 0.051250 0.124444
3 0.291875 0.688889 0.098750 0.071111
1 0.380000 0.675556 0.055000 0.044444
1 0.465625 0.668889 0.053750 0.048889
1 0.532500 0.751111 0.047500 0.080000
1 0.575625 0.867778 0.056250 0.104444
1 0.644375 0.734444 0.031250 0.060000
1 0.630000 0.687778 0.027500 0.046667
1 0.670625 0.676667 0.031250 0.051111
2 0.735625 0.780000 0.106250 0.208889
1 0.690000 0.921111 0.067500 0.113333
3 0.292500 0.692222 0.102500 0.073333
1 0.200625 0.708889 0.076250 0.053333
0 0.243750 0.733333 0.027500 0.057778
0 0.197500 0.732222 0.037500 0.055556
0 0.093750 0.741111 0.030000 0.051111
0 0.406875 0.763333 0.031250 0.055556
0 0.541250 0.927778 0.020000 0.104444
0 0.640625 0.835556 0.018750 0.075556
0 0.651875 0.787778 0.016250 0.064444
0 0.825625 0.907778 0.023750 0.100000
0 0.873750 0.961111 0.022500 0.073333
0 0.940625 0.960000 0.031250 0.075556
1 0.528125 0.654444 0.036250 0.051111
0 0.473125 0.714444 0.016250 0.037778
