0 0.118125 0.751111 0.043750 0.133333
0 0.100000 0.651111 0.035000 0.106667
1 0.232500 0.702222 0.105000 0.151111
1 0.306250 0.622222 0.077500 0.124444
1 0.397500 0.633333 0.057500 0.124444
4 0.238750 0.603333 0.030000 0.082222
0 0.374375 0.527778 0.043750 0.073333
0 0.566250 0.761111 0.035000 0.117778
0 0.632500 0.887778 0.042500 0.140000
0 0.684375 0.871111 0.038750 0.146667
0 0.736875 0.796667 0.046250 0.148889
0 0.806875 0.948889 0.056250 0.093333
0 0.886250 0.905556 0.062500 0.148889
0 0.951250 0.887778 0.055000 0.148889
0 0.820000 0.856667 0.067500 0.122222
0 0.836875 0.786667 0.046250 0.106667
0 0.877500 0.758889 0.042500 0.117778
0 0.640625 0.676667 0.041250 0.100000
0 0.577500 0.686667 0.035000 0.111111
0 0.556250 0.638889 0.032500 0.082222
0 0.581250 0.575556 0.027500 0.080000
0 0.710000 0.640000 0.030000 0.097778
0 0.736875 0.643333 0.026250 0.095556
0 0.772500 0.705556 0.030000 0.104444
0 0.830625 0.712222 0.038750 0.095556
0 0.796250 0.688889 0.035000 0.097778
0 0.856250 0.633333 0.037500 0.088889
0 0.512500 0.537778 0.040000 0.084444
3 0.648125 0.560000 0.076250 0.177778
0 0.770625 0.618889 0.031250 0.077778
0 0.795000 0.625556 0.025000 0.086667
0 0.808750 0.647778 0.025000 0.073333
0 0.790000 0.586667 0.032500 0.062222
0 0.749375 0.574444 0.033750 0.077778
0 0.422500 0.521111 0.032500 0.064444
0 0.452500 0.490000 0.037500 0.060000
0 0.563750 0.504444 0.025000 0.071111
