0 0.666250 0.947778 0.030000 0.086667
0 0.371250 0.738889 0.027500 0.051111
0 0.500625 0.716667 0.018750 0.046667
0 0.286875 0.758889 0.031250 0.051111
1 0.153750 0.941111 0.132500 0.113333
4 0.520625 0.844444 0.013750 0.106667
1 0.580625 0.871111 0.066250 0.111111
1 0.560625 0.755556 0.033750 0.062222
1 0.650000 0.766667 0.037500 0.075556
2 0.730000 0.793333 0.057500 0.124444
3 0.685625 0.853333 0.068750 0.160000
3 0.676250 0.713333 0.047500 0.084444
1 0.779375 0.904444 0.068750 0.106667
2 0.217500 0.693333 0.077500 0.062222
3 0.121875 0.704444 0.108750 0.084444
1 0.523750 0.680000 0.040000 0.057778
