0 0.086250 0.880000 0.052500 0.146667
0 0.182500 0.805556 0.052500 0.131111
0 0.052500 0.768889 0.042500 0.115556
0 0.120000 0.767778 0.045000 0.108889
0 0.178750 0.704444 0.032500 0.111111
0 0.140625 0.675556 0.036250 0.106667
0 0.095625 0.657778 0.041250 0.097778
0 0.229375 0.674444 0.036250 0.104444
1 0.296250 0.652222 0.092500 0.157778
0 0.165000 0.577778 0.032500 0.084444
0 0.195000 0.578889 0.025000 0.077778
0 0.216875 0.586667 0.026250 0.071111
0 0.381875 0.571111 0.028750 0.084444
1 0.340000 0.536667 0.060000 0.122222
3 0.431875 0.495556 0.046250 0.137778
1 0.576875 0.716667 0.076250 0.140000
0 0.660625 0.726667 0.036250 0.111111
0 0.624375 0.665556 0.028750 0.100000
1 0.678750 0.664444 0.067500 0.102222
0 0.753125 0.706667 0.036250 0.102222
0 0.811250 0.851111 0.040000 0.124444
0 0.838125 0.802222 0.041250 0.120000
0 0.941875 0.934444 0.053750 0.126667
0 0.838125 0.733333 0.036250 0.088889
0 0.850625 0.668889 0.038750 0.102222
0 0.791250 0.653333 0.032500 0.093333
0 0.740625 0.650000 0.031250 0.077778
0 0.749375 0.596667 0.028750 0.082222
0 0.529375 0.534444 0.023750 0.073333
0 0.563750 0.507778 0.020000 0.064444
0 0.704375 0.560000 0.026250 0.071111
0 0.255000 0.575556 0.030000 0.075556
