0 0.922917 0.431925 0.016667 0.091549
0 0.955729 0.632629 0.036458 0.136150
0 0.817708 0.652582 0.028125 0.098592
1 0.662760 0.545188 0.110937 0.170188
0 0.489844 0.694249 0.041146 0.144366
0 0.345573 0.671948 0.044271 0.132629
0 0.250260 0.446009 0.035937 0.075117
0 0.119010 0.397887 0.031771 0.065728
0 0.644531 0.416080 0.028646 0.083333
0 0.621875 0.379695 0.025000 0.102113
0 0.672396 0.328052 0.028125 0.050469
1 0.737760 0.383216 0.054688 0.113850
1 0.841927 0.321596 0.042188 0.079812
1 0.851562 0.417840 0.065625 0.138498
1 0.870573 0.562793 0.092188 0.156103
1 0.912760 0.812207 0.106771 0.204225
1 0.739062 0.760563 0.122917 0.183099
1 0.208594 0.651408 0.084896 0.180751
1 0.151562 0.483568 0.084375 0.105634
1 0.375000 0.235915 0.082292 0.079812
1 0.589323 0.190728 0.067187 0.059859
1 0.189323 0.279343 0.074479 0.072770
1 0.730208 0.141432 0.039583 0.073944
3 0.593750 0.309272 0.081250 0.144366
3 0.515885 0.413732 0.091146 0.186620
3 0.738542 0.285798 0.042708 0.064554
3 0.582031 0.742371 0.093229 0.233568
