0 0.655000 0.878889 0.042500 0.162222
0 0.755000 0.884444 0.037500 0.128889
0 0.802500 0.850000 0.045000 0.140000
0 0.765625 0.765556 0.038750 0.104444
0 0.620625 0.711111 0.043750 0.102222
0 0.726250 0.705556 0.040000 0.108889
0 0.845625 0.762222 0.043750 0.115556
0 0.875625 0.834444 0.038750 0.140000
0 0.913750 0.834444 0.042500 0.131111
0 0.956875 0.914444 0.051250 0.157778
0 0.931250 0.764444 0.060000 0.120000
0 0.957500 0.747778 0.042500 0.117778
0 0.808125 0.680000 0.038750 0.106667
0 0.554375 0.627778 0.033750 0.091111
0 0.543750 0.566667 0.027500 0.084444
0 0.453750 0.537778 0.047500 0.102222
0 0.530625 0.472222 0.028750 0.082222
1 0.625625 0.545556 0.061250 0.100000
0 0.663750 0.615556 0.032500 0.084444
4 0.638125 0.625556 0.033750 0.095556
0 0.686875 0.610000 0.028750 0.082222
0 0.702500 0.646667 0.025000 0.093333
0 0.757500 0.636667 0.032500 0.095556
0 0.725000 0.603333 0.030000 0.095556
0 0.798750 0.605556 0.030000 0.086667
0 0.821250 0.587778 0.027500 0.073333
0 0.759375 0.557778 0.021250 0.071111
0 0.782500 0.538889 0.025000 0.064444
3 0.566875 0.452222 0.041250 0.100000
0 0.417500 0.516667 0.042500 0.073333
0 0.243125 0.521111 0.043750 0.051111
1 0.277500 0.493333 0.082500 0.080000
