1 0.458125 0.670000 0.056250 0.051111
1 0.525000 0.693333 0.032500 0.062222
1 0.563750 0.785556 0.052500 0.077778
1 0.390625 0.676667 0.026250 0.046667
0 0.155625 0.950000 0.046250 0.100000
2 0.617500 0.925556 0.082500 0.148889
3 0.764375 0.915556 0.138750 0.168889
3 0.689375 0.878889 0.076250 0.148889
1 0.663125 0.798889 0.063750 0.095556
1 0.630000 0.731111 0.045000 0.066667
3 0.570625 0.708889 0.043750 0.097778
2 0.667500 0.654444 0.060000 0.095556
0 0.307500 0.784444 0.020000 0.080000
0 0.270625 0.784444 0.021250 0.071111
0 0.227500 0.775556 0.015000 0.066667
0 0.143750 0.742222 0.017500 0.062222
0 0.206250 0.766667 0.022500 0.066667
0 0.599375 0.780000 0.016250 0.075556
0 0.855000 0.925556 0.027500 0.108889
0 0.327500 0.728889 0.012500 0.062222
0 0.368125 0.710000 0.016250 0.055556
