1 0.25 0.62 0.1225 0.17333333333333334
0 0.42812500000000003 0.63 0.03375 0.15777777777777777
0 0.5125 0.7066666666666667 0.0425 0.19111111111111112
0 0.5725 0.6622222222222223 0.0475 0.17333333333333334
0 0.605 0.6211111111111111 0.045 0.1622222222222222
0 0.5543750000000001 0.55 0.03125 0.13111111111111112
0 0.691875 0.51 0.04125 0.11777777777777777
0 0.735 0.6 0.0475 0.16444444444444445
0 0.6925 0.6777777777777778 0.055 0.1688888888888889
0 0.69125 0.7944444444444444 0.06 0.18
0 0.78125 0.7044444444444444 0.0675 0.20444444444444446
0 0.851875 0.8566666666666667 0.07375 0.2511111111111111
0 0.45875 0.55 0.0275 0.13111111111111112
0 0.421875 0.5122222222222222 0.02875 0.11333333333333333
0 0.36 0.5011111111111111 0.0275 0.11777777777777777
0 0.1825 0.4022222222222222 0.0225 0.08444444444444445
0 0.47500000000000003 0.45111111111111113 0.0225 0.10222222222222223
1 0.586875 0.41 0.08125 0.11777777777777777
