0 0.189375 0.780000 0.023750 0.071111
0 0.173125 0.951111 0.031250 0.097778
0 0.389375 0.835556 0.016250 0.088889
0 0.425000 0.785556 0.017500 0.077778
0 0.398750 0.766667 0.017500 0.071111
0 0.327500 0.778889 0.025000 0.060000
4 0.351250 0.840000 0.012500 0.071111
4 0.117500 0.847778 0.022500 0.082222
4 0.085000 0.851111 0.017500 0.062222
1 0.260625 0.917778 0.093750 0.160000
1 0.273750 0.808889 0.062500 0.080000
3 0.648125 0.795556 0.066250 0.142222
3 0.719375 0.932222 0.118750 0.131111
0 0.921250 0.931111 0.030000 0.102222
0 0.843125 0.838889 0.018750 0.077778
0 0.823125 0.856667 0.018750 0.082222
0 0.727500 0.807778 0.022500 0.077778
0 0.668125 0.871111 0.023750 0.080000
0 0.758750 0.775556 0.017500 0.062222
0 0.696250 0.740000 0.015000 0.057778
0 0.461250 0.720000 0.020000 0.057778
1 0.613125 0.697778 0.031250 0.053333
1 0.581875 0.673333 0.031250 0.053333
