0 0.645625 0.832222 0.028750 0.082222
0 0.846250 0.944444 0.027500 0.102222
0 0.904375 0.961111 0.023750 0.068889
0 0.160625 0.953333 0.028750 0.093333
0 0.134375 0.714444 0.033750 0.055556
0 0.281875 0.752222 0.013750 0.055556
0 0.310625 0.746667 0.013750 0.071111
0 0.563125 0.704444 0.036250 0.062222
4 0.508125 0.850000 0.016250 0.086667
0 0.681875 0.758889 0.013750 0.064444
0 0.805000 0.803333 0.015000 0.073333
1 0.692500 0.913333 0.072500 0.106667
1 0.645625 0.780000 0.046250 0.071111
1 0.219375 0.731111 0.088750 0.071111
1 0.739375 0.793333 0.061250 0.084444
1 0.617500 0.714444 0.035000 0.064444
3 0.600000 0.925556 0.087500 0.148889
1 0.475000 0.666667 0.060000 0.053333
2 0.416875 0.726667 0.083750 0.080000
4 0.723125 0.953333 0.076250 0.093333
