0 0.356250 0.753521 0.054167 0.131455
0 0.285938 0.540493 0.027083 0.125587
0 0.229427 0.474178 0.028646 0.119718
0 0.156510 0.535211 0.033854 0.086854
0 0.171875 0.674883 0.044792 0.079812
0 0.191146 0.825117 0.054167 0.152582
0 0.267969 0.853873 0.061979 0.137324
0 0.716667 0.534624 0.036458 0.078638
0 0.942708 0.713028 0.037500 0.111502
0 0.968490 0.640845 0.047396 0.147887
2 0.690104 0.396714 0.118750 0.204225
1 0.854167 0.254695 0.055208 0.065728
1 0.745573 0.703638 0.108854 0.177230
1 0.823438 0.556338 0.078125 0.152582
1 0.830208 0.423122 0.069792 0.118545
1 0.817969 0.333920 0.056771 0.099765
1 0.472396 0.487676 0.094792 0.123239
1 0.573438 0.342136 0.060417 0.083333
1 0.194271 0.297535 0.066667 0.059859
3 0.727083 0.237676 0.062500 0.102113
3 0.666146 0.207746 0.042708 0.084507
3 0.542708 0.667840 0.136458 0.237089
