0 0.524609375 0.2388888888888889 0.014843750000000001 0.04166666666666667
0 0.396484375 0.25416666666666665 0.01015625 0.05
0 0.38007812500000004 0.23541666666666666 0.013281250000000001 0.04027777777777778
0 0.365234375 0.25625000000000003 0.01640625 0.05694444444444444
0 0.33359375 0.2638888888888889 0.0171875 0.05555555555555556
0 0.331640625 0.3298611111111111 0.02890625 0.07361111111111111
0 0.309375 0.30972222222222223 0.0171875 0.06944444444444445
0 0.28359375000000003 0.4340277777777778 0.03125 0.09027777777777778
0 0.23398437500000002 0.3854166666666667 0.02734375 0.0763888888888889
0 0.1203125 0.5229166666666667 0.0390625 0.10694444444444445
0 0.09335937500000001 0.6444444444444445 0.047656250000000004 0.14444444444444446
3 0.185546875 0.7680555555555556 0.26171875 0.46111111111111114
3 0.591796875 0.24583333333333335 0.05234375 0.11111111111111112
2 0.43203125000000003 0.2763888888888889 0.0625 0.14166666666666666
