0 0.08992094861660078 0.9055944055944056 0.0533596837944664 0.16083916083916083
0 0.16996047430830039 0.8531468531468531 0.043478260869565216 0.15384615384615385
0 0.25889328063241107 0.8601398601398601 0.043478260869565216 0.15384615384615385
0 0.1067193675889328 0.7762237762237763 0.02766798418972332 0.13986013986013987
0 0.14525691699604742 0.8006993006993007 0.04150197628458498 0.14685314685314685
0 0.15217391304347824 0.7045454545454546 0.03162055335968379 0.08041958041958042
0 0.13241106719367587 0.6433566433566433 0.03162055335968379 0.11888111888111888
0 0.16798418972332016 0.6188811188811189 0.03162055335968379 0.11888111888111888
0 0.11363636363636363 0.5332167832167832 0.02569169960474308 0.0944055944055944
0 0.283596837944664 0.5314685314685315 0.021739130434782608 0.09090909090909091
0 0.25790513833992096 0.46153846153846156 0.017786561264822132 0.08391608391608392
0 0.5978260869565217 0.534965034965035 0.03359683794466403 0.1048951048951049
0 0.6828063241106719 0.5681818181818182 0.029644268774703556 0.12937062937062938
0 0.6926877470355731 0.7709790209790209 0.04940711462450593 0.15034965034965034
0 0.7539525691699605 0.8741258741258742 0.06521739130434782 0.18181818181818182
1 0.21640316205533594 0.548951048951049 0.06521739130434782 0.11888111888111888
1 0.3310276679841897 0.6311188811188811 0.09288537549407114 0.17132867132867133
1 0.40316205533596833 0.8234265734265734 0.13438735177865613 0.22727272727272727
1 0.5345849802371541 0.7674825174825175 0.12055335968379446 0.1853146853146853
1 0.42984189723320154 0.5751748251748252 0.08498023715415019 0.12937062937062938
1 0.3804347826086956 0.486013986013986 0.05731225296442687 0.09090909090909091
1 0.4011857707509881 0.43356643356643354 0.07509881422924901 0.1048951048951049
1 0.28557312252964423 0.36713286713286714 0.04545454545454545 0.08391608391608392
0 0.5306324110671936 0.3968531468531469 0.03359683794466403 0.07342657342657342
