0 0.24 0.5522222222222222 0.035 0.10888888888888888
0 0.179375 0.4722222222222222 0.03125 0.08222222222222222
0 0.36875 0.48777777777777775 0.03 0.09111111111111111
0 0.44125000000000003 0.66 0.045 0.16
0 0.48125 0.6233333333333333 0.0525 0.15777777777777777
0 0.5375 0.5933333333333334 0.0425 0.13333333333333333
0 0.581875 0.7222222222222222 0.05625 0.18222222222222223
0 0.42562500000000003 0.8288888888888889 0.07125000000000001 0.21333333333333332
0 0.598125 0.6044444444444445 0.03875 0.12444444444444444
0 0.723125 0.7733333333333333 0.05375 0.19555555555555557
0 0.69125 0.8255555555555556 0.0675 0.21555555555555556
0 0.656875 0.9033333333333333 0.07875 0.17555555555555555
0 0.56 0.5333333333333333 0.0375 0.11555555555555555
1 0.691875 0.5711111111111111 0.13875 0.21333333333333332
2 0.58375 0.3933333333333333 0.0775 0.15555555555555556
1 0.20125 0.3522222222222222 0.0375 0.06444444444444444
