0 0.39437500000000003 0.5455555555555556 0.03125 0.09555555555555556
0 0.453125 0.5377777777777778 0.02875 0.09777777777777778
0 0.51 0.5477777777777778 0.0325 0.08666666666666667
0 0.561875 0.5433333333333333 0.02875 0.09555555555555556
0 0.52 0.7322222222222222 0.045 0.14
0 0.64625 0.8844444444444445 0.0625 0.21333333333333332
0 0.626875 0.6955555555555556 0.05375 0.17333333333333334
0 0.7275 0.8355555555555556 0.07 0.2
0 0.385625 0.4411111111111111 0.02375 0.06444444444444444
0 0.364375 0.4033333333333333 0.01875 0.06444444444444444
1 0.344375 0.7233333333333334 0.20125 0.33111111111111113
1 0.59 0.4255555555555556 0.085 0.13111111111111112
1 0.765 0.5933333333333334 0.1475 0.19555555555555557
