0 0.748750 0.905556 0.020000 0.095556
0 0.792500 0.908889 0.027500 0.088889
0 0.725625 0.837778 0.018750 0.080000
0 0.775625 0.848889 0.016250 0.080000
0 0.790625 0.798889 0.021250 0.068889
0 0.688750 0.778889 0.012500 0.060000
0 0.654375 0.750000 0.016250 0.060000
0 0.500625 0.778889 0.031250 0.060000
0 0.164375 0.938889 0.021250 0.100000
0 0.098750 0.958889 0.027500 0.082222
0 0.138750 0.907778 0.020000 0.095556
0 0.213750 0.905556 0.032500 0.073333
0 0.166250 0.855556 0.025000 0.088889
0 0.235625 0.798889 0.016250 0.068889
0 0.213750 0.766667 0.015000 0.075556
0 0.271250 0.787778 0.015000 0.068889
0 0.187500 0.800000 0.017500 0.080000
3 0.348750 0.917778 0.097500 0.164444
3 0.313125 0.787778 0.068750 0.148889
1 0.228125 0.940000 0.106250 0.120000
1 0.668125 0.858889 0.066250 0.108889
1 0.620625 0.766667 0.046250 0.080000
1 0.597500 0.716667 0.027500 0.055556
1 0.381250 0.702222 0.042500 0.075556
4 0.426250 0.836667 0.012500 0.095556
4 0.068125 0.851111 0.016250 0.084444
