0 0.354375 0.7766666666666666 0.05375 0.23333333333333334
0 0.41125 0.6688888888888889 0.035 0.17777777777777778
0 0.479375 0.7555555555555555 0.04875 0.18666666666666668
0 0.560625 0.7322222222222222 0.05375 0.17555555555555555
0 0.26875 0.6622222222222223 0.0425 0.16
0 0.38 0.5477777777777778 0.035 0.11333333333333333
0 0.45 0.5166666666666667 0.04 0.09555555555555556
0 0.501875 0.49777777777777776 0.03375 0.12
0 0.22125 0.47444444444444445 0.0275 0.11333333333333333
0 0.15875 0.48333333333333334 0.03 0.09555555555555556
0 0.41375 0.45 0.03 0.08666666666666667
2 0.64375 0.5577777777777778 0.14 0.27111111111111114
1 0.5775 0.3977777777777778 0.07 0.08888888888888889
