0 0.643750 0.827315 0.064583 0.215741
0 0.742969 0.921296 0.070312 0.157407
0 0.746354 0.713889 0.046875 0.185185
0 0.690365 0.593981 0.041146 0.160185
0 0.864323 0.577778 0.035937 0.159259
0 0.645573 0.470833 0.032813 0.145370
0 0.568490 0.443056 0.031771 0.126852
0 0.579948 0.358796 0.022396 0.117593
0 0.606510 0.324537 0.028646 0.110185
0 0.663281 0.325463 0.023438 0.108333
0 0.849219 0.467130 0.033854 0.126852
4 0.809896 0.595370 0.037500 0.162963
4 0.915365 0.511574 0.032813 0.162037
4 0.900260 0.379630 0.021354 0.114815
4 0.863802 0.410185 0.017188 0.105556
4 0.857292 0.351852 0.011458 0.070370
3 0.388542 0.059259 0.045833 0.116667
3 0.267708 0.247685 0.152083 0.349074
3 0.436198 0.124074 0.070312 0.168519
1 0.139583 0.300000 0.084375 0.120370
2 0.031250 0.463889 0.061458 0.261111
