0 0.1284584980237154 0.6398601398601399 0.03162055335968379 0.13286713286713286
0 0.225296442687747 0.7272727272727273 0.03162055335968379 0.13286713286713286
0 0.037549407114624504 0.5891608391608392 0.035573122529644265 0.12237762237762238
0 0.16403162055335968 0.6888111888111889 0.03162055335968379 0.13286713286713286
0 0.133399209486166 0.9318181818181818 0.04940711462450593 0.10839160839160839
0 0.27964426877470355 0.9125874125874126 0.04940711462450593 0.13986013986013987
0 0.26482213438735175 0.7972027972027972 0.03952569169960474 0.16083916083916083
0 0.22628458498023715 0.8776223776223776 0.037549407114624504 0.17482517482517482
0 0.3201581027667984 0.763986013986014 0.03952569169960474 0.16433566433566432
0 0.3784584980237154 0.6503496503496503 0.03359683794466403 0.13986013986013987
0 0.2124505928853755 0.5506993006993007 0.021739130434782608 0.11538461538461539
0 0.3102766798418972 0.6590909090909091 0.03162055335968379 0.10839160839160839
0 0.1541501976284585 0.5541958041958042 0.01976284584980237 0.0944055944055944
0 0.5820158102766798 0.6783216783216783 0.037549407114624504 0.16783216783216784
0 0.5316205533596837 0.534965034965035 0.02766798418972332 0.0979020979020979
0 0.6897233201581027 0.7307692307692307 0.05138339920948616 0.17482517482517482
0 0.7806324110671936 0.8461538461538461 0.05928853754940711 0.20279720279720279
1 0.5039525691699605 0.7185314685314685 0.11857707509881422 0.17132867132867133
1 0.4120553359683794 0.5297202797202797 0.07707509881422925 0.12237762237762238
1 0.3468379446640316 0.4632867132867133 0.05731225296442687 0.10839160839160839
1 0.26581027667984186 0.4493006993006993 0.06521739130434782 0.10139860139860139
1 0.2598814229249012 0.38286713286713286 0.0533596837944664 0.05944055944055944
1 0.4278656126482213 0.38286713286713286 0.061264822134387345 0.08741258741258741
1 0.5731225296442687 0.9108391608391608 0.16996047430830039 0.15034965034965034
1 0.6274703557312252 0.3094405594405594 0.04940711462450593 0.06643356643356643
