0 0.769531 0.653756 0.036979 0.126761
0 0.800260 0.520540 0.027604 0.144366
0 0.310677 0.527582 0.030729 0.076291
0 0.154427 0.407864 0.020313 0.062207
1 0.207813 0.534624 0.070833 0.118545
0 0.924740 0.784624 0.049479 0.144366
0 0.875000 0.589202 0.040625 0.126761
0 0.951042 0.604460 0.035417 0.138498
0 0.912760 0.491197 0.022396 0.102113
0 0.865625 0.458333 0.026042 0.090376
0 0.831510 0.429577 0.034896 0.105634
0 0.926562 0.407864 0.025000 0.085681
0 0.949479 0.464789 0.033333 0.100939
0 0.783854 0.322770 0.019792 0.072770
0 0.858594 0.341549 0.021354 0.061033
0 0.736979 0.330986 0.031250 0.058685
1 0.674740 0.814554 0.146354 0.201878
1 0.651563 0.267019 0.045833 0.066901
1 0.737760 0.237089 0.040104 0.061033
1 0.226302 0.275822 0.078646 0.075117
