0 0.5925 0.8877777777777778 0.065 0.22
0 0.6275000000000001 0.6444444444444445 0.045 0.18222222222222223
0 0.268125 0.6655555555555556 0.14625 0.2111111111111111
0 0.2 0.47444444444444445 0.025 0.10444444444444445
0 0.524375 0.5611111111111111 0.03625 0.13111111111111112
0 0.503125 0.4811111111111111 0.02625 0.09111111111111111
0 0.5375 0.45555555555555555 0.02 0.09333333333333334
0 0.568125 0.4444444444444444 0.02125 0.09333333333333334
0 0.481875 0.41555555555555557 0.01875 0.08
0 0.431875 0.4066666666666667 0.01625 0.08444444444444445
