0 0.546484375 0.2763888888888889 0.02109375 0.05555555555555556
0 0.20625000000000002 0.6111111111111112 0.0546875 0.17500000000000002
0 0.240625 0.48125 0.03125 0.11527777777777778
0 0.22421875000000002 0.3944444444444445 0.0234375 0.08333333333333334
0 0.264453125 0.40069444444444446 0.025781250000000002 0.08472222222222223
0 0.30312500000000003 0.3055555555555556 0.015625 0.0638888888888889
0 0.32851562500000003 0.3125 0.017968750000000002 0.05555555555555556
0 0.37578125 0.2652777777777778 0.0140625 0.05
0 0.3484375 0.2604166666666667 0.0125 0.04583333333333334
0 0.38789062500000004 0.21875 0.01640625 0.04027777777777778
0 0.359375 0.22847222222222224 0.0125 0.043055555555555555
0 0.416015625 0.21319444444444446 0.01015625 0.0375
3 0.34101562500000004 0.47222222222222227 0.12578125 0.275
3 0.62265625 0.3104166666666667 0.07187500000000001 0.15694444444444444
2 0.44843750000000004 0.22708333333333333 0.0484375 0.10416666666666667
