0 0.580625 0.884444 0.018750 0.093333
0 0.645625 0.951111 0.023750 0.093333
0 0.801875 0.944444 0.023750 0.106667
0 0.853750 0.915556 0.020000 0.093333
0 0.898750 0.933333 0.022500 0.102222
0 0.826875 0.922222 0.018750 0.097778
0 0.760000 0.806667 0.020000 0.080000
1 0.659375 0.853333 0.098750 0.111111
1 0.575625 0.966667 0.066250 0.062222
1 0.637500 0.777778 0.045000 0.075556
1 0.618125 0.714444 0.031250 0.073333
1 0.723125 0.961111 0.081250 0.077778
3 0.354375 0.701111 0.091250 0.091111
0 0.325000 0.735556 0.027500 0.057778
0 0.354375 0.741111 0.026250 0.051111
0 0.418125 0.732222 0.021250 0.064444
0 0.439375 0.746667 0.018750 0.071111
1 0.223750 0.730000 0.087500 0.068889
0 0.241250 0.743333 0.030000 0.055556
4 0.189375 0.801111 0.013750 0.082222
0 0.123750 0.756667 0.027500 0.055556
3 0.553125 0.644444 0.031250 0.088889
0 0.499375 0.773333 0.016250 0.066667
