0 0.194271 0.683685 0.042708 0.139671
0 0.835417 0.619131 0.029167 0.123239
0 0.927344 0.486502 0.023438 0.111502
0 0.881771 0.386737 0.019792 0.104460
0 0.849740 0.382629 0.023438 0.100939
0 0.736198 0.397887 0.028646 0.086854
0 0.778906 0.344484 0.022396 0.080986
0 0.761719 0.325704 0.019271 0.076291
0 0.897917 0.326291 0.016667 0.077465
0 0.869010 0.303404 0.021354 0.064554
1 0.643229 0.326878 0.057292 0.106808
1 0.680990 0.253521 0.052604 0.056338
1 0.594010 0.524648 0.086979 0.126761
1 0.751042 0.247066 0.042708 0.073944
1 0.820312 0.327465 0.047917 0.082160
1 0.884115 0.244131 0.036979 0.056338
