0 0.564375 0.8144444444444444 0.06125 0.25555555555555554
0 0.76375 0.8688888888888889 0.0825 0.2577777777777778
0 0.80125 0.7088888888888889 0.055 0.18666666666666668
0 0.8668750000000001 0.6777777777777778 0.058750000000000004 0.18222222222222223
0 0.646875 0.6077777777777778 0.04875 0.15333333333333332
0 0.601875 0.5033333333333333 0.03875 0.11777777777777777
0 0.578125 0.42777777777777776 0.03375 0.09111111111111111
0 0.451875 0.4388888888888889 0.02125 0.07333333333333333
0 0.398125 0.42666666666666664 0.02875 0.08
0 0.236875 0.5866666666666667 0.03625 0.11555555555555555
0 0.215625 0.44222222222222224 0.02375 0.08888888888888889
0 0.169375 0.4122222222222222 0.02625 0.08222222222222222
