0 0.172500 0.831111 0.020000 0.080000
0 0.608750 0.906667 0.025000 0.097778
0 0.791250 0.900000 0.020000 0.088889
0 0.853750 0.840000 0.020000 0.084444
0 0.620625 0.805556 0.016250 0.082222
0 0.921250 0.954444 0.035000 0.082222
0 0.690625 0.740000 0.013750 0.057778
1 0.740625 0.816667 0.051250 0.082222
1 0.658125 0.807778 0.051250 0.073333
1 0.383750 0.726667 0.042500 0.084444
3 0.608750 0.711111 0.052500 0.102222
3 0.696875 0.900000 0.091250 0.186667
3 0.506250 0.736667 0.075000 0.117778
0 0.555625 0.754444 0.018750 0.073333
0 0.226875 0.766667 0.016250 0.071111
4 0.293125 0.751111 0.033750 0.080000
