0 0.28125 0.7877777777777778 0.0475 0.2111111111111111
0 0.41625 0.6822222222222222 0.0325 0.17333333333333334
0 0.508125 0.6211111111111111 0.03375 0.14888888888888888
0 0.55875 0.5844444444444444 0.04 0.1511111111111111
0 0.5925 0.5477777777777778 0.0375 0.14888888888888888
0 0.6587500000000001 0.6066666666666667 0.04 0.14222222222222222
0 0.649375 0.7466666666666667 0.05375 0.2088888888888889
0 0.5925 0.7544444444444445 0.0525 0.2288888888888889
0 0.7425 0.7722222222222223 0.0725 0.22
0 0.463125 0.5644444444444444 0.02625 0.14222222222222222
0 0.39687500000000003 0.5377777777777778 0.02375 0.12444444444444444
0 0.358125 0.5222222222222223 0.01625 0.12
0 0.538125 0.49666666666666665 0.02375 0.11777777777777777
0 0.46125 0.4088888888888889 0.0225 0.08
2 0.8718750000000001 0.6955555555555556 0.17625 0.27111111111111114
