0 0.627083 0.914815 0.064583 0.170370
0 0.641146 0.746759 0.046875 0.200926
0 0.562760 0.656944 0.035937 0.182407
0 0.626823 0.591204 0.035937 0.160185
0 0.561458 0.519907 0.033333 0.134259
0 0.525000 0.459722 0.030208 0.134259
0 0.559375 0.432870 0.026042 0.091667
0 0.557813 0.353241 0.026042 0.097222
0 0.509896 0.336111 0.020833 0.092593
0 0.518750 0.302315 0.019792 0.093519
0 0.588021 0.307870 0.023958 0.093519
4 0.903646 0.431019 0.019792 0.119444
4 0.884115 0.440278 0.020313 0.128704
4 0.864323 0.435185 0.019271 0.131481
4 0.798438 0.337963 0.019792 0.116667
4 0.823177 0.327315 0.016146 0.102778
1 0.736198 0.490278 0.121354 0.178704
1 0.069792 0.415741 0.103125 0.133333
4 0.883333 0.759259 0.127083 0.264815
2 0.690885 0.272222 0.107813 0.250000
2 0.635417 0.115741 0.060417 0.131481
3 0.380990 0.163889 0.100521 0.274074
