0 0.323046875 0.36388888888888893 0.02421875 0.07222222222222223
0 0.270703125 0.38819444444444445 0.02421875 0.07916666666666666
0 0.36250000000000004 0.2625 0.0171875 0.04722222222222222
0 0.39687500000000003 0.2451388888888889 0.0125 0.043055555555555555
0 0.350390625 0.24027777777777778 0.013281250000000001 0.04722222222222222
0 0.8152343750000001 0.3506944444444445 0.030468750000000003 0.05416666666666667
3 0.607421875 0.4375 0.08515625 0.19444444444444445
3 0.54140625 0.31875000000000003 0.0921875 0.1486111111111111
3 0.46171875 0.17430555555555557 0.03125 0.059722222222222225
2 0.436328125 0.3215277777777778 0.05390625 0.10416666666666667
