0 0.890000 0.918889 0.025000 0.095556
0 0.808125 0.943333 0.023750 0.095556
0 0.780625 0.833333 0.021250 0.071111
0 0.769375 0.764444 0.016250 0.062222
0 0.700000 0.806667 0.017500 0.057778
0 0.707500 0.750000 0.017500 0.055556
0 0.500625 0.780000 0.036250 0.066667
0 0.553750 0.730000 0.027500 0.042222
0 0.415000 0.723333 0.027500 0.060000
0 0.433125 0.784444 0.038750 0.062222
0 0.251875 0.746667 0.028750 0.053333
1 0.320000 0.858889 0.060000 0.104444
1 0.641250 0.957778 0.082500 0.084444
2 0.745625 0.928889 0.096250 0.142222
2 0.631250 0.736667 0.042500 0.095556
3 0.572500 0.823333 0.055000 0.135556
3 0.659375 0.694444 0.023750 0.060000
1 0.585625 0.705556 0.036250 0.042222
1 0.362500 0.693333 0.070000 0.057778
1 0.225000 0.727778 0.090000 0.064444
