0 0.20750000000000002 0.4888888888888889 0.025 0.09777777777777778
0 0.32125 0.6433333333333333 0.055 0.15333333333333332
0 0.46125 0.8744444444444445 0.06 0.24666666666666667
0 0.7106250000000001 0.7877777777777778 0.058750000000000004 0.20666666666666667
0 0.6525 0.6344444444444445 0.05 0.1622222222222222
0 0.543125 0.7088888888888889 0.04125 0.19111111111111112
0 0.509375 0.6155555555555555 0.03875 0.13777777777777778
0 0.543125 0.5811111111111111 0.03125 0.15333333333333332
0 0.569375 0.55 0.03125 0.13555555555555557
0 0.39937500000000004 0.5188888888888888 0.03125 0.10888888888888888
0 0.433125 0.49777777777777776 0.03375 0.11555555555555555
0 0.46625 0.47333333333333333 0.0275 0.09777777777777778
0 0.35625 0.4177777777777778 0.0225 0.08
1 0.80625 0.6577777777777778 0.165 0.22666666666666666
1 0.596875 0.45555555555555555 0.08375 0.15555555555555556
2 0.531875 0.3522222222222222 0.06375 0.10888888888888888
