1 0.291875 0.938889 0.093750 0.122222
1 0.693750 0.898889 0.075000 0.091111
1 0.417500 0.740000 0.040000 0.071111
1 0.115000 0.687778 0.067500 0.068889
0 0.171875 0.800000 0.016250 0.080000
0 0.113750 0.970000 0.027500 0.051111
0 0.082500 0.935556 0.022500 0.115556
0 0.209375 0.847778 0.023750 0.091111
0 0.270000 0.785556 0.022500 0.082222
0 0.241875 0.768889 0.018750 0.071111
0 0.371250 0.750000 0.012500 0.060000
0 0.535000 0.848889 0.017500 0.080000
0 0.213125 0.771111 0.016250 0.062222
0 0.672500 0.813333 0.020000 0.066667
0 0.813125 0.944444 0.023750 0.097778
0 0.857500 0.938889 0.025000 0.104444
0 0.785000 0.874444 0.022500 0.082222
0 0.728750 0.820000 0.020000 0.075556
3 0.613125 0.762222 0.046250 0.106667
3 0.585000 0.696667 0.040000 0.100000
3 0.328750 0.720000 0.055000 0.115556
3 0.447500 0.684444 0.037500 0.062222
0 0.553750 0.732222 0.010000 0.060000
