1 0.229375 0.730000 0.091250 0.060000
1 0.406875 0.678889 0.071250 0.060000
1 0.299375 0.932222 0.073750 0.126667
1 0.618750 0.917778 0.070000 0.106667
3 0.557500 0.774444 0.062500 0.122222
2 0.628125 0.716667 0.043750 0.095556
2 0.701250 0.857778 0.075000 0.133333
1 0.585625 0.695556 0.031250 0.053333
0 0.542500 0.907778 0.020000 0.095556
0 0.783125 0.906667 0.018750 0.080000
0 0.831875 0.913333 0.023750 0.080000
0 0.835625 0.842222 0.018750 0.066667
0 0.755000 0.860000 0.020000 0.080000
0 0.769375 0.832222 0.018750 0.077778
0 0.744375 0.778889 0.018750 0.060000
0 0.678750 0.760000 0.017500 0.053333
0 0.450000 0.772222 0.040000 0.060000
0 0.377500 0.802222 0.042500 0.071111
0 0.374375 0.735556 0.033750 0.048889
0 0.322500 0.743333 0.035000 0.055556
0 0.211250 0.744444 0.035000 0.057778
0 0.293125 0.734444 0.023750 0.051111
0 0.543750 0.671111 0.020000 0.048889
