3 0.245833 0.361217 0.053125 0.093156
3 0.465625 0.423954 0.183333 0.155894
0 0.405990 0.694867 0.088021 0.095057
0 0.298958 0.715304 0.083333 0.105513
0 0.250260 0.671103 0.059896 0.077947
0 0.508594 0.667776 0.072396 0.097909
0 0.572135 0.631179 0.072396 0.083650
0 0.396875 0.608365 0.065625 0.089354
0 0.333594 0.624525 0.059896 0.085551
0 0.277604 0.592681 0.052083 0.080798
0 0.953385 0.711977 0.074479 0.085551
0 0.873437 0.642110 0.065625 0.090304
0 0.891146 0.563213 0.060417 0.080798
0 0.161198 0.568441 0.046354 0.074144
0 0.107552 0.548954 0.054688 0.080798
3 0.733854 0.817490 0.270833 0.245247
3 0.398958 0.285171 0.057292 0.119772
1 0.051042 0.620247 0.101042 0.092205
