0 0.3152173913043478 0.8671328671328671 0.04150197628458498 0.20279720279720279
0 0.08695652173913043 0.8566433566433567 0.03952569169960474 0.16083916083916083
0 0.043478260869565216 0.8758741258741258 0.043478260869565216 0.1993006993006993
0 0.2944664031620553 0.6783216783216783 0.03162055335968379 0.13986013986013987
0 0.2401185770750988 0.6835664335664335 0.03359683794466403 0.12937062937062938
0 0.21047430830039524 0.6538461538461539 0.02569169960474308 0.13286713286713286
0 0.17885375494071146 0.6818181818181818 0.04150197628458498 0.11888111888111888
0 0.6067193675889327 0.5262237762237763 0.02766798418972332 0.11538461538461539
0 0.25790513833992096 0.5611888111888111 0.029644268774703556 0.10839160839160839
0 0.15612648221343872 0.5786713286713286 0.02766798418972332 0.10839160839160839
0 0.20355731225296442 0.5472027972027972 0.03162055335968379 0.0944055944055944
0 0.10177865612648221 0.6101398601398601 0.02569169960474308 0.10139860139860139
0 0.0800395256916996 0.6853146853146853 0.02569169960474308 0.06993006993006994
0 0.15019762845849802 0.4090909090909091 0.015810276679841896 0.06993006993006994
0 0.17391304347826086 0.4423076923076923 0.023715415019762844 0.07342657342657342
0 0.2509881422924901 0.4755244755244755 0.01976284584980237 0.06993006993006994
1 0.2737154150197628 0.4353146853146853 0.04545454545454545 0.08041958041958042
0 0.3181818181818182 0.46678321678321677 0.023715415019762844 0.08041958041958042
4 0.17490118577075098 0.8671328671328671 0.1719367588932806 0.23776223776223776
2 0.3320158102766798 0.3811188811188811 0.05138339920948616 0.09090909090909091
2 0.5079051383399209 0.6625874125874126 0.1541501976284585 0.2972027972027972
2 0.42885375494071143 0.5034965034965035 0.11067193675889328 0.2097902097902098
1 0.6067193675889327 0.8601398601398601 0.16996047430830039 0.2517482517482518
1 0.4140316205533597 0.8513986013986014 0.12450592885375493 0.26223776223776224
1 0.366600790513834 0.6748251748251748 0.09288537549407114 0.18181818181818182
1 0.32806324110671936 0.5944055944055944 0.07509881422924901 0.1258741258741259
2 0.2292490118577075 0.2902097902097902 0.03952569169960474 0.0979020979020979
1 0.4911067193675889 0.3479020979020979 0.07707509881422925 0.06643356643356643
4 0.022727272727272724 0.6328671328671329 0.02569169960474308 0.1258741258741259
4 0.7539525691699605 0.5734265734265734 0.02569169960474308 0.1258741258741259
