0 0.443125 0.6222222222222222 0.03875 0.12444444444444444
0 0.326875 0.8255555555555556 0.03875 0.22
0 0.183125 0.5477777777777778 0.02875 0.12666666666666668
0 0.206875 0.4822222222222222 0.02625 0.10666666666666666
0 0.383125 0.48 0.03375 0.10222222222222223
0 0.455625 0.7922222222222223 0.051250000000000004 0.22
0 0.51125 0.7433333333333333 0.055 0.22444444444444445
0 0.340625 0.5466666666666666 0.02375 0.15555555555555556
1 0.635 0.5966666666666667 0.1225 0.18888888888888888
0 0.6425 0.8288888888888889 0.05 0.24
0 0.78125 0.7755555555555556 0.075 0.20444444444444446
