0 0.20546875 0.4763888888888889 0.034375 0.09722222222222222
0 0.732421875 0.44097222222222227 0.02421875 0.08194444444444444
0 0.673046875 0.33472222222222225 0.01640625 0.05277777777777778
0 0.64453125 0.2902777777777778 0.015625 0.05555555555555556
3 0.5925781250000001 0.4715277777777778 0.14921875 0.30972222222222223
3 0.451953125 0.1451388888888889 0.025781250000000002 0.059722222222222225
3 0.8011718750000001 0.26458333333333334 0.10859375 0.10694444444444445
3 0.125 0.8020833333333334 0.25 0.39305555555555555
1 0.612890625 0.31527777777777777 0.05078125 0.08888888888888889
1 0.43281250000000004 0.17430555555555557 0.021875000000000002 0.0375
