2 0.595000 0.855556 0.070000 0.155556
3 0.730625 0.888889 0.106250 0.222222
3 0.669375 0.840000 0.051250 0.128889
1 0.646250 0.771111 0.050000 0.084444
2 0.651875 0.640000 0.051250 0.093333
1 0.616875 0.703333 0.026250 0.051111
1 0.556250 0.746667 0.040000 0.066667
1 0.528125 0.682222 0.023750 0.053333
3 0.570000 0.680000 0.027500 0.080000
1 0.380625 0.731111 0.038750 0.057778
1 0.149375 0.685556 0.071250 0.055556
0 0.842500 0.955556 0.027500 0.088889
0 0.791875 0.798889 0.018750 0.064444
0 0.595000 0.753333 0.015000 0.048889
0 0.237500 0.933333 0.025000 0.106667
0 0.108125 0.963333 0.033750 0.073333
0 0.179375 0.835556 0.016250 0.075556
0 0.278750 0.835556 0.017500 0.088889
0 0.315000 0.798889 0.010000 0.073333
0 0.335625 0.771111 0.016250 0.071111
0 0.278125 0.777778 0.016250 0.066667
0 0.236250 0.787778 0.012500 0.064444
0 0.203750 0.786667 0.020000 0.075556
0 0.160000 0.814444 0.017500 0.077778
0 0.103125 0.907778 0.026250 0.086667
0 0.115000 0.857778 0.022500 0.084444
0 0.124375 0.814444 0.016250 0.077778
