0 0.0703125 0.6034722222222223 0.045312500000000006 0.1625
0 0.251171875 0.48888888888888893 0.03359375 0.11666666666666667
0 0.21054687500000002 0.43125 0.025781250000000002 0.10138888888888889
0 0.260546875 0.40694444444444444 0.030468750000000003 0.08055555555555556
0 0.319140625 0.35694444444444445 0.03359375 0.07222222222222223
0 0.29609375 0.3159722222222222 0.018750000000000003 0.0763888888888889
0 0.35664062500000004 0.27361111111111114 0.014843750000000001 0.05
0 0.32343750000000004 0.2715277777777778 0.0140625 0.04583333333333334
3 0.4625 0.18472222222222223 0.034375 0.07222222222222223
3 0.587890625 0.23125 0.04453125 0.10694444444444445
2 0.4265625 0.30347222222222225 0.0734375 0.1736111111111111
2 0.416015625 0.2 0.030468750000000003 0.05555555555555556
