0 0.595625 0.897778 0.028750 0.093333
0 0.797500 0.954444 0.020000 0.086667
0 0.828125 0.936667 0.021250 0.091111
0 0.780000 0.894444 0.020000 0.082222
0 0.335000 0.845556 0.027500 0.086667
0 0.213750 0.884444 0.025000 0.088889
0 0.127500 0.903333 0.027500 0.104444
0 0.423125 0.733333 0.026250 0.057778
3 0.576250 0.808889 0.060000 0.160000
1 0.730000 0.933333 0.082500 0.124444
1 0.652500 0.803333 0.050000 0.082222
1 0.690625 0.770000 0.061250 0.073333
2 0.100625 0.707778 0.096250 0.073333
0 0.134375 0.755556 0.041250 0.048889
