1 0.757500 0.821111 0.070000 0.100000
1 0.203750 0.731111 0.092500 0.066667
1 0.449375 0.672222 0.061250 0.051111
2 0.430625 0.726667 0.078750 0.075556
1 0.626250 0.738889 0.047500 0.064444
1 0.659375 0.815556 0.056250 0.097778
1 0.708125 0.952222 0.071250 0.091111
1 0.608750 0.696667 0.030000 0.055556
4 0.508750 0.853333 0.015000 0.102222
0 0.704375 0.873333 0.018750 0.071111
0 0.814375 0.822222 0.016250 0.071111
0 0.703125 0.796667 0.016250 0.068889
0 0.560000 0.708889 0.035000 0.048889
0 0.372500 0.715556 0.022500 0.048889
0 0.227500 0.880000 0.025000 0.102222
