0 0.175625 0.58 0.03125 0.16
0 0.2225 0.6188888888888889 0.0325 0.15777777777777777
0 0.255625 0.5411111111111111 0.03125 0.11777777777777777
0 0.41875 0.5044444444444445 0.025 0.12444444444444444
0 0.49375 0.5511111111111111 0.0325 0.13333333333333333
0 0.589375 0.4444444444444444 0.02375 0.09777777777777778
0 0.5387500000000001 0.4022222222222222 0.0225 0.08888888888888889
0 0.5825 0.6766666666666666 0.04 0.19333333333333333
1 0.293125 0.8233333333333334 0.18625 0.3488888888888889
0 0.6375000000000001 0.8 0.055 0.22666666666666666
0 0.663125 0.6755555555555556 0.03875 0.17333333333333334
0 0.70625 0.6511111111111111 0.0425 0.17777777777777778
0 0.77 0.6422222222222222 0.0475 0.16444444444444445
0 0.67625 0.5066666666666667 0.0325 0.1288888888888889
0 0.61125 0.54 0.035 0.12444444444444444
