0 0.6097656250000001 0.3770833333333333 0.02890625 0.07916666666666666
0 0.28984375 0.3979166666666667 0.0203125 0.08194444444444444
0 0.201171875 0.45069444444444445 0.030468750000000003 0.1125
0 0.280078125 0.3479166666666667 0.02734375 0.06805555555555556
0 0.3203125 0.2798611111111111 0.0203125 0.05416666666666667
0 0.35664062500000004 0.28750000000000003 0.01953125 0.05
0 0.378515625 0.2986111111111111 0.01640625 0.05277777777777778
3 0.41718750000000004 0.27708333333333335 0.053125000000000006 0.12638888888888888
3 0.69296875 0.5715277777777777 0.15000000000000002 0.37083333333333335
2 0.46132812500000003 0.17708333333333334 0.02890625 0.06805555555555556
