1 0.688750 0.902222 0.080000 0.128889
1 0.761875 0.865556 0.086250 0.104444
1 0.586250 0.936667 0.060000 0.122222
1 0.345000 0.775556 0.055000 0.084444
1 0.266875 0.910000 0.091250 0.157778
1 0.147500 0.937778 0.115000 0.124444
1 0.378750 0.865556 0.055000 0.117778
3 0.322500 0.942222 0.110000 0.115556
3 0.403125 0.787778 0.051250 0.086667
3 0.220000 0.793333 0.052500 0.075556
1 0.653750 0.758889 0.045000 0.060000
1 0.584375 0.723333 0.038750 0.055556
0 0.525000 0.714444 0.025000 0.060000
0 0.242500 0.847778 0.022500 0.082222
0 0.089375 0.933333 0.023750 0.115556
0 0.028750 0.963333 0.030000 0.073333
0 0.103750 0.807778 0.020000 0.055556
0 0.153125 0.833333 0.018750 0.075556
0 0.183125 0.801111 0.018750 0.082222
1 0.428750 0.731111 0.035000 0.062222
