1 0.23 0.6055555555555555 0.1125 0.2288888888888889
1 0.84125 0.6611111111111111 0.20750000000000002 0.2688888888888889
1 0.63 0.46444444444444444 0.085 0.11555555555555555
1 0.535625 0.3488888888888889 0.05375 0.08
0 0.47375 0.7922222222222223 0.0475 0.22444444444444445
0 0.604375 0.76 0.051250000000000004 0.2088888888888889
0 0.635625 0.7066666666666667 0.04875 0.2
0 0.906875 0.8744444444444445 0.08625000000000001 0.24666666666666667
0 0.659375 0.6033333333333334 0.03875 0.15777777777777777
0 0.4875 0.6388888888888888 0.0375 0.16666666666666666
0 0.5593750000000001 0.5844444444444444 0.03875 0.16
0 0.45437500000000003 0.5033333333333333 0.02375 0.11777777777777777
0 0.5231250000000001 0.4811111111111111 0.02625 0.11333333333333333
0 0.573125 0.48333333333333334 0.02875 0.11777777777777777
0 0.414375 0.46111111111111114 0.02125 0.10888888888888888
0 0.37875000000000003 0.4388888888888889 0.02 0.09555555555555556
