4 0.867500 0.786667 0.010000 0.066667
0 0.715625 0.770000 0.021250 0.060000
0 0.945000 0.946667 0.040000 0.097778
0 0.588750 0.738889 0.012500 0.060000
0 0.705000 0.738889 0.020000 0.068889
0 0.482500 0.756667 0.035000 0.060000
0 0.288750 0.828889 0.025000 0.088889
0 0.174375 0.978889 0.031250 0.037778
0 0.305000 0.747778 0.015000 0.055556
0 0.329375 0.768889 0.011250 0.048889
0 0.335000 0.730000 0.012500 0.060000
0 0.360000 0.745556 0.020000 0.046667
1 0.346250 0.830000 0.067500 0.126667
1 0.641250 0.768889 0.045000 0.071111
1 0.618750 0.690000 0.032500 0.060000
3 0.756250 0.898889 0.117500 0.197778
2 0.203125 0.808889 0.126250 0.208889
1 0.280000 0.728889 0.035000 0.071111
1 0.405625 0.716667 0.036250 0.073333
