1 0.19 0.4711111111111111 0.0675 0.12
1 0.203125 0.37444444444444447 0.04875 0.07777777777777778
1 0.49875 0.41444444444444445 0.08 0.13111111111111112
1 0.63875 0.5677777777777778 0.1125 0.16666666666666666
1 0.6425 0.4588888888888889 0.09 0.1
0 0.33187500000000003 0.8088888888888889 0.06375 0.25333333333333335
0 0.36875 0.7333333333333333 0.05 0.21777777777777776
0 0.44875 0.6933333333333334 0.0475 0.20444444444444446
0 0.534375 0.7533333333333333 0.051250000000000004 0.2088888888888889
0 0.675 0.6733333333333333 0.06 0.17777777777777778
0 0.476875 0.6177777777777778 0.03625 0.16444444444444445
0 0.51375 0.5844444444444444 0.035 0.15555555555555556
0 0.41875 0.57 0.0375 0.14
0 0.419375 0.3711111111111111 0.02125 0.07555555555555556
0 0.37625000000000003 0.4066666666666667 0.02 0.09333333333333334
