0 0.702734375 0.4791666666666667 0.025781250000000002 0.09722222222222222
0 0.7742187500000001 0.46944444444444444 0.0328125 0.1
0 0.798046875 0.5597222222222222 0.041406250000000006 0.11944444444444445
0 0.10390625 0.6159722222222223 0.045312500000000006 0.14027777777777778
0 0.140234375 0.5048611111111111 0.03515625 0.12638888888888888
0 0.228515625 0.4375 0.032031250000000004 0.1
0 0.257421875 0.36041666666666666 0.02734375 0.08194444444444444
0 0.38007812500000004 0.28402777777777777 0.017968750000000002 0.05416666666666667
3 0.42890625000000004 0.3263888888888889 0.0734375 0.15555555555555556
2 0.30507812500000003 0.4361111111111111 0.09609375 0.19166666666666668
