0 0.283073 0.676056 0.045312 0.133803
0 0.283333 0.486502 0.026042 0.090376
1 0.678906 0.361502 0.060937 0.100939
0 0.849479 0.321596 0.019792 0.084507
0 0.825000 0.377347 0.025000 0.080986
0 0.885938 0.578638 0.031250 0.124413
0 0.904687 0.784038 0.030208 0.164319
0 0.930469 0.563967 0.028646 0.111502
0 0.975260 0.700704 0.036979 0.129108
0 0.916146 0.461854 0.027083 0.116197
0 0.932813 0.404343 0.023958 0.088028
0 0.901563 0.359742 0.027083 0.106808
0 0.808594 0.323944 0.021354 0.079812
0 0.773438 0.298122 0.019792 0.072770
1 0.675260 0.587441 0.099479 0.165493
1 0.205729 0.545775 0.078125 0.136150
1 0.770312 0.401995 0.065625 0.097418
1 0.711719 0.250587 0.038021 0.066901
1 0.519531 0.859742 0.144271 0.123239
2 0.799479 0.551643 0.092708 0.276995
3 0.786719 0.197183 0.064062 0.112676
