0 0.335938 0.633803 0.033333 0.119718
0 0.115365 0.493545 0.029687 0.069249
0 0.887500 0.509390 0.021875 0.084507
0 0.921354 0.599178 0.027083 0.125587
0 0.774219 0.241197 0.019271 0.043427
2 0.791406 0.631455 0.165104 0.570423
1 0.226823 0.580399 0.091146 0.123239
1 0.185156 0.812207 0.141146 0.194836
1 0.165885 0.416080 0.075521 0.102113
1 0.895573 0.340376 0.056771 0.089202
1 0.829948 0.308685 0.059896 0.091549
2 0.764323 0.177817 0.044271 0.069249
3 0.876563 0.169014 0.045833 0.086854
3 0.857552 0.136737 0.038021 0.071596
