0 0.687240 0.536111 0.043229 0.159259
0 0.863281 0.575926 0.029687 0.151852
0 0.852865 0.464352 0.028646 0.125000
0 0.643490 0.432407 0.030729 0.131481
0 0.570833 0.365278 0.028125 0.119444
0 0.518490 0.322685 0.027604 0.106481
0 0.568490 0.200000 0.021354 0.075926
4 0.915885 0.472685 0.026562 0.137963
4 0.814844 0.461574 0.027604 0.134259
4 0.778385 0.314352 0.018229 0.102778
4 0.800521 0.317593 0.019792 0.100000
4 0.900260 0.378241 0.023438 0.112037
4 0.861979 0.412037 0.018750 0.114815
3 0.344792 0.529630 0.212500 0.609259
3 0.435417 0.124537 0.053125 0.128704
2 0.665365 0.260648 0.100521 0.150926
3 0.271615 0.114815 0.094271 0.227778
