0 0.52734375 0.25277777777777777 0.0140625 0.04166666666666667
0 0.080078125 0.7652777777777778 0.055468750000000004 0.2
0 0.162890625 0.5541666666666667 0.039843750000000004 0.13611111111111113
0 0.1546875 0.48194444444444445 0.040625 0.1
0 0.30898437500000003 0.39166666666666666 0.022656250000000003 0.08888888888888889
0 0.294921875 0.35833333333333334 0.02109375 0.07222222222222223
0 0.25859375 0.36041666666666666 0.021875000000000002 0.0763888888888889
0 0.34765625 0.30694444444444446 0.018750000000000003 0.0638888888888889
0 0.325 0.28750000000000003 0.0171875 0.05555555555555556
0 0.34140625 0.2520833333333333 0.010937500000000001 0.051388888888888894
0 0.37421875000000004 0.24583333333333335 0.0140625 0.04722222222222222
0 0.40390625 0.24097222222222223 0.010937500000000001 0.04027777777777778
0 0.38593750000000004 0.22291666666666668 0.009375000000000001 0.04027777777777778
3 0.6039062500000001 0.2611111111111111 0.05625 0.11944444444444445
3 0.244921875 0.7076388888888889 0.20859375000000002 0.5041666666666667
2 0.43789062500000003 0.2590277777777778 0.055468750000000004 0.12361111111111112
