0 0.406875 0.758889 0.011250 0.068889
0 0.588125 0.771111 0.013750 0.066667
0 0.304375 0.788889 0.018750 0.071111
0 0.228125 0.936667 0.023750 0.100000
0 0.186250 0.898889 0.020000 0.082222
0 0.218750 0.850000 0.017500 0.082222
0 0.245625 0.858889 0.018750 0.091111
0 0.823750 0.936667 0.020000 0.100000
0 0.858125 0.930000 0.026250 0.100000
0 0.923125 0.938889 0.031250 0.108889
0 0.815625 0.835556 0.021250 0.080000
0 0.435000 0.715556 0.020000 0.057778
4 0.492500 0.750000 0.057500 0.068889
3 0.751250 0.866667 0.080000 0.151111
3 0.653750 0.871111 0.097500 0.204444
3 0.552500 0.656667 0.030000 0.077778
2 0.325625 0.711111 0.086250 0.075556
0 0.307500 0.718889 0.030000 0.060000
0 0.131875 0.788889 0.013750 0.066667
0 0.033750 0.936667 0.027500 0.100000
1 0.243125 0.733333 0.086250 0.071111
1 0.673750 0.690000 0.035000 0.060000
1 0.701875 0.770000 0.041250 0.055556
1 0.624375 0.732222 0.041250 0.060000
1 0.610000 0.674444 0.027500 0.046667
4 0.510000 0.848889 0.015000 0.084444
