0 0.52 0.7588888888888888 0.0475 0.2288888888888889
0 0.650625 0.8388888888888889 0.06875 0.24666666666666667
0 0.731875 0.7466666666666667 0.06625 0.2222222222222222
0 0.6950000000000001 0.6211111111111111 0.045 0.1711111111111111
0 0.6431250000000001 0.64 0.04875 0.2
0 0.535625 0.6066666666666667 0.03625 0.16444444444444445
0 0.489375 0.6122222222222222 0.03875 0.17555555555555555
0 0.45375 0.5422222222222223 0.03 0.1288888888888889
0 0.41875 0.6044444444444445 0.0425 0.17333333333333334
0 0.370625 0.5722222222222222 0.03375 0.13555555555555557
1 0.19 0.44666666666666666 0.065 0.1288888888888889
1 0.860625 0.6566666666666666 0.20125 0.26
