0 0.558750 0.936667 0.027500 0.122222
0 0.756250 0.956667 0.025000 0.086667
0 0.791250 0.946667 0.025000 0.106667
0 0.922500 0.928889 0.040000 0.111111
0 0.771250 0.882222 0.025000 0.084444
0 0.726250 0.847778 0.022500 0.095556
4 0.577500 0.850000 0.017500 0.082222
0 0.551875 0.847778 0.021250 0.082222
0 0.781250 0.852222 0.025000 0.077778
0 0.788750 0.777778 0.020000 0.080000
0 0.749375 0.786667 0.016250 0.071111
0 0.704375 0.796667 0.016250 0.077778
0 0.726875 0.788889 0.021250 0.071111
0 0.564375 0.785556 0.016250 0.068889
0 0.528750 0.786667 0.017500 0.080000
0 0.493750 0.772222 0.030000 0.060000
0 0.182500 0.910000 0.027500 0.108889
0 0.141875 0.908889 0.033750 0.102222
0 0.060000 0.917778 0.030000 0.088889
0 0.105625 0.855556 0.026250 0.088889
0 0.226250 0.817778 0.015000 0.075556
0 0.191250 0.853333 0.022500 0.080000
1 0.245625 0.902222 0.086250 0.151111
1 0.340000 0.961111 0.080000 0.077778
1 0.435625 0.734444 0.036250 0.068889
3 0.375625 0.818889 0.071250 0.206667
3 0.661250 0.852222 0.077500 0.180000
3 0.443750 0.676667 0.037500 0.095556
1 0.295625 0.774444 0.051250 0.086667
0 0.330625 0.777778 0.016250 0.084444
