1 0.586875 0.938889 0.061250 0.122222
1 0.606875 0.703333 0.036250 0.060000
1 0.647500 0.742222 0.045000 0.071111
1 0.783750 0.884444 0.052500 0.097778
1 0.417500 0.736667 0.095000 0.077778
1 0.441875 0.668889 0.058750 0.053333
1 0.292500 0.721111 0.075000 0.064444
2 0.288125 0.692222 0.096250 0.082222
3 0.137500 0.700000 0.102500 0.097778
3 0.723125 0.903333 0.093750 0.188889
3 0.596875 0.658889 0.033750 0.068889
3 0.503125 0.630000 0.058750 0.073333
4 0.570000 0.951111 0.017500 0.097778
0 0.375000 0.813333 0.025000 0.080000
0 0.739375 0.787778 0.016250 0.064444
0 0.270000 0.748889 0.032500 0.048889
