0 0.05039525691699604 0.7954545454545454 0.04940711462450593 0.15734265734265734
0 0.14031620553359683 0.6748251748251748 0.043478260869565216 0.13286713286713286
0 0.1284584980237154 0.8041958041958042 0.03952569169960474 0.13286713286713286
0 0.14525691699604742 0.8898601398601399 0.037549407114624504 0.1853146853146853
0 0.1758893280632411 0.9353146853146853 0.04743083003952569 0.10139860139860139
0 0.2628458498023715 0.9335664335664335 0.05533596837944664 0.1048951048951049
0 0.2183794466403162 0.6870629370629371 0.037549407114624504 0.15734265734265734
0 0.2776679841897233 0.7762237762237763 0.04545454545454545 0.17482517482517482
0 0.24802371541501975 0.6048951048951049 0.029644268774703556 0.11888111888111888
0 0.6264822134387351 0.8321678321678322 0.05533596837944664 0.1888111888111888
0 0.45750988142292487 0.5209790209790209 0.029644268774703556 0.0979020979020979
0 0.25889328063241107 0.5122377622377622 0.03162055335968379 0.10139860139860139
1 0.7213438735177865 0.7692307692307693 0.15810276679841895 0.23076923076923078
1 0.39229249011857703 0.4982517482517482 0.06916996047430829 0.10839160839160839
1 0.46640316205533594 0.6416083916083916 0.0909090909090909 0.13636363636363635
1 0.4614624505928853 0.8409090909090909 0.1758893280632411 0.25524475524475526
2 0.32707509881422925 0.5804195804195804 0.08893280632411067 0.2097902097902098
2 0.5355731225296443 0.5052447552447552 0.13438735177865613 0.22727272727272727
1 0.2707509881422925 0.3793706293706294 0.04743083003952569 0.07342657342657342
0 0.11660079051383399 0.5769230769230769 0.02766798418972332 0.1048951048951049
0 0.20158102766798416 0.5454545454545454 0.01976284584980237 0.1048951048951049
