0 0.803385 0.230047 0.015104 0.051643
0 0.745052 0.511737 0.026562 0.091549
0 0.628385 0.403756 0.019271 0.082160
0 0.503125 0.794601 0.040625 0.150235
0 0.240104 0.636150 0.033333 0.098592
0 0.219010 0.769366 0.040104 0.113850
0 0.199479 0.609742 0.032292 0.088028
0 0.906250 0.663146 0.021875 0.107981
0 0.925521 0.602700 0.030208 0.102113
0 0.925521 0.446009 0.031250 0.103286
0 0.960156 0.449531 0.031771 0.107981
1 0.834115 0.201291 0.039062 0.050469
1 0.730469 0.255282 0.045312 0.085681
1 0.695833 0.346244 0.045833 0.075117
1 0.792448 0.326878 0.054688 0.062207
1 0.624219 0.620892 0.093229 0.176056
3 0.857292 0.358568 0.076042 0.188967
