0 0.126875 0.701111 0.043750 0.126667
1 0.163125 0.551111 0.101250 0.106667
0 0.579375 0.830000 0.041250 0.148889
0 0.823125 0.931111 0.051250 0.137778
0 0.928750 0.924444 0.057500 0.142222
0 0.766250 0.827778 0.047500 0.135556
0 0.826250 0.848889 0.042500 0.115556
0 0.828750 0.775556 0.042500 0.102222
0 0.895625 0.751111 0.041250 0.124444
0 0.846875 0.736667 0.041250 0.108889
0 0.690625 0.687778 0.031250 0.108889
0 0.723125 0.690000 0.031250 0.117778
0 0.758125 0.672222 0.033750 0.095556
0 0.803750 0.672222 0.035000 0.100000
0 0.656875 0.611111 0.036250 0.102222
3 0.585625 0.592222 0.068750 0.157778
1 0.647500 0.543333 0.052500 0.086667
0 0.700000 0.623333 0.027500 0.095556
0 0.730625 0.590000 0.026250 0.086667
0 0.790000 0.614444 0.032500 0.091111
0 0.756875 0.580000 0.023750 0.075556
4 0.510625 0.588889 0.033750 0.093333
0 0.516875 0.505556 0.038750 0.068889
0 0.391250 0.521111 0.050000 0.077778
0 0.455000 0.505556 0.037500 0.068889
0 0.593750 0.487778 0.025000 0.055556
0 0.701875 0.556667 0.028750 0.055556
