0 0.1375 0.6340277777777779 0.040625 0.15416666666666667
0 0.821484375 0.5916666666666667 0.04296875 0.125
0 0.903515625 0.6451388888888889 0.049218750000000006 0.1375
0 0.74921875 0.5027777777777778 0.0328125 0.1
0 0.8187500000000001 0.3368055555555556 0.035937500000000004 0.07916666666666666
0 0.640625 0.25833333333333336 0.0140625 0.05
0 0.38320312500000003 0.22777777777777777 0.01171875 0.044444444444444446
1 0.666015625 0.4847222222222222 0.08203125 0.13333333333333333
1 0.5734375 0.2701388888888889 0.045312500000000006 0.07361111111111111
1 0.439453125 0.17569444444444446 0.02890625 0.04027777777777778
