0 0.472500 0.756667 0.020000 0.055556
0 0.340625 0.914444 0.023750 0.100000
0 0.239375 0.948889 0.026250 0.084444
0 0.256250 0.860000 0.025000 0.080000
0 0.165000 0.835556 0.017500 0.066667
0 0.193750 0.811111 0.022500 0.071111
0 0.271875 0.796667 0.021250 0.077778
0 0.575000 0.722222 0.012500 0.062222
0 0.708750 0.782222 0.015000 0.062222
1 0.671250 0.855556 0.062500 0.093333
2 0.778125 0.867778 0.086250 0.135556
2 0.736250 0.950000 0.122500 0.100000
1 0.626250 0.757778 0.042500 0.075556
3 0.615625 0.954444 0.106250 0.091111
3 0.403125 0.730000 0.053750 0.157778
4 0.160625 0.927778 0.068750 0.131111
