1 0.296250 0.913333 0.092500 0.155556
1 0.585625 0.935556 0.063750 0.120000
1 0.678125 0.874444 0.068750 0.108889
1 0.636875 0.745556 0.043750 0.077778
1 0.364375 0.943333 0.068750 0.113333
1 0.353750 0.782222 0.052500 0.093333
1 0.402500 0.727778 0.040000 0.060000
3 0.703125 0.757778 0.056250 0.115556
3 0.261250 0.821111 0.077500 0.157778
0 0.560625 0.808889 0.021250 0.071111
0 0.625000 0.791111 0.017500 0.075556
0 0.838125 0.912222 0.021250 0.091111
0 0.772500 0.827778 0.020000 0.077778
0 0.750625 0.842222 0.018750 0.080000
0 0.189375 0.881111 0.021250 0.100000
0 0.145000 0.914444 0.032500 0.100000
0 0.151250 0.833333 0.022500 0.080000
