0 0.026250 0.731111 0.045000 0.124444
1 0.190625 0.773333 0.123750 0.186667
1 0.286250 0.662222 0.087500 0.133333
1 0.373125 0.716667 0.078750 0.171111
1 0.631875 0.934444 0.133750 0.126667
0 0.853750 0.963333 0.070000 0.073333
0 0.748125 0.806667 0.038750 0.133333
0 0.655625 0.733333 0.036250 0.111111
0 0.605625 0.714444 0.041250 0.095556
0 0.551875 0.668889 0.043750 0.084444
0 0.558750 0.617778 0.032500 0.080000
0 0.543750 0.583333 0.037500 0.082222
0 0.596250 0.594444 0.025000 0.095556
0 0.708125 0.671111 0.033750 0.106667
0 0.768750 0.757778 0.045000 0.111111
0 0.831875 0.786667 0.041250 0.120000
0 0.880625 0.835556 0.051250 0.142222
0 0.940625 0.857778 0.056250 0.142222
0 0.876875 0.755556 0.041250 0.106667
0 0.798125 0.704444 0.033750 0.111111
0 0.831875 0.673333 0.036250 0.097778
0 0.800625 0.646667 0.033750 0.088889
0 0.766250 0.644444 0.037500 0.088889
0 0.736250 0.634444 0.030000 0.091111
0 0.689375 0.587778 0.031250 0.086667
0 0.715000 0.586667 0.030000 0.080000
0 0.744375 0.567778 0.031250 0.068889
0 0.770625 0.594444 0.028750 0.082222
0 0.808750 0.583333 0.027500 0.086667
0 0.773750 0.545556 0.022500 0.060000
4 0.278125 0.591111 0.026250 0.075556
0 0.329375 0.547778 0.031250 0.086667
0 0.966875 0.762222 0.061250 0.155556
0 0.420625 0.546667 0.048750 0.084444
0 0.571875 0.528889 0.026250 0.075556
0 0.475000 0.526667 0.030000 0.088889
0 0.523125 0.490000 0.023750 0.073333
0 0.501875 0.472222 0.018750 0.055556
0 0.391875 0.515556 0.036250 0.080000
0 0.231250 0.506667 0.042500 0.075556
0 0.176250 0.522222 0.050000 0.071111
0 0.118750 0.520000 0.052500 0.066667
