0 0.773750 0.895556 0.027500 0.088889
0 0.810000 0.886667 0.020000 0.066667
0 0.766875 0.826667 0.021250 0.066667
0 0.709375 0.790000 0.021250 0.082222
0 0.726875 0.767778 0.016250 0.055556
0 0.524375 0.728889 0.033750 0.048889
0 0.634375 0.710000 0.013750 0.060000
0 0.672500 0.731111 0.017500 0.057778
0 0.651250 0.708889 0.012500 0.057778
0 0.825625 0.965556 0.031250 0.064444
1 0.673125 0.815556 0.063750 0.102222
1 0.567500 0.837778 0.050000 0.080000
1 0.673750 0.970000 0.085000 0.060000
1 0.404375 0.778889 0.051250 0.100000
1 0.525000 0.638889 0.067500 0.060000
0 0.521875 0.648889 0.021250 0.040000
0 0.358125 0.745556 0.016250 0.064444
0 0.319375 0.898889 0.021250 0.100000
0 0.281875 0.865556 0.021250 0.100000
0 0.191875 0.877778 0.028750 0.088889
0 0.149375 0.875556 0.028750 0.097778
0 0.099375 0.788889 0.026250 0.071111
0 0.138750 0.737778 0.032500 0.044444
0 0.193750 0.740000 0.027500 0.040000
0 0.270625 0.738889 0.026250 0.051111
0 0.317500 0.718889 0.030000 0.060000
3 0.200000 0.706667 0.105000 0.084444
0 0.385625 0.690000 0.018750 0.051111
0 0.458750 0.750000 0.030000 0.060000
0 0.478125 0.775556 0.028750 0.057778
1 0.595625 0.657778 0.028750 0.048889
