0 0.58828125 0.33263888888888893 0.0234375 0.0625
0 0.35273437500000004 0.3423611111111111 0.02109375 0.06527777777777778
0 0.33359375 0.32222222222222224 0.0125 0.0638888888888889
0 0.300390625 0.3055555555555556 0.014843750000000001 0.061111111111111116
0 0.244140625 0.4652777777777778 0.025781250000000002 0.08888888888888889
0 0.230859375 0.40555555555555556 0.02421875 0.08888888888888889
0 0.11289062500000001 0.5715277777777777 0.03515625 0.15416666666666667
3 0.40546875000000004 0.31319444444444444 0.06406250000000001 0.1736111111111111
3 0.66796875 0.4527777777777778 0.1078125 0.2777777777777778
2 0.458984375 0.1902777777777778 0.03515625 0.08611111111111111
