0 0.405000 0.787778 0.017500 0.082222
0 0.555625 0.832222 0.016250 0.082222
0 0.618750 0.887778 0.017500 0.086667
0 0.765000 0.880000 0.020000 0.093333
0 0.826250 0.912222 0.022500 0.100000
0 0.847500 0.961111 0.022500 0.073333
0 0.849375 0.863333 0.021250 0.086667
0 0.785000 0.858889 0.015000 0.086667
0 0.808125 0.853333 0.016250 0.084444
0 0.723750 0.760000 0.015000 0.057778
1 0.572500 0.941111 0.060000 0.108889
1 0.704375 0.936667 0.071250 0.117778
1 0.610000 0.817778 0.085000 0.097778
1 0.631875 0.764444 0.048750 0.080000
1 0.620625 0.701111 0.033750 0.064444
3 0.311875 0.697778 0.093750 0.080000
1 0.265000 0.731111 0.082500 0.062222
0 0.313750 0.744444 0.030000 0.057778
0 0.468750 0.716667 0.017500 0.060000
4 0.218125 0.810000 0.018750 0.095556
0 0.397500 0.735556 0.025000 0.048889
0 0.422500 0.727778 0.022500 0.051111
