0 0.33710937500000004 0.3 0.01640625 0.06666666666666667
0 0.319921875 0.33819444444444446 0.014843750000000001 0.06805555555555556
0 0.263671875 0.34652777777777777 0.02421875 0.08194444444444444
0 0.874609375 0.68125 0.047656250000000004 0.1513888888888889
0 0.788671875 0.3027777777777778 0.039843750000000004 0.0638888888888889
3 0.33828125000000003 0.5986111111111111 0.18906250000000002 0.48888888888888893
1 0.6566406250000001 0.42847222222222225 0.08515625 0.12638888888888888
1 0.58515625 0.2652777777777778 0.043750000000000004 0.0638888888888889
0 0.80234375 0.38333333333333336 0.025 0.08055555555555556
3 0.805859375 0.2548611111111111 0.10859375 0.08472222222222223
