0 0.244921875 0.48750000000000004 0.03515625 0.11944444444444445
0 0.278125 0.3854166666666667 0.029687500000000002 0.08472222222222223
0 0.3171875 0.27847222222222223 0.0171875 0.059722222222222225
0 0.351171875 0.28194444444444444 0.017968750000000002 0.044444444444444446
0 0.7253906250000001 0.4354166666666667 0.02421875 0.08750000000000001
0 0.7074218750000001 0.28958333333333336 0.02890625 0.05694444444444444
1 0.594921875 0.2888888888888889 0.05390625 0.08055555555555556
1 0.68671875 0.5236111111111111 0.1078125 0.1527777777777778
0 0.874609375 0.4236111111111111 0.03671875 0.08611111111111111
3 0.8011718750000001 0.2604166666666667 0.11640625 0.10972222222222222
