0 0.166875 0.868889 0.026250 0.088889
0 0.138750 0.963333 0.037500 0.068889
0 0.370625 0.940000 0.023750 0.097778
0 0.226250 0.782222 0.020000 0.053333
0 0.190000 0.806667 0.017500 0.066667
0 0.603125 0.856667 0.018750 0.086667
0 0.708125 0.856667 0.023750 0.082222
0 0.759375 0.881111 0.018750 0.077778
0 0.796875 0.897778 0.026250 0.093333
0 0.725000 0.785556 0.020000 0.051111
0 0.673125 0.757778 0.013750 0.062222
3 0.613125 0.958889 0.108750 0.082222
3 0.426250 0.657778 0.035000 0.097778
3 0.551250 0.683333 0.035000 0.077778
1 0.636875 0.760000 0.043750 0.066667
1 0.652500 0.844444 0.065000 0.106667
1 0.373125 0.777778 0.053750 0.106667
1 0.271875 0.925556 0.096250 0.148889
1 0.697500 0.732222 0.037500 0.055556
1 0.654375 0.695556 0.043750 0.057778
