4 0.860000 0.831111 0.015000 0.071111
4 0.116875 0.762222 0.016250 0.066667
0 0.775625 0.907778 0.023750 0.095556
4 0.844375 0.886667 0.028750 0.084444
4 0.794375 0.880000 0.021250 0.080000
4 0.752500 0.820000 0.020000 0.066667
4 0.714375 0.791111 0.018750 0.062222
4 0.825000 0.831111 0.032500 0.062222
4 0.108125 0.917778 0.031250 0.102222
4 0.045625 0.916667 0.026250 0.095556
4 0.480625 0.755556 0.028750 0.053333
3 0.285000 0.828889 0.110000 0.151111
3 0.246250 0.737778 0.107500 0.186667
1 0.641875 0.811111 0.056250 0.097778
1 0.660000 0.750000 0.040000 0.077778
1 0.382500 0.728889 0.037500 0.080000
1 0.434375 0.705556 0.033750 0.064444
1 0.721875 0.938889 0.098750 0.122222
2 0.340000 0.661111 0.055000 0.100000
0 0.518125 0.682222 0.021250 0.053333
0 0.690625 0.750000 0.011250 0.060000
