0 0.74375 0.5923611111111111 0.043750000000000004 0.13194444444444445
0 0.7664062500000001 0.45625000000000004 0.035937500000000004 0.08750000000000001
0 0.260546875 0.4791666666666667 0.02890625 0.11944444444444445
0 0.25078125 0.4277777777777778 0.0328125 0.09722222222222222
0 0.326171875 0.30208333333333337 0.017968750000000002 0.06527777777777778
0 0.637890625 0.2729166666666667 0.01171875 0.0625
0 0.618359375 0.2652777777777778 0.014843750000000001 0.044444444444444446
0 0.36015625 0.25416666666666665 0.0125 0.05
0 0.3875 0.23055555555555557 0.0140625 0.04166666666666667
3 0.45703125 0.24166666666666667 0.05625 0.09722222222222222
