1 0.575625 0.918889 0.066250 0.131111
1 0.655000 0.807778 0.052500 0.073333
1 0.285625 0.698889 0.066250 0.051111
3 0.626875 0.727778 0.051250 0.104444
3 0.596875 0.670000 0.036250 0.082222
3 0.100000 0.692222 0.085000 0.086667
1 0.188750 0.847778 0.052500 0.104444
0 0.291250 0.730000 0.032500 0.051111
0 0.467500 0.778889 0.032500 0.051111
0 0.613750 0.816667 0.025000 0.073333
0 0.662500 0.880000 0.047500 0.093333
0 0.714375 0.863333 0.018750 0.082222
0 0.784375 0.894444 0.018750 0.077778
0 0.797500 0.861111 0.025000 0.086667
0 0.763750 0.840000 0.017500 0.075556
0 0.731250 0.817778 0.017500 0.071111
0 0.750625 0.788889 0.021250 0.062222
0 0.718750 0.770000 0.015000 0.064444
0 0.683750 0.741111 0.012500 0.060000
0 0.661875 0.746667 0.013750 0.062222
0 0.431250 0.722222 0.030000 0.048889
0 0.230625 0.743333 0.043750 0.055556
0 0.180000 0.736667 0.027500 0.042222
0 0.111250 0.743333 0.032500 0.051111
4 0.408750 0.841111 0.020000 0.082222
0 0.540000 0.687778 0.015000 0.055556
