0 0.627083 0.401408 0.012500 0.061033
0 0.638281 0.355634 0.011979 0.039906
0 0.525000 0.441901 0.022917 0.059859
0 0.386198 0.578638 0.022396 0.107981
0 0.343750 0.541080 0.034375 0.079812
0 0.286979 0.645540 0.042708 0.096244
0 0.196094 0.392606 0.025521 0.066901
0 0.922656 0.595070 0.021354 0.112676
0 0.953125 0.503521 0.027083 0.096244
0 0.843229 0.358568 0.015625 0.066901
1 0.797135 0.657277 0.107813 0.178404
2 0.783854 0.454225 0.061458 0.115023
1 0.771354 0.367958 0.045833 0.080986
1 0.683854 0.377347 0.055208 0.080986
1 0.712240 0.293427 0.055729 0.065728
1 0.671875 0.267019 0.036458 0.048122
1 0.641667 0.239437 0.042708 0.063380
1 0.600000 0.302817 0.046875 0.072770
1 0.216927 0.605634 0.078646 0.138498
1 0.132031 0.465376 0.067187 0.097418
3 0.822656 0.287559 0.056771 0.164319
3 0.891927 0.389671 0.073438 0.180751
3 0.789323 0.232394 0.054688 0.131455
3 0.745052 0.237676 0.045312 0.132629
3 0.302865 0.242371 0.059896 0.097418
1 0.572917 0.494131 0.072917 0.164319
