1 0.581250 0.837778 0.057500 0.106667
1 0.151250 0.921111 0.110000 0.131111
1 0.636250 0.784444 0.040000 0.088889
1 0.386250 0.905556 0.067500 0.122222
1 0.354375 0.765556 0.041250 0.073333
3 0.258750 0.802222 0.057500 0.093333
3 0.601250 0.690000 0.042500 0.091111
3 0.405000 0.772222 0.052500 0.157778
0 0.836250 0.928889 0.022500 0.102222
0 0.763125 0.893333 0.018750 0.084444
0 0.798750 0.876667 0.022500 0.086667
0 0.753750 0.815556 0.020000 0.071111
0 0.512500 0.784444 0.030000 0.066667
0 0.478125 0.774444 0.023750 0.051111
0 0.320625 0.865556 0.021250 0.091111
0 0.282500 0.945556 0.022500 0.095556
0 0.236875 0.958889 0.028750 0.082222
0 0.305000 0.824444 0.022500 0.084444
0 0.269375 0.885556 0.021250 0.100000
0 0.210625 0.858889 0.021250 0.091111
0 0.042500 0.946667 0.040000 0.102222
0 0.176250 0.787778 0.020000 0.077778
0 0.149375 0.832222 0.018750 0.055556
0 0.672500 0.750000 0.015000 0.060000
4 0.716250 0.742222 0.032500 0.084444
