0 0.23 0.5488888888888889 0.04 0.12
0 0.515 0.6644444444444444 0.045 0.1688888888888889
0 0.693125 0.6722222222222223 0.051250000000000004 0.18444444444444444
0 0.65125 0.5788888888888889 0.0325 0.15333333333333332
0 0.551875 0.5644444444444444 0.03875 0.14222222222222222
0 0.489375 0.5166666666666667 0.02875 0.12666666666666668
0 0.44875 0.5077777777777778 0.0325 0.13555555555555557
0 0.39687500000000003 0.49 0.02875 0.12666666666666668
0 0.29125 0.7355555555555555 0.1675 0.25333333333333335
0 0.42875 0.71 0.0 0.0022222222222222222
