0 0.625000 0.302817 0.014583 0.072770
0 0.732292 0.288732 0.014583 0.044601
0 0.702604 0.800469 0.027083 0.126761
0 0.963021 0.666080 0.025000 0.120892
0 0.965885 0.451291 0.017188 0.080986
0 0.927604 0.440728 0.017708 0.071596
0 0.896615 0.326291 0.025521 0.065728
4 0.199740 0.353873 0.018229 0.055164
2 0.415104 0.741784 0.108333 0.307512
1 0.121615 0.447183 0.070312 0.100939
1 0.680990 0.361502 0.055729 0.091549
1 0.822396 0.671362 0.089583 0.194836
3 0.823698 0.431925 0.099479 0.201878
2 0.790104 0.265845 0.097917 0.184272
