1 0.5039525691699605 0.3339160839160839 0.16205533596837943 0.11538461538461539
1 0.31126482213438733 0.42482517482517484 0.1758893280632411 0.19230769230769232
1 0.16798418972332016 0.2762237762237762 0.12252964426877469 0.0979020979020979
1 0.05830039525691699 0.3111888111888112 0.07707509881422925 0.08391608391608392
0 0.31719367588932806 0.6013986013986014 0.08102766798418971 0.1888111888111888
0 0.1590909090909091 0.4562937062937063 0.0533596837944664 0.14335664335664336
0 0.12252964426877469 0.3793706293706294 0.04743083003952569 0.10839160839160839
0 0.05138339920948616 0.40559440559440557 0.05928853754940711 0.0979020979020979
0 0.9387351778656126 0.13111888111888112 0.015810276679841896 0.05244755244755245
0 0.8656126482213438 0.1258741258741259 0.01976284584980237 0.06293706293706294
