0 0.8015625000000001 0.4979166666666667 0.037500000000000006 0.10972222222222222
0 0.901953125 0.37569444444444444 0.039843750000000004 0.08472222222222223
0 0.712890625 0.3791666666666667 0.02421875 0.08055555555555556
0 0.6687500000000001 0.3506944444444445 0.0203125 0.059722222222222225
0 0.95859375 0.8180555555555555 0.06875 0.2
0 0.34414062500000003 0.28611111111111115 0.01953125 0.0638888888888889
3 0.46953125 0.17291666666666666 0.045312500000000006 0.09305555555555556
1 0.61484375 0.3506944444444445 0.05 0.08472222222222223
1 0.5546875 0.23680555555555557 0.037500000000000006 0.05416666666666667
1 0.42617187500000003 0.19583333333333333 0.032031250000000004 0.03888888888888889
