0 0.04150197628458498 0.9230769230769231 0.04743083003952569 0.1258741258741259
0 0.533596837944664 0.6276223776223776 0.035573122529644265 0.12237762237762238
0 0.3794466403162055 0.527972027972028 0.023715415019762844 0.1048951048951049
0 0.2351778656126482 0.5052447552447552 0.02766798418972332 0.08041958041958042
0 0.09486166007905138 0.8916083916083916 0.04743083003952569 0.16083916083916083
0 0.1719367588932806 0.9265734265734266 0.04743083003952569 0.1258741258741259
0 0.1600790513833992 0.5786713286713286 0.02766798418972332 0.10139860139860139
0 0.11166007905138339 0.5944055944055944 0.02569169960474308 0.09090909090909091
0 0.14723320158102765 0.5314685314685315 0.02569169960474308 0.09090909090909091
0 0.19268774703557312 0.4597902097902098 0.021739130434782608 0.08041958041958042
0 0.21047430830039524 0.4423076923076923 0.021739130434782608 0.08041958041958042
0 0.4219367588932806 0.4597902097902098 0.021739130434782608 0.08041958041958042
0 0.26482213438735175 0.8898601398601399 0.035573122529644265 0.13636363636363635
0 0.28952569169960474 0.784965034965035 0.04150197628458498 0.15734265734265734
0 0.2401185770750988 0.8304195804195804 0.04150197628458498 0.15734265734265734
0 0.10375494071146245 0.722027972027972 0.03359683794466403 0.12237762237762238
0 0.06027667984189723 0.7290209790209791 0.03359683794466403 0.12237762237762238
0 0.23616600790513834 0.7255244755244755 0.03359683794466403 0.10839160839160839
1 0.5642292490118577 0.8531468531468531 0.14822134387351776 0.23076923076923078
1 0.4960474308300395 0.5122377622377622 0.07905138339920947 0.12937062937062938
1 0.3646245059288537 0.42657342657342656 0.0533596837944664 0.0979020979020979
1 0.4496047430830039 0.6136363636363636 0.08498023715415019 0.12937062937062938
1 0.38438735177865613 0.7482517482517482 0.1126482213438735 0.23076923076923078
1 0.32312252964426874 0.5594405594405595 0.08102766798418971 0.13286713286713286
1 0.3033596837944664 0.47027972027972026 0.06521739130434782 0.10139860139860139
1 0.27569169960474305 0.4090909090909091 0.05731225296442687 0.09090909090909091
2 0.5118577075098814 0.3881118881118881 0.0909090909090909 0.14685314685314685
2 0.6887351778656126 0.701048951048951 0.27470355731225293 0.46503496503496505
