4 0.508750 0.847778 0.017500 0.100000
0 0.607500 0.805556 0.020000 0.082222
0 0.722500 0.856667 0.017500 0.077778
0 0.791250 0.908889 0.020000 0.088889
0 0.815000 0.958889 0.022500 0.068889
0 0.936875 0.948889 0.028750 0.088889
0 0.850625 0.950000 0.028750 0.082222
0 0.810625 0.858889 0.016250 0.068889
0 0.891875 0.881111 0.023750 0.082222
0 0.739375 0.777778 0.016250 0.066667
0 0.520625 0.700000 0.023750 0.053333
0 0.114375 0.756667 0.036250 0.060000
0 0.283125 0.711111 0.026250 0.057778
1 0.255625 0.880000 0.083750 0.137778
1 0.448125 0.747778 0.066250 0.064444
1 0.665625 0.826667 0.063750 0.088889
1 0.767500 0.851111 0.060000 0.088889
1 0.718750 0.947778 0.102500 0.104444
2 0.550625 0.794444 0.056250 0.104444
2 0.673750 0.660000 0.067500 0.133333
1 0.618125 0.738889 0.038750 0.068889
1 0.597500 0.696667 0.030000 0.055556
1 0.336875 0.727778 0.086250 0.060000
1 0.224375 0.704444 0.078750 0.062222
1 0.362500 0.686667 0.067500 0.048889
