0 0.913671875 0.8409722222222222 0.06953125 0.17083333333333334
0 0.059375000000000004 0.7291666666666667 0.059375000000000004 0.19166666666666668
0 0.261328125 0.41458333333333336 0.02890625 0.10138888888888889
0 0.64453125 0.3055555555555556 0.0171875 0.05277777777777778
0 0.75 0.31180555555555556 0.028125 0.05694444444444444
1 0.566796875 0.21319444444444446 0.03359375 0.04861111111111111
1 0.7796875000000001 0.8069444444444445 0.16875 0.26944444444444443
1 0.596875 0.31180555555555556 0.0546875 0.08194444444444444
0 0.9558593750000001 0.4777777777777778 0.03359375 0.08888888888888889
3 0.798828125 0.2611111111111111 0.10859375 0.1
