0 0.105625 0.713333 0.038750 0.115556
0 0.146875 0.678889 0.036250 0.113333
0 0.184375 0.643333 0.036250 0.104444
0 0.218125 0.665556 0.031250 0.104444
0 0.312500 0.692222 0.037500 0.117778
0 0.137500 0.593333 0.027500 0.088889
0 0.198125 0.554444 0.028750 0.077778
0 0.248750 0.596667 0.027500 0.077778
0 0.264375 0.545556 0.028750 0.068889
0 0.298125 0.553333 0.018750 0.084444
0 0.336250 0.558889 0.027500 0.086667
0 0.379375 0.543333 0.021250 0.077778
0 0.561250 0.727778 0.030000 0.117778
0 0.778125 0.831111 0.046250 0.133333
0 0.897500 0.908889 0.057500 0.151111
0 0.928750 0.753333 0.062500 0.102222
0 0.781875 0.733333 0.033750 0.111111
0 0.823125 0.708889 0.028750 0.097778
0 0.687500 0.682222 0.027500 0.097778
0 0.655000 0.628889 0.025000 0.080000
0 0.710000 0.660000 0.030000 0.093333
0 0.744375 0.635556 0.023750 0.075556
1 0.553750 0.537778 0.047500 0.084444
0 0.601250 0.562222 0.027500 0.066667
1 0.633750 0.537778 0.045000 0.071111
0 0.779375 0.653333 0.028750 0.084444
0 0.716250 0.597778 0.025000 0.075556
