0 0.630208 0.709259 0.035417 0.196296
0 0.869010 0.573148 0.040104 0.155556
0 0.850260 0.469444 0.040104 0.124074
0 0.612240 0.519907 0.038021 0.145370
0 0.564323 0.260648 0.023438 0.091667
4 0.913021 0.508333 0.016667 0.146296
4 0.814323 0.401852 0.025521 0.114815
4 0.900260 0.381019 0.021354 0.117593
4 0.865104 0.415741 0.018750 0.120370
1 0.087760 0.441667 0.117188 0.155556
3 0.413281 0.218519 0.070312 0.166667
3 0.066146 0.800926 0.131250 0.398148
3 0.362760 0.094907 0.075521 0.187963
3 0.288021 0.780556 0.286458 0.438889
2 0.691406 0.233796 0.086979 0.195370
2 0.648698 0.109259 0.054688 0.100000
