0 0.07114624505928853 0.6503496503496503 0.043478260869565216 0.14685314685314685
0 0.12055335968379446 0.6293706293706294 0.03162055335968379 0.1258741258741259
0 0.09980237154150197 0.8496503496503497 0.04150197628458498 0.16783216783216784
0 0.12154150197628458 0.9335664335664335 0.0533596837944664 0.1048951048951049
0 0.16403162055335968 0.8269230769230769 0.04743083003952569 0.17832167832167833
0 0.21541501976284583 0.8863636363636364 0.043478260869565216 0.1853146853146853
0 0.19466403162055335 0.6958041958041958 0.04150197628458498 0.13286713286713286
0 0.32509881422924897 0.7482517482517482 0.04150197628458498 0.16783216783216784
0 0.3201581027667984 0.6171328671328671 0.035573122529644265 0.12937062937062938
0 0.24802371541501975 0.5402097902097902 0.02569169960474308 0.10839160839160839
0 0.18972332015810275 0.5891608391608392 0.035573122529644265 0.10139860139860139
0 0.19861660079051383 0.5262237762237763 0.02569169960474308 0.08041958041958042
0 0.11956521739130434 0.47202797202797203 0.02569169960474308 0.09090909090909091
0 0.47826086956521735 0.458041958041958 0.023715415019762844 0.08391608391608392
0 0.5108695652173912 0.4493006993006993 0.029644268774703556 0.08741258741258741
0 0.516798418972332 0.5437062937062938 0.02569169960474308 0.10839160839160839
0 0.6017786561264822 0.6328671328671329 0.04150197628458498 0.13986013986013987
0 0.6156126482213439 0.4965034965034965 0.02569169960474308 0.09090909090909091
0 0.6551383399209486 0.4597902097902098 0.021739130434782608 0.08741258741258741
0 0.17292490118577075 0.4370629370629371 0.04150197628458498 0.07692307692307693
0 0.21541501976284583 0.42832167832167833 0.02766798418972332 0.08741258741258741
0 0.24110671936758893 0.3968531468531469 0.023715415019762844 0.07342657342657342
0 0.5009881422924901 0.9073426573426573 0.061264822134387345 0.15734265734265734
1 0.4367588932806324 0.6048951048951049 0.11067193675889328 0.18181818181818182
1 0.7776679841897233 0.8846153846153846 0.20355731225296442 0.20279720279720279
1 0.2885375494071146 0.35664335664335667 0.043478260869565216 0.06293706293706294
1 0.24209486166007904 0.35664335664335667 0.037549407114624504 0.055944055944055944
3 0.34980237154150196 0.3881118881118881 0.06719367588932806 0.13986013986013987
2 0.36561264822134387 0.30594405594405594 0.07509881422924901 0.10839160839160839
