0 0.299375 0.8133333333333334 0.06875 0.22666666666666666
0 0.491875 0.7355555555555555 0.06625 0.2
0 0.685 0.7111111111111111 0.0525 0.2
0 0.7425 0.5977777777777777 0.0525 0.16
0 0.548125 0.58 0.03875 0.1511111111111111
0 0.468125 0.5166666666666667 0.03375 0.13111111111111112
0 0.42125 0.5522222222222222 0.03 0.12666666666666668
0 0.6525 0.47 0.0325 0.06888888888888889
0 0.383125 0.4866666666666667 0.02375 0.06666666666666667
1 0.196875 0.41555555555555557 0.05625 0.08444444444444445
0 0.51375 0.5055555555555555 0.0275 0.11777777777777777
0 0.091875 0.45 0.02875 0.08666666666666667
