1 0.524375 0.788889 0.066250 0.071111
1 0.609375 0.867778 0.043750 0.095556
1 0.636875 0.775556 0.041250 0.066667
1 0.721875 0.757778 0.036250 0.057778
3 0.273750 0.678889 0.115000 0.091111
3 0.218125 0.862222 0.093750 0.226667
1 0.102500 0.721111 0.090000 0.055556
1 0.144375 0.798889 0.068750 0.082222
0 0.393750 0.732222 0.035000 0.060000
0 0.586875 0.924444 0.018750 0.102222
0 0.659375 0.945556 0.038750 0.104444
0 0.692500 0.843333 0.020000 0.082222
0 0.791875 0.850000 0.021250 0.086667
0 0.830000 0.908889 0.020000 0.088889
0 0.803750 0.957778 0.027500 0.075556
0 0.756250 0.821111 0.022500 0.077778
0 0.473750 0.733333 0.025000 0.057778
1 0.553750 0.675556 0.025000 0.035556
1 0.482500 0.682222 0.055000 0.048889
