1 0.659375 0.888889 0.073750 0.128889
1 0.619375 0.785556 0.046250 0.082222
1 0.310000 0.830000 0.070000 0.122222
3 0.402500 0.810000 0.060000 0.180000
3 0.354375 0.727778 0.051250 0.117778
1 0.265000 0.938889 0.090000 0.122222
0 0.886875 0.911111 0.028750 0.097778
0 0.792500 0.910000 0.020000 0.091111
0 0.751875 0.890000 0.021250 0.091111
0 0.813125 0.888889 0.018750 0.080000
0 0.787500 0.807778 0.017500 0.082222
0 0.714375 0.847778 0.013750 0.091111
0 0.749375 0.828889 0.018750 0.071111
0 0.698125 0.788889 0.021250 0.071111
0 0.665000 0.780000 0.020000 0.080000
0 0.510625 0.787778 0.031250 0.082222
0 0.233750 0.860000 0.022500 0.080000
0 0.201250 0.916667 0.022500 0.100000
0 0.173125 0.960000 0.026250 0.080000
0 0.125625 0.958889 0.031250 0.082222
0 0.139375 0.918889 0.036250 0.108889
0 0.047500 0.960000 0.035000 0.080000
0 0.231250 0.810000 0.017500 0.060000
0 0.273125 0.795556 0.018750 0.075556
0 0.227500 0.758889 0.017500 0.068889
4 0.067500 0.847778 0.017500 0.091111
