2 0.874375 0.922222 0.211250 0.151111
1 0.682500 0.946667 0.077500 0.106667
1 0.566250 0.941111 0.072500 0.113333
1 0.626875 0.796667 0.053750 0.082222
1 0.403750 0.777778 0.105000 0.071111
0 0.613125 0.841111 0.016250 0.082222
0 0.688750 0.820000 0.017500 0.062222
0 0.725625 0.816667 0.013750 0.068889
1 0.798750 0.855556 0.085000 0.093333
0 0.516250 0.740000 0.032500 0.057778
0 0.593750 0.717778 0.017500 0.057778
1 0.641875 0.737778 0.033750 0.066667
2 0.638125 0.686667 0.033750 0.066667
2 0.618750 0.662222 0.030000 0.071111
1 0.576875 0.671111 0.033750 0.048889
3 0.413125 0.701111 0.091250 0.077778
1 0.267500 0.705556 0.087500 0.055556
0 0.306875 0.754444 0.033750 0.055556
0 0.153125 0.734444 0.033750 0.051111
0 0.107500 0.761111 0.032500 0.051111
0 0.346875 0.733333 0.031250 0.048889
0 0.677500 0.756667 0.012500 0.051111
0 0.693750 0.745556 0.012500 0.055556
0 0.713750 0.771111 0.012500 0.057778
0 0.238750 0.735556 0.032500 0.044444
