0 0.810677 0.713615 0.042188 0.112676
0 0.857552 0.821009 0.028646 0.102113
0 0.988021 0.711268 0.023958 0.126761
0 0.935937 0.549883 0.023958 0.106808
0 0.882552 0.533451 0.016146 0.085681
0 0.867188 0.424296 0.017708 0.085681
0 0.895573 0.390845 0.018229 0.084507
0 0.877344 0.318662 0.022396 0.066901
0 0.916146 0.301643 0.016667 0.068075
1 0.883073 0.187793 0.035937 0.072770
1 0.597656 0.731221 0.127604 0.211268
1 0.790365 0.248826 0.050521 0.068075
1 0.770833 0.187207 0.034375 0.055164
3 0.777604 0.460681 0.085417 0.226526
