1 0.843125 0.6588888888888889 0.17125 0.22444444444444445
1 0.5875 0.5222222222222223 0.115 0.13333333333333333
1 0.646875 0.46111111111111114 0.09125 0.12222222222222222
0 0.714375 0.69 0.04625 0.18
0 0.6225 0.6611111111111111 0.045 0.17555555555555555
0 0.589375 0.7022222222222222 0.04625 0.2
0 0.553125 0.7722222222222223 0.051250000000000004 0.21555555555555556
0 0.48625 0.8144444444444444 0.045 0.23777777777777778
0 0.4925 0.6588888888888889 0.0325 0.1711111111111111
0 0.420625 0.6077777777777778 0.03125 0.15777777777777777
0 0.353125 0.4988888888888889 0.02625 0.12222222222222222
0 0.39375 0.4666666666666667 0.025 0.09777777777777778
