1 0.291875 0.732222 0.093750 0.060000
1 0.611875 0.720000 0.036250 0.057778
1 0.690000 0.912222 0.092500 0.140000
1 0.650625 0.792222 0.058750 0.091111
1 0.754375 0.822222 0.048750 0.080000
1 0.591250 0.684444 0.032500 0.048889
1 0.416875 0.736667 0.066250 0.064444
1 0.193125 0.938889 0.108750 0.122222
1 0.405000 0.677778 0.065000 0.053333
1 0.273750 0.697778 0.082500 0.053333
2 0.537500 0.778889 0.067500 0.104444
2 0.663125 0.646667 0.063750 0.120000
3 0.675000 0.746667 0.055000 0.102222
4 0.507500 0.850000 0.020000 0.091111
0 0.778125 0.907778 0.021250 0.104444
0 0.801875 0.962222 0.023750 0.071111
0 0.846875 0.951111 0.026250 0.093333
0 0.894375 0.904444 0.018750 0.088889
0 0.813750 0.895556 0.015000 0.088889
0 0.841875 0.856667 0.023750 0.086667
0 0.596250 0.773333 0.012500 0.071111
0 0.193125 0.745556 0.026250 0.055556
