0 0.41875 0.5511111111111111 0.0325 0.1288888888888889
0 0.499375 0.6188888888888889 0.03875 0.14888888888888888
0 0.56125 0.6455555555555555 0.0525 0.18
0 0.6525 0.7644444444444445 0.0525 0.2088888888888889
0 0.6625 0.6433333333333333 0.0475 0.15777777777777777
0 0.82375 0.76 0.0675 0.19111111111111112
0 0.6062500000000001 0.47555555555555556 0.0275 0.12
0 0.508125 0.4777777777777778 0.04625 0.10666666666666666
0 0.4375 0.4022222222222222 0.0225 0.08444444444444445
0 0.383125 0.43666666666666665 0.02625 0.09111111111111111
0 0.29625 0.6433333333333333 0.0375 0.15333333333333332
1 0.3625 0.85 0.22 0.29555555555555557
