4 0.101250 0.770000 0.012500 0.068889
1 0.185000 0.924444 0.112500 0.151111
1 0.346875 0.712222 0.041250 0.073333
3 0.585000 0.867778 0.085000 0.166667
3 0.470625 0.633333 0.073750 0.088889
3 0.635000 0.720000 0.050000 0.097778
3 0.615625 0.668889 0.046250 0.106667
1 0.385625 0.846667 0.063750 0.102222
1 0.368125 0.755556 0.048750 0.088889
1 0.436250 0.735556 0.037500 0.071111
1 0.546875 0.680000 0.031250 0.048889
0 0.663125 0.914444 0.028750 0.091111
0 0.938125 0.956667 0.038750 0.082222
0 0.756875 0.797778 0.018750 0.066667
0 0.046250 0.930000 0.035000 0.104444
0 0.155000 0.878889 0.020000 0.086667
0 0.210000 0.818889 0.017500 0.055556
0 0.799375 0.801111 0.018750 0.068889
0 0.526250 0.745556 0.027500 0.055556
0 0.610625 0.771111 0.021250 0.057778
0 0.195625 0.797778 0.013750 0.071111
