4 0.6126482213438734 0.03146853146853147 0.011857707509881422 0.04895104895104895
0 0.8725296442687747 0.30244755244755245 0.021739130434782608 0.10139860139860139
0 0.9456521739130435 0.256993006993007 0.029644268774703556 0.08741258741258741
0 0.9367588932806323 0.17132867132867133 0.01976284584980237 0.06993006993006994
0 0.9041501976284584 0.18181818181818182 0.017786561264822132 0.07692307692307693
0 0.933794466403162 0.07867132867132867 0.009881422924901184 0.05244755244755245
0 0.9229249011857706 0.057692307692307696 0.011857707509881422 0.038461538461538464
0 0.9545454545454545 0.14160839160839161 0.015810276679841896 0.06643356643356643
0 0.858695652173913 0.7709790209790209 0.05731225296442687 0.21328671328671328
0 0.208498023715415 0.2727272727272727 0.04940711462450593 0.1048951048951049
0 0.12944664031620554 0.38461538461538464 0.061264822134387345 0.13286713286713286
0 0.10177865612648221 0.3076923076923077 0.03359683794466403 0.06993006993006994
0 0.07114624505928853 0.34265734265734266 0.04743083003952569 0.11188811188811189
0 0.25296442687747034 0.15734265734265734 0.04743083003952569 0.06993006993006994
1 0.09980237154150197 0.24125874125874125 0.08893280632411067 0.0979020979020979
1 0.7667984189723319 0.3129370629370629 0.10276679841897232 0.14335664335664336
1 0.8320158102766798 0.13986013986013987 0.05533596837944664 0.06993006993006994
1 0.9001976284584979 0.13111888111888112 0.04545454545454545 0.07342657342657342
1 0.8725296442687747 0.07517482517482517 0.04150197628458498 0.05244755244755245
1 0.9150197628458497 0.024475524475524476 0.03162055335968379 0.027972027972027972
