0 0.030000 0.867778 0.052500 0.135556
0 0.196875 0.823333 0.048750 0.153333
0 0.242500 0.853333 0.050000 0.146667
0 0.337500 0.827778 0.092500 0.206667
0 0.137500 0.651111 0.045000 0.097778
0 0.066875 0.741111 0.048750 0.117778
0 0.229375 0.608889 0.028750 0.088889
0 0.292500 0.556667 0.025000 0.077778
0 0.198125 0.534444 0.036250 0.077778
0 0.684375 0.901111 0.046250 0.140000
0 0.747500 0.851111 0.035000 0.120000
0 0.789375 0.802222 0.048750 0.133333
0 0.875000 0.812222 0.055000 0.122222
1 0.606875 0.698889 0.068750 0.122222
1 0.695000 0.683333 0.075000 0.108889
0 0.759375 0.702222 0.031250 0.088889
0 0.806250 0.683333 0.025000 0.091111
0 0.614375 0.590000 0.028750 0.077778
0 0.673125 0.580000 0.026250 0.071111
0 0.706250 0.593333 0.025000 0.075556
0 0.735625 0.618889 0.028750 0.082222
0 0.772500 0.620000 0.027500 0.088889
0 0.856250 0.742222 0.035000 0.097778
0 0.892500 0.720000 0.030000 0.102222
0 0.545625 0.592222 0.031250 0.086667
1 0.594375 0.532222 0.061250 0.082222
