0 0.523698 0.627934 0.033854 0.100939
0 0.713281 0.823357 0.033854 0.137324
0 0.911979 0.693075 0.033333 0.123239
0 0.243229 0.440141 0.031250 0.079812
0 0.177083 0.444249 0.034375 0.076291
0 0.933594 0.572183 0.024479 0.118545
0 0.895052 0.568662 0.030729 0.099765
1 0.516667 0.528756 0.101042 0.125587
1 0.194271 0.562793 0.076042 0.130282
1 0.597396 0.324531 0.053125 0.078638
1 0.648698 0.242371 0.051562 0.066901
3 0.869792 0.244131 0.047917 0.096244
3 0.822917 0.465376 0.094792 0.278169
3 0.806510 0.244718 0.064062 0.134977
3 0.733854 0.291667 0.057292 0.160798
3 0.657813 0.422535 0.100000 0.204225
3 0.592708 0.768779 0.144792 0.314554
