3 0.713750 0.926667 0.107500 0.146667
3 0.623750 0.681111 0.037500 0.095556
1 0.655625 0.740000 0.041250 0.071111
1 0.581250 0.743333 0.052500 0.068889
1 0.648750 0.862222 0.062500 0.106667
1 0.279375 0.872222 0.073750 0.117778
1 0.335625 0.931111 0.096250 0.137778
1 0.418750 0.716667 0.040000 0.068889
1 0.346875 0.728889 0.038750 0.075556
0 0.225625 0.866667 0.021250 0.102222
0 0.116875 0.974444 0.033750 0.051111
0 0.051250 0.956667 0.032500 0.086667
0 0.175000 0.772222 0.015000 0.064444
0 0.309375 0.775556 0.016250 0.071111
0 0.405625 0.783333 0.028750 0.064444
0 0.836250 0.943333 0.020000 0.091111
0 0.775000 0.843333 0.015000 0.082222
0 0.710625 0.823333 0.016250 0.068889
0 0.734375 0.787778 0.013750 0.068889
0 0.700000 0.762222 0.015000 0.071111
1 0.535000 0.677778 0.045000 0.062222
1 0.587500 0.661111 0.025000 0.046667
0 0.269375 0.783333 0.028750 0.086667
