2 0.127500 0.844444 0.252500 0.311111
0 0.572500 0.773333 0.017500 0.075556
0 0.643750 0.870000 0.022500 0.091111
0 0.786875 0.931111 0.021250 0.093333
0 0.888750 0.844444 0.025000 0.088889
0 0.841250 0.941111 0.030000 0.095556
0 0.851875 0.894444 0.028750 0.082222
0 0.804375 0.880000 0.026250 0.084444
0 0.763125 0.858889 0.026250 0.077778
4 0.671875 0.792222 0.041250 0.091111
0 0.741875 0.825556 0.018750 0.077778
0 0.461875 0.783333 0.036250 0.064444
0 0.271875 0.795556 0.016250 0.075556
1 0.229375 0.950000 0.098750 0.100000
1 0.356875 0.935556 0.086250 0.128889
3 0.409375 0.760000 0.056250 0.155556
3 0.326875 0.780000 0.076250 0.164444
3 0.590000 0.666667 0.037500 0.093333
4 0.725625 0.861111 0.013750 0.086667
