4 0.095000 0.788889 0.012500 0.071111
0 0.178125 0.848889 0.021250 0.080000
0 0.112500 0.942222 0.032500 0.102222
0 0.091250 0.912222 0.020000 0.108889
0 0.038125 0.926667 0.031250 0.106667
0 0.236875 0.757778 0.018750 0.062222
0 0.798125 0.912222 0.048750 0.091111
0 0.795625 0.821111 0.023750 0.068889
0 0.764375 0.790000 0.013750 0.073333
3 0.687500 0.898889 0.102500 0.202222
3 0.606875 0.682222 0.043750 0.075556
3 0.548125 0.728889 0.038750 0.102222
3 0.491250 0.628889 0.082500 0.080000
3 0.331250 0.707778 0.057500 0.117778
1 0.645625 0.752222 0.048750 0.091111
1 0.374375 0.921111 0.073750 0.122222
1 0.249375 0.950000 0.096250 0.100000
1 0.409375 0.731111 0.038750 0.080000
1 0.281250 0.792222 0.067500 0.104444
1 0.179375 0.675556 0.061250 0.053333
