0 0.861458 0.580093 0.031250 0.152778
0 0.851823 0.462500 0.033854 0.123148
0 0.611719 0.450000 0.034896 0.137037
0 0.539583 0.400463 0.030208 0.128704
0 0.514844 0.262037 0.021354 0.096296
0 0.551562 0.156019 0.016667 0.075000
0 0.533333 0.148611 0.016667 0.075000
4 0.916667 0.475463 0.025000 0.149074
4 0.723698 0.333796 0.024479 0.112037
4 0.805208 0.373611 0.028125 0.108333
4 0.872135 0.415741 0.021354 0.125926
4 0.900781 0.379630 0.023438 0.118519
2 0.646354 0.208333 0.092708 0.205556
2 0.363281 0.733796 0.327604 0.532407
2 0.480469 0.033333 0.043229 0.064815
3 0.080469 0.693056 0.159896 0.613889
3 0.441927 0.048611 0.038021 0.095370
1 0.355469 0.030556 0.036979 0.050000
