0 0.7964426877470355 0.3111888111888112 0.035573122529644265 0.11188811188811189
0 0.8735177865612648 0.26223776223776224 0.03162055335968379 0.0979020979020979
0 0.9239130434782608 0.18181818181818182 0.021739130434782608 0.07692307692307693
0 0.950592885375494 0.229020979020979 0.02766798418972332 0.08041958041958042
0 0.9298418972332015 0.1258741258741259 0.017786561264822132 0.055944055944055944
0 0.9199604743083003 0.08391608391608392 0.01383399209486166 0.04895104895104895
0 0.959486166007905 0.09090909090909091 0.017786561264822132 0.04195804195804196
0 0.9407114624505928 0.08391608391608392 0.015810276679841896 0.04895104895104895
1 0.9041501976284584 0.07167832167832168 0.03359683794466403 0.05244755244755245
1 0.8241106719367588 0.17832167832167833 0.06719367588932806 0.0979020979020979
0 0.2519762845849802 0.1520979020979021 0.04940711462450593 0.06643356643356643
0 0.17292490118577075 0.3041958041958042 0.037549407114624504 0.1048951048951049
0 0.14130434782608695 0.3129370629370629 0.037549407114624504 0.10839160839160839
0 0.10770750988142291 0.32517482517482516 0.037549407114624504 0.11188811188811189
0 0.04644268774703557 0.3776223776223776 0.037549407114624504 0.09090909090909091
0 0.06719367588932806 0.3094405594405594 0.03162055335968379 0.08041958041958042
0 0.14130434782608695 0.256993006993007 0.02569169960474308 0.07342657342657342
1 0.08498023715415019 0.22727272727272727 0.06719367588932806 0.06293706293706294
