0 0.042490118577075096 0.8986013986013986 0.061264822134387345 0.16783216783216784
0 0.3537549407114624 0.5926573426573427 0.035573122529644265 0.11538461538461539
0 0.08300395256916995 0.6258741258741258 0.04743083003952569 0.11188811188811189
0 0.12944664031620554 0.701048951048951 0.037549407114624504 0.14335664335664336
0 0.10770750988142291 0.8741258741258742 0.04150197628458498 0.18181818181818182
0 0.2984189723320158 0.7517482517482518 0.04743083003952569 0.16083916083916083
0 0.15711462450592883 0.5017482517482518 0.021739130434782608 0.08041958041958042
0 0.16897233201581027 0.5646853146853147 0.02569169960474308 0.10139860139860139
0 0.22233201581027667 0.493006993006993 0.021739130434782608 0.09090909090909091
0 0.2559288537549407 0.48426573426573427 0.017786561264822132 0.08741258741258741
0 0.5918972332015809 0.46503496503496505 0.017786561264822132 0.09090909090909091
0 0.14525691699604742 0.4527972027972028 0.021739130434782608 0.05944055944055944
0 0.39624505928853754 0.3811188811188811 0.04150197628458498 0.07692307692307693
0 0.28063241106719367 0.4230769230769231 0.015810276679841896 0.06293706293706294
0 0.20158102766798416 0.4458041958041958 0.01976284584980237 0.08041958041958042
0 0.17490118577075098 0.3688811188811189 0.021739130434782608 0.05944055944055944
4 0.11363636363636363 0.5541958041958042 0.02569169960474308 0.10839160839160839
0 0.16798418972332016 0.7517482517482518 0.03162055335968379 0.13986013986013987
0 0.15810276679841895 0.8968531468531469 0.043478260869565216 0.16433566433566432
0 0.23122529644268774 0.4143356643356643 0.015810276679841896 0.06643356643356643
0 0.25296442687747034 0.3723776223776224 0.015810276679841896 0.06643356643356643
0 0.19861660079051383 0.3618881118881119 0.017786561264822132 0.05944055944055944
1 0.31324110671936756 0.3583916083916084 0.03359683794466403 0.08041958041958042
1 0.4021739130434782 0.49125874125874125 0.08102766798418971 0.12937062937062938
1 0.4367588932806324 0.6118881118881119 0.08695652173913043 0.13986013986013987
2 0.38636363636363635 0.32342657342657344 0.10474308300395256 0.10139860139860139
2 0.5879446640316205 0.3146853146853147 0.20355731225296442 0.1048951048951049
