0 0.641406 0.364437 0.025521 0.066901
0 0.263802 0.731808 0.038021 0.130282
0 0.183073 0.638498 0.043229 0.091549
0 0.167448 0.434859 0.026562 0.057512
0 0.906771 0.654930 0.029167 0.112676
0 0.960938 0.599765 0.031250 0.129108
0 0.891927 0.533451 0.033854 0.106808
0 0.941927 0.504695 0.031771 0.089202
0 0.888021 0.434859 0.032292 0.080986
0 0.868229 0.366784 0.031250 0.099765
1 0.781250 0.829225 0.117708 0.217136
1 0.805729 0.587441 0.071875 0.142019
1 0.810677 0.419601 0.067187 0.116197
1 0.706510 0.441901 0.057813 0.104460
1 0.693490 0.344484 0.055729 0.095070
1 0.453125 0.579225 0.100000 0.139671
1 0.826823 0.316901 0.056771 0.077465
1 0.850781 0.268192 0.046354 0.052817
1 0.704688 0.293427 0.063542 0.079812
3 0.684896 0.203638 0.054167 0.111502
