4 0.587500 0.851111 0.012500 0.102222
0 0.734375 0.914444 0.021250 0.095556
0 0.771250 0.931111 0.025000 0.102222
0 0.725000 0.868889 0.017500 0.066667
1 0.546875 0.785556 0.051250 0.082222
3 0.583750 0.737778 0.035000 0.088889
3 0.653750 0.771111 0.045000 0.128889
3 0.816250 0.845556 0.050000 0.108889
0 0.825625 0.948889 0.023750 0.102222
1 0.746875 0.840000 0.056250 0.088889
2 0.709375 0.755556 0.053750 0.106667
1 0.605625 0.953333 0.066250 0.093333
3 0.240000 0.697778 0.112500 0.075556
2 0.094375 0.700000 0.078750 0.075556
