0 0.781875 0.938889 0.056250 0.122222
0 0.847500 0.951111 0.025000 0.093333
0 0.790000 0.845556 0.020000 0.068889
0 0.773125 0.870000 0.021250 0.064444
0 0.751250 0.803333 0.022500 0.073333
0 0.573750 0.957778 0.027500 0.080000
0 0.575625 0.893333 0.018750 0.088889
4 0.528750 0.840000 0.007500 0.075556
4 0.520625 0.837778 0.011250 0.080000
0 0.405625 0.793333 0.026250 0.071111
0 0.444375 0.762222 0.028750 0.071111
0 0.419375 0.711111 0.026250 0.048889
0 0.211875 0.761111 0.016250 0.077778
0 0.333750 0.706667 0.012500 0.053333
0 0.303750 0.721111 0.017500 0.051111
0 0.276875 0.711111 0.016250 0.057778
0 0.251250 0.717778 0.015000 0.062222
0 0.156250 0.710000 0.037500 0.042222
1 0.156250 0.674444 0.070000 0.051111
1 0.446250 0.660000 0.062500 0.048889
4 0.480625 0.687778 0.058750 0.060000
3 0.644375 0.747778 0.053750 0.113333
3 0.672500 0.851111 0.067500 0.160000
3 0.570000 0.665556 0.035000 0.091111
1 0.572500 0.736667 0.035000 0.064444
