0 0.326562 0.576291 0.034375 0.110329
0 0.362760 0.697183 0.040104 0.138498
0 0.286198 0.737676 0.039062 0.130282
0 0.207031 0.389085 0.030729 0.069249
0 0.950521 0.586854 0.027083 0.100939
0 0.903385 0.454225 0.026562 0.079812
0 0.939323 0.434272 0.021354 0.096244
0 0.861719 0.395540 0.024479 0.084507
0 0.814323 0.298709 0.013021 0.069249
0 0.762240 0.309859 0.023438 0.058685
0 0.808594 0.229460 0.014063 0.057512
0 0.894531 0.234155 0.022396 0.076291
1 0.788802 0.444836 0.073438 0.140845
1 0.681771 0.358568 0.052083 0.106808
1 0.736458 0.231221 0.033333 0.065728
1 0.587760 0.738850 0.121354 0.266432
1 0.802604 0.829812 0.141667 0.201878
1 0.215625 0.594484 0.071875 0.181925
1 0.154688 0.820423 0.144792 0.197183
