0 0.046484375 0.8590277777777778 0.08046875 0.2513888888888889
0 0.132421875 0.6236111111111111 0.06015625 0.14166666666666666
0 0.29609375 0.34861111111111115 0.028125 0.075
0 0.3359375 0.28611111111111115 0.0203125 0.05555555555555556
0 0.369140625 0.2513888888888889 0.014843750000000001 0.044444444444444446
0 0.661328125 0.3993055555555556 0.02421875 0.0763888888888889
0 0.7093750000000001 0.3791666666666667 0.029687500000000002 0.08055555555555556
0 0.6042968750000001 0.24027777777777778 0.013281250000000001 0.05
0 0.622265625 0.24861111111111112 0.013281250000000001 0.04166666666666667
3 0.44453125000000004 0.2798611111111111 0.06875 0.12638888888888888
