0 0.1492094861660079 0.8671328671328671 0.04940711462450593 0.16783216783216784
0 0.17490118577075098 0.7482517482517482 0.04150197628458498 0.14685314685314685
0 0.24703557312252963 0.8059440559440559 0.043478260869565216 0.15034965034965034
0 0.23913043478260868 0.9108391608391608 0.05533596837944664 0.15034965034965034
0 0.1867588932806324 0.6013986013986014 0.037549407114624504 0.11888111888111888
0 0.24604743083003952 0.5262237762237763 0.029644268774703556 0.0944055944055944
0 0.13833992094861658 0.513986013986014 0.03162055335968379 0.09090909090909091
0 0.1758893280632411 0.5034965034965035 0.023715415019762844 0.08391608391608392
0 0.6017786561264822 0.5804195804195804 0.04545454545454545 0.1048951048951049
0 0.550395256916996 0.4965034965034965 0.05731225296442687 0.07692307692307693
0 0.6185770750988142 0.4772727272727273 0.02766798418972332 0.08741258741258741
0 0.20553359683794464 0.47027972027972026 0.01976284584980237 0.08041958041958042
0 0.5573122529644269 0.3339160839160839 0.023715415019762844 0.05244755244755245
1 0.3092885375494071 0.5559440559440559 0.08102766798418971 0.13986013986013987
1 0.45454545454545453 0.7045454545454546 0.1067193675889328 0.15734265734265734
1 0.4476284584980237 0.5786713286713286 0.09288537549407114 0.12937062937062938
1 0.5632411067193676 0.8618881118881119 0.14624505928853754 0.2062937062937063
1 0.45158102766798414 0.49125874125874125 0.05731225296442687 0.08741258741258741
1 0.44664031620553357 0.4405594405594406 0.07509881422924901 0.08391608391608392
3 0.36166007905138337 0.4353146853146853 0.06324110671936758 0.15034965034965034
1 0.4160079051383399 0.3811188811188811 0.0533596837944664 0.07692307692307693
4 0.02569169960474308 0.7272727272727273 0.03162055335968379 0.16083916083916083
4 0.5632411067193676 0.38636363636363635 0.015810276679841896 0.06643356643356643
4 0.5810276679841897 0.39335664335664333 0.011857707509881422 0.06643356643356643
