0 0.333125 0.8477777777777777 0.05625 0.15777777777777777
0 0.51875 0.9033333333333333 0.055 0.15333333333333332
0 0.4625 0.68 0.04 0.1288888888888889
0 0.255 0.6933333333333334 0.05 0.13333333333333333
0 0.36312500000000003 0.7255555555555555 0.03625 0.12666666666666668
0 0.383125 0.6333333333333333 0.03375 0.1111111111111111
0 0.421875 0.52 0.02375 0.08
0 0.4675 0.49333333333333335 0.025 0.08
0 0.486875 0.6088888888888889 0.02875 0.08888888888888889
0 0.200625 0.5222222222222223 0.02875 0.08
0 0.344375 0.48333333333333334 0.02375 0.08222222222222222
0 0.535625 0.7822222222222223 0.03625 0.1111111111111111
1 0.706875 0.6455555555555555 0.14875 0.3
1 0.5625 0.5544444444444444 0.0775 0.16666666666666666
1 0.77375 0.5766666666666667 0.14 0.2111111111111111
1 0.603125 0.47555555555555556 0.07875 0.12
1 0.1875 0.41888888888888887 0.065 0.10444444444444445
