1 0.7084980237154149 0.548951048951049 0.2351778656126482 0.23776223776223776
1 0.3942687747035573 0.34440559440559443 0.1600790513833992 0.12237762237762238
1 0.12351778656126482 0.256993006993007 0.12450592885375493 0.11538461538461539
4 0.8517786561264822 0.3479020979020979 0.01976284584980237 0.12937062937062938
0 0.7519762845849802 0.25 0.03359683794466403 0.08741258741258741
0 0.5573122529644269 0.7674825174825175 0.1067193675889328 0.2202797202797203
0 0.6818181818181818 0.9283216783216783 0.11462450592885375 0.12237762237762238
0 0.341897233201581 0.6346153846153846 0.07509881422924901 0.1853146853146853
0 0.2717391304347826 0.46153846153846156 0.061264822134387345 0.13286713286713286
0 0.17292490118577075 0.47377622377622375 0.04940711462450593 0.15034965034965034
0 0.2628458498023715 0.38461538461538464 0.05928853754940711 0.1048951048951049
0 0.0909090909090909 0.3304195804195804 0.043478260869565216 0.0944055944055944
0 0.24505928853754938 0.1555944055944056 0.03162055335968379 0.05944055944055944
