1 0.400625 0.724444 0.036250 0.062222
1 0.694375 0.950000 0.078750 0.100000
1 0.650625 0.817778 0.061250 0.088889
1 0.698125 0.772222 0.048750 0.068889
3 0.613125 0.954444 0.103750 0.091111
2 0.336875 0.753333 0.068750 0.182222
0 0.563750 0.791111 0.015000 0.075556
0 0.515625 0.786667 0.028750 0.071111
0 0.224375 0.812222 0.013750 0.077778
0 0.205625 0.786667 0.013750 0.071111
0 0.112500 0.900000 0.027500 0.097778
0 0.085000 0.962222 0.025000 0.075556
0 0.767500 0.915556 0.020000 0.088889
0 0.731250 0.818889 0.017500 0.068889
0 0.765000 0.843333 0.020000 0.055556
0 0.472500 0.757778 0.017500 0.057778
