0 0.568125 0.776667 0.028750 0.060000
0 0.583750 0.838889 0.025000 0.077778
0 0.601250 0.825556 0.025000 0.077778
0 0.728750 0.880000 0.020000 0.088889
0 0.775000 0.875556 0.017500 0.080000
0 0.826875 0.911111 0.026250 0.088889
0 0.799375 0.955556 0.028750 0.084444
0 0.785000 0.837778 0.017500 0.075556
0 0.751250 0.822222 0.020000 0.071111
0 0.717500 0.822222 0.020000 0.075556
0 0.738750 0.773333 0.020000 0.071111
4 0.391250 0.838889 0.022500 0.082222
4 0.328750 0.841111 0.017500 0.091111
4 0.118125 0.857778 0.021250 0.084444
1 0.159375 0.790000 0.083750 0.082222
1 0.168750 0.718889 0.077500 0.060000
3 0.645000 0.767778 0.057500 0.126667
3 0.606875 0.697778 0.046250 0.088889
3 0.583750 0.658889 0.035000 0.077778
3 0.536875 0.663333 0.036250 0.077778
1 0.688750 0.904444 0.062500 0.102222
0 0.446875 0.725556 0.031250 0.060000
0 0.407500 0.708889 0.025000 0.048889
0 0.317500 0.725556 0.035000 0.046667
0 0.235000 0.728889 0.035000 0.053333
0 0.275625 0.711111 0.026250 0.044444
0 0.372500 0.711111 0.022500 0.044444
