0 0.384375 0.816667 0.028750 0.073333
0 0.081250 0.921111 0.022500 0.104444
0 0.090625 0.793333 0.021250 0.075556
0 0.226250 0.755556 0.042500 0.062222
0 0.789375 0.847778 0.018750 0.077778
0 0.753125 0.790000 0.013750 0.077778
1 0.561875 0.795556 0.056250 0.097778
1 0.585000 0.937778 0.060000 0.124444
1 0.645625 0.844444 0.061250 0.088889
1 0.717500 0.805556 0.057500 0.086667
1 0.628750 0.753333 0.040000 0.066667
1 0.669375 0.717778 0.041250 0.066667
1 0.613125 0.684444 0.038750 0.057778
1 0.468750 0.745556 0.072500 0.064444
3 0.288125 0.674444 0.103750 0.091111
3 0.421250 0.693333 0.090000 0.097778
3 0.739375 0.944444 0.121250 0.111111
