0 0.739375 0.927778 0.021250 0.100000
0 0.786250 0.953333 0.022500 0.093333
0 0.765000 0.892222 0.022500 0.091111
0 0.790000 0.888889 0.020000 0.080000
0 0.745000 0.825556 0.035000 0.082222
0 0.553125 0.842222 0.021250 0.080000
0 0.727500 0.738889 0.012500 0.046667
0 0.710000 0.775556 0.015000 0.062222
0 0.796250 0.851111 0.022500 0.066667
2 0.654375 0.733333 0.038750 0.071111
2 0.621250 0.687778 0.032500 0.077778
1 0.669375 0.834444 0.056250 0.091111
1 0.685625 0.951111 0.086250 0.097778
1 0.579375 0.677778 0.031250 0.053333
0 0.586250 0.716667 0.020000 0.055556
0 0.490000 0.770000 0.022500 0.055556
0 0.430000 0.740000 0.035000 0.053333
0 0.370000 0.736667 0.037500 0.051111
0 0.300000 0.750000 0.035000 0.060000
0 0.266875 0.833333 0.031250 0.093333
0 0.203750 0.941111 0.035000 0.104444
0 0.092500 0.891111 0.022500 0.106667
0 0.240625 0.742222 0.038750 0.066667
0 0.139375 0.753333 0.036250 0.044444
1 0.299375 0.717778 0.086250 0.062222
1 0.407500 0.677778 0.062500 0.044444
1 0.923750 0.958889 0.152500 0.082222
1 0.564375 0.804444 0.066250 0.080000
1 0.111250 0.722222 0.097500 0.071111
