0 0.18375 0.64 0.0375 0.16444444444444445
0 0.055 0.5955555555555555 0.035 0.1288888888888889
0 0.21375 0.44222222222222224 0.0175 0.09777777777777778
0 0.180625 0.42777777777777776 0.02375 0.09111111111111111
0 0.39437500000000003 0.5177777777777778 0.02875 0.12444444444444444
0 0.43062500000000004 0.5555555555555556 0.03125 0.13333333333333333
0 0.51625 0.6255555555555555 0.0325 0.16666666666666666
0 0.5856250000000001 0.8288888888888889 0.058750000000000004 0.23555555555555555
0 0.793125 0.8644444444444445 0.07375 0.26666666666666666
0 0.6325000000000001 0.6666666666666666 0.045 0.17777777777777778
0 0.713125 0.5455555555555556 0.03625 0.13555555555555557
0 0.5493750000000001 0.45444444444444443 0.02875 0.10888888888888888
0 0.505 0.4311111111111111 0.0225 0.09777777777777778
0 0.33875 0.8544444444444445 0.185 0.2866666666666667
1 0.851875 0.6944444444444444 0.19375 0.24666666666666667
1 0.63625 0.5355555555555556 0.11750000000000001 0.18666666666666668
