0 0.194271 0.671948 0.038542 0.118545
0 0.170313 0.798709 0.050000 0.142019
0 0.940365 0.524648 0.024479 0.119718
0 0.975781 0.477700 0.032813 0.117371
1 0.688542 0.332160 0.058333 0.117371
1 0.826823 0.527582 0.071354 0.127934
1 0.661979 0.474765 0.067708 0.118545
1 0.651042 0.680164 0.137500 0.207746
1 0.596094 0.370305 0.067187 0.085681
1 0.628125 0.309272 0.057292 0.064554
1 0.677083 0.238850 0.056250 0.057512
1 0.279687 0.826291 0.166667 0.145540
1 0.882031 0.376761 0.066146 0.100939
1 0.819531 0.356221 0.070312 0.088028
3 0.470573 0.669014 0.153646 0.298122
3 0.816667 0.271714 0.054167 0.111502
