0 0.411250 0.790000 0.037500 0.068889
0 0.806250 0.947778 0.022500 0.095556
0 0.706875 0.896667 0.046250 0.104444
0 0.768125 0.907778 0.023750 0.095556
0 0.901250 0.967778 0.047500 0.064444
0 0.804375 0.895556 0.018750 0.075556
0 0.766875 0.840000 0.018750 0.075556
0 0.645625 0.830000 0.038750 0.091111
0 0.690000 0.793333 0.020000 0.066667
0 0.768125 0.807778 0.021250 0.077778
0 0.736250 0.783333 0.020000 0.073333
1 0.678125 0.958889 0.086250 0.082222
1 0.568125 0.842222 0.053750 0.111111
1 0.645000 0.785556 0.045000 0.073333
3 0.620625 0.713333 0.041250 0.097778
3 0.589375 0.662222 0.033750 0.080000
3 0.138750 0.694444 0.120000 0.091111
1 0.343750 0.696667 0.062500 0.051111
1 0.158125 0.907778 0.076250 0.126667
0 0.403125 0.720000 0.031250 0.053333
0 0.355000 0.720000 0.030000 0.048889
0 0.295000 0.725556 0.030000 0.055556
0 0.245000 0.724444 0.030000 0.048889
0 0.170000 0.733333 0.040000 0.057778
0 0.118750 0.756667 0.035000 0.051111
4 0.869375 0.785556 0.016250 0.073333
