1 0.351250 0.945556 0.072500 0.108889
1 0.686250 0.791111 0.060000 0.097778
1 0.646875 0.750000 0.033750 0.060000
1 0.333125 0.748889 0.046250 0.062222
3 0.400000 0.791111 0.057500 0.137778
3 0.576875 0.696667 0.033750 0.077778
3 0.113750 0.961111 0.142500 0.077778
0 0.628750 0.795556 0.020000 0.080000
0 0.811875 0.950000 0.021250 0.082222
0 0.750625 0.877778 0.018750 0.075556
0 0.804375 0.874444 0.018750 0.077778
0 0.843750 0.922222 0.022500 0.097778
0 0.765000 0.851111 0.020000 0.084444
0 0.728750 0.787778 0.017500 0.064444
0 0.520000 0.793333 0.022500 0.066667
0 0.590625 0.756667 0.018750 0.068889
0 0.299375 0.890000 0.021250 0.108889
0 0.264375 0.850000 0.016250 0.086667
0 0.206875 0.934444 0.028750 0.113333
0 0.178750 0.883333 0.022500 0.077778
0 0.150000 0.852222 0.017500 0.091111
0 0.085625 0.898889 0.021250 0.086667
0 0.241875 0.762222 0.016250 0.071111
0 0.278125 0.731111 0.016250 0.066667
