0 0.31289062500000003 0.3861111111111111 0.02421875 0.08888888888888889
0 0.26015625000000003 0.4027777777777778 0.028125 0.09722222222222222
0 0.39296875000000003 0.25 0.018750000000000003 0.05
0 0.358984375 0.26458333333333334 0.01171875 0.04583333333333334
0 0.345703125 0.24722222222222223 0.013281250000000001 0.03888888888888889
0 0.8035156250000001 0.3416666666666667 0.025781250000000002 0.05555555555555556
3 0.601171875 0.4430555555555556 0.09296875 0.19166666666666668
3 0.532421875 0.3076388888888889 0.08203125 0.13194444444444445
3 0.46132812500000003 0.16805555555555557 0.032031250000000004 0.061111111111111116
2 0.43359375 0.33819444444444446 0.0484375 0.11527777777777778
