3 0.245833 0.355989 0.052083 0.094106
0 0.294792 0.869297 0.072917 0.135932
0 0.341667 0.777091 0.052083 0.143536
0 0.267448 0.763308 0.059896 0.125475
0 0.036979 0.749049 0.072917 0.114068
0 0.065104 0.635456 0.076042 0.090304
0 0.142708 0.602662 0.055208 0.085551
0 0.217708 0.605513 0.063542 0.077947
0 0.286719 0.576996 0.069271 0.091255
0 0.602604 0.459601 0.039583 0.069392
0 0.057031 0.486692 0.022396 0.074144
3 0.450521 0.311312 0.042708 0.078897
3 0.563021 0.713403 0.410417 0.461027
3 0.395573 0.295152 0.061979 0.135932
1 0.601562 0.421578 0.062500 0.050380
2 0.328646 0.319867 0.046875 0.076996
