4 0.593750 0.863333 0.015000 0.100000
4 0.861250 0.822222 0.015000 0.071111
0 0.813750 0.957778 0.025000 0.084444
0 0.753125 0.931111 0.021250 0.097778
4 0.797500 0.851111 0.020000 0.080000
0 0.730000 0.842222 0.017500 0.084444
0 0.779375 0.872222 0.018750 0.095556
0 0.543125 0.827778 0.016250 0.082222
0 0.384375 0.836667 0.016250 0.082222
0 0.366250 0.813333 0.022500 0.084444
0 0.073750 0.913333 0.030000 0.097778
0 0.056875 0.965556 0.026250 0.068889
0 0.174375 0.791111 0.016250 0.071111
1 0.292500 0.938889 0.095000 0.122222
1 0.683125 0.915556 0.071250 0.106667
3 0.620625 0.737778 0.048750 0.133333
0 0.671250 0.743333 0.015000 0.055556
1 0.423750 0.778889 0.042500 0.077778
2 0.346875 0.715556 0.078750 0.191111
1 0.265000 0.730000 0.087500 0.073333
0 0.198750 0.738889 0.022500 0.051111
0 0.419375 0.697778 0.013750 0.053333
0 0.542500 0.701111 0.020000 0.042222
3 0.291875 0.647778 0.083750 0.126667
