0 0.705625 0.840000 0.016250 0.080000
0 0.751875 0.960000 0.023750 0.075556
0 0.793750 0.940000 0.022500 0.093333
0 0.847500 0.958889 0.025000 0.082222
0 0.828750 0.856667 0.020000 0.082222
0 0.811250 0.884444 0.022500 0.084444
0 0.781250 0.860000 0.017500 0.080000
0 0.725625 0.796667 0.016250 0.068889
0 0.761250 0.802222 0.017500 0.066667
0 0.590625 0.762222 0.018750 0.062222
0 0.551875 0.791111 0.016250 0.071111
1 0.634375 0.733333 0.036250 0.062222
1 0.538750 0.686667 0.032500 0.066667
1 0.293125 0.854444 0.071250 0.131111
1 0.379375 0.734444 0.033750 0.086667
1 0.386875 0.867778 0.056250 0.113333
3 0.340625 0.915556 0.103750 0.168889
3 0.420625 0.756667 0.056250 0.122222
3 0.148750 0.937778 0.085000 0.124444
0 0.213125 0.953333 0.031250 0.093333
0 0.225000 0.813333 0.020000 0.075556
0 0.137500 0.833333 0.020000 0.080000
0 0.119375 0.880000 0.021250 0.097778
0 0.020625 0.954444 0.028750 0.086667
0 0.508750 0.787778 0.025000 0.064444
0 0.321875 0.773333 0.018750 0.053333
0 0.293125 0.765556 0.016250 0.064444
