3 0.465104 0.383080 0.073958 0.136882
3 0.289844 0.361217 0.064062 0.112167
3 0.429167 0.326521 0.053125 0.103612
3 0.335417 0.481464 0.140625 0.364068
3 0.592969 0.338403 0.077604 0.163498
3 0.688542 0.632129 0.161458 0.340304
0 0.971094 0.594582 0.043229 0.113118
0 0.882812 0.488593 0.031250 0.070342
0 0.959896 0.487167 0.030208 0.078897
0 0.746354 0.365494 0.023958 0.057985
0 0.722656 0.327947 0.017188 0.053232
0 0.134896 0.521388 0.028125 0.094106
0 0.069531 0.560361 0.034896 0.094106
0 0.052604 0.497624 0.025000 0.080798
1 0.757812 0.417300 0.078125 0.087452
