0 0.128750 0.920000 0.025000 0.111111
0 0.110000 0.878889 0.027500 0.100000
0 0.085625 0.970000 0.033750 0.060000
0 0.344375 0.868889 0.026250 0.080000
0 0.457500 0.775556 0.040000 0.057778
0 0.765625 0.905556 0.021250 0.095556
0 0.861250 0.918889 0.032500 0.100000
0 0.736875 0.818889 0.021250 0.077778
0 0.706875 0.825556 0.018750 0.064444
0 0.896250 0.971111 0.027500 0.057778
4 0.786250 0.855556 0.017500 0.080000
3 0.630625 0.765556 0.056250 0.131111
3 0.443125 0.685556 0.041250 0.104444
1 0.348750 0.941111 0.082500 0.117778
1 0.296250 0.851111 0.077500 0.137778
1 0.401250 0.760000 0.052500 0.097778
1 0.548125 0.678889 0.031250 0.060000
1 0.594375 0.688889 0.031250 0.048889
1 0.231250 0.958889 0.102500 0.082222
2 0.255625 0.755556 0.156250 0.231111
3 0.383750 0.712222 0.047500 0.095556
