1 0.638125 0.761111 0.046250 0.073333
1 0.721875 0.840000 0.061250 0.097778
1 0.622500 0.706667 0.030000 0.057778
3 0.577500 0.738889 0.052500 0.122222
3 0.428750 0.648889 0.085000 0.080000
1 0.416250 0.690000 0.067500 0.042222
1 0.289375 0.706667 0.078750 0.057778
1 0.171875 0.710000 0.083750 0.060000
0 0.272500 0.717778 0.030000 0.053333
0 0.102500 0.718889 0.025000 0.051111
0 0.372500 0.735556 0.030000 0.053333
0 0.521250 0.800000 0.020000 0.071111
0 0.555625 0.846667 0.018750 0.084444
0 0.811250 0.910000 0.022500 0.082222
0 0.758125 0.755556 0.016250 0.057778
0 0.716250 0.738889 0.017500 0.060000
0 0.670625 0.730000 0.021250 0.060000
4 0.965000 0.898889 0.020000 0.091111
4 0.516875 0.832222 0.011250 0.100000
0 0.695625 0.721111 0.013750 0.060000
4 0.498125 0.833333 0.018750 0.080000
