0 0.210156 0.703052 0.035937 0.098592
0 0.722396 0.401995 0.018750 0.083333
0 0.729167 0.284038 0.016667 0.056338
0 0.837760 0.542840 0.022396 0.113850
0 0.894792 0.693075 0.028125 0.111502
0 0.875781 0.501761 0.014063 0.069249
0 0.944010 0.536972 0.020313 0.092723
0 0.921354 0.453052 0.019792 0.089202
0 0.892969 0.470070 0.022396 0.055164
0 0.848698 0.404930 0.019271 0.070423
0 0.883333 0.382042 0.029167 0.078638
0 0.862500 0.322183 0.015625 0.062207
0 0.824219 0.267606 0.014063 0.032864
0 0.774479 0.209507 0.018750 0.041080
0 0.755469 0.191901 0.009896 0.031690
0 0.881510 0.261737 0.015104 0.053991
0 0.894010 0.316901 0.017188 0.051643
1 0.819010 0.367371 0.054688 0.110329
1 0.780990 0.449531 0.050521 0.103286
2 0.619531 0.363850 0.129688 0.237089
3 0.733073 0.705399 0.172396 0.427230
3 0.848698 0.142606 0.043229 0.071596
3 0.814323 0.125587 0.044271 0.056338
