0 0.288281 0.588028 0.022396 0.119718
0 0.184115 0.614437 0.035937 0.092723
0 0.187500 0.514671 0.023958 0.073944
0 0.200521 0.447770 0.025000 0.064554
0 0.242969 0.441901 0.026562 0.050469
0 0.263802 0.520540 0.023438 0.066901
0 0.129948 0.488850 0.026562 0.083333
0 0.462760 0.703638 0.033854 0.134977
0 0.520312 0.526408 0.027083 0.111502
0 0.502604 0.446596 0.013542 0.069249
0 0.662500 0.478286 0.011458 0.080986
0 0.705208 0.532864 0.036458 0.100939
0 0.931250 0.466549 0.018750 0.090376
0 0.972135 0.486502 0.020313 0.088028
0 0.932813 0.382042 0.016667 0.066901
0 0.750000 0.303404 0.016667 0.052817
0 0.727865 0.347418 0.016146 0.061033
0 0.691667 0.397887 0.017708 0.061033
1 0.589844 0.389085 0.061979 0.095070
1 0.608333 0.316901 0.040625 0.072770
1 0.738021 0.459507 0.051042 0.104460
1 0.879427 0.518779 0.051562 0.115023
1 0.869792 0.377934 0.062500 0.091549
1 0.763802 0.386737 0.050521 0.095070
1 0.796615 0.318662 0.035937 0.099765
1 0.810417 0.252934 0.033333 0.055164
3 0.608854 0.565141 0.100000 0.261737
1 0.799479 0.674883 0.097917 0.260563
1 0.924479 0.731808 0.113542 0.257042
3 0.872135 0.259977 0.051562 0.109155
3 0.684635 0.334507 0.056771 0.124413
2 0.766146 0.211268 0.054167 0.091549
