1 0.31375000000000003 0.7411111111111112 0.17 0.32666666666666666
0 0.18125 0.7711111111111111 0.0575 0.23555555555555555
0 0.5125 0.7433333333333333 0.0425 0.2111111111111111
0 0.558125 0.6911111111111111 0.04625 0.18666666666666668
0 0.646875 0.7577777777777778 0.04875 0.21777777777777776
0 0.713125 0.6944444444444444 0.05625 0.18
0 0.76875 0.7822222222222223 0.0675 0.2222222222222222
0 0.740625 0.5911111111111111 0.04625 0.15555555555555556
0 0.646875 0.5477777777777778 0.03875 0.14
0 0.61375 0.6422222222222222 0.0425 0.17333333333333334
0 0.591875 0.49777777777777776 0.02875 0.10666666666666666
0 0.535625 0.5611111111111111 0.02875 0.14444444444444443
0 0.45437500000000003 0.5111111111111111 0.02375 0.12444444444444444
0 0.409375 0.5066666666666667 0.02875 0.1288888888888889
0 0.3625 0.5133333333333333 0.0275 0.1288888888888889
