0 0.556250 0.898889 0.020000 0.091111
0 0.540000 0.828889 0.015000 0.080000
0 0.790000 0.800000 0.020000 0.071111
0 0.730625 0.770000 0.021250 0.060000
0 0.699375 0.737778 0.013750 0.062222
0 0.670625 0.728889 0.036250 0.048889
0 0.170000 0.938889 0.030000 0.108889
0 0.340625 0.718889 0.031250 0.060000
0 0.437500 0.748889 0.032500 0.062222
0 0.475625 0.730000 0.026250 0.051111
0 0.123125 0.725556 0.026250 0.042222
1 0.261875 0.715556 0.083750 0.053333
1 0.393125 0.695556 0.066250 0.048889
1 0.116250 0.708889 0.085000 0.071111
1 0.624375 0.727778 0.041250 0.068889
1 0.740000 0.890000 0.075000 0.108889
1 0.634375 0.687778 0.028750 0.046667
3 0.581250 0.760000 0.055000 0.137778
3 0.411250 0.657778 0.087500 0.066667
4 0.951250 0.882222 0.015000 0.093333
4 0.515000 0.830000 0.010000 0.073333
1 0.652500 0.797778 0.052500 0.088889
4 0.497500 0.830000 0.015000 0.073333
