3 0.359375 0.668889 0.086250 0.071111
3 0.787500 0.918889 0.105000 0.162222
2 0.573125 0.918889 0.071250 0.162222
2 0.718125 0.745556 0.106250 0.206667
1 0.671250 0.858889 0.060000 0.100000
1 0.588125 0.778889 0.068750 0.068889
1 0.563750 0.816667 0.042500 0.042222
1 0.485000 0.765556 0.095000 0.082222
4 0.505625 0.841111 0.018750 0.077778
1 0.307500 0.854444 0.075000 0.104444
1 0.260625 0.707778 0.083750 0.060000
1 0.623750 0.760000 0.040000 0.066667
1 0.637500 0.712222 0.037500 0.060000
0 0.655000 0.780000 0.017500 0.071111
0 0.663125 0.958889 0.028750 0.082222
0 0.858750 0.955556 0.022500 0.080000
0 0.351875 0.733333 0.038750 0.053333
0 0.431250 0.690000 0.020000 0.051111
0 0.213750 0.738889 0.035000 0.055556
0 0.166250 0.731111 0.027500 0.057778
1 0.464375 0.676667 0.041250 0.051111
