0 0.247396 0.605634 0.042708 0.091549
0 0.529427 0.745305 0.039062 0.140845
0 0.568490 0.497066 0.024479 0.088028
0 0.688802 0.355047 0.021354 0.085681
0 0.644531 0.323944 0.020313 0.070423
0 0.912760 0.599765 0.028646 0.122066
0 0.935937 0.743545 0.037500 0.144366
0 0.971615 0.649061 0.033854 0.115023
0 0.909635 0.490610 0.019271 0.105634
0 0.963802 0.508803 0.032813 0.116197
0 0.885417 0.413732 0.035417 0.102113
0 0.848698 0.397887 0.023438 0.089202
2 0.366927 0.522887 0.142187 0.315728
1 0.162760 0.823944 0.138021 0.180751
1 0.759896 0.463615 0.065625 0.152582
1 0.821354 0.610329 0.104167 0.201878
1 0.801302 0.322183 0.044271 0.099765
3 0.642708 0.519953 0.064583 0.173709
3 0.164844 0.500000 0.108854 0.192488
