0 0.401875 0.84 0.051250000000000004 0.24444444444444444
0 0.231875 0.7311111111111112 0.05375 0.20444444444444446
0 0.316875 0.6755555555555556 0.04625 0.18222222222222223
0 0.48125 0.7222222222222222 0.0475 0.20444444444444446
0 0.534375 0.6777777777777778 0.04125 0.18222222222222223
0 0.80375 0.7633333333333333 0.07 0.2111111111111111
0 0.7475 0.6555555555555556 0.0525 0.17777777777777778
0 0.754375 0.5588888888888889 0.043750000000000004 0.11777777777777777
0 0.704375 0.58 0.043750000000000004 0.15555555555555556
0 0.66 0.6422222222222222 0.045 0.1688888888888889
0 0.72375 0.8533333333333333 0.0675 0.20444444444444446
0 0.620625 0.7555555555555555 0.05375 0.17333333333333334
0 0.605 0.5433333333333333 0.0375 0.12666666666666668
0 0.65625 0.52 0.0375 0.11555555555555555
0 0.55125 0.5366666666666666 0.0325 0.12222222222222222
0 0.45437500000000003 0.5844444444444444 0.02875 0.14666666666666667
0 0.393125 0.5088888888888888 0.02625 0.12444444444444444
0 0.356875 0.4722222222222222 0.02125 0.10444444444444445
0 0.20875 0.43222222222222223 0.0225 0.09111111111111111
0 0.480625 0.5288888888888889 0.02375 0.1288888888888889
0 0.496875 0.5055555555555555 0.02125 0.11333333333333333
0 0.43125 0.49333333333333335 0.025 0.1111111111111111
0 0.51125 0.47 0.0225 0.10444444444444445
0 0.540625 0.43333333333333335 0.01875 0.08444444444444445
1 0.61 0.43555555555555553 0.0925 0.1288888888888889
