1 0.317500 0.946667 0.077500 0.106667
1 0.386250 0.858889 0.067500 0.140000
1 0.299375 0.796667 0.061250 0.108889
1 0.332500 0.725556 0.047500 0.068889
3 0.409375 0.738889 0.058750 0.148889
3 0.731250 0.946667 0.127500 0.106667
3 0.555000 0.698889 0.032500 0.064444
4 0.605000 0.851111 0.015000 0.084444
0 0.582500 0.910000 0.022500 0.100000
0 0.925000 0.935556 0.037500 0.106667
0 0.825625 0.893333 0.026250 0.088889
0 0.838750 0.823333 0.020000 0.086667
0 0.790000 0.905556 0.020000 0.082222
0 0.786875 0.826667 0.016250 0.071111
0 0.751875 0.798889 0.023750 0.068889
0 0.714375 0.794444 0.023750 0.068889
0 0.551875 0.844444 0.016250 0.084444
0 0.527500 0.798889 0.020000 0.068889
0 0.457500 0.778889 0.035000 0.060000
0 0.316250 0.843333 0.020000 0.086667
0 0.235000 0.907778 0.030000 0.108889
0 0.213125 0.877778 0.021250 0.084444
0 0.086250 0.923333 0.030000 0.113333
0 0.115625 0.954444 0.028750 0.091111
0 0.140000 0.835556 0.022500 0.088889
0 0.194375 0.843333 0.018750 0.077778
0 0.258125 0.788889 0.016250 0.080000
