0 0.08102766798418971 0.8304195804195804 0.035573122529644265 0.17132867132867133
0 0.05039525691699604 0.7622377622377622 0.029644268774703556 0.14685314685314685
0 0.08201581027667984 0.7185314685314685 0.03359683794466403 0.10139860139860139
0 0.11363636363636363 0.8916083916083916 0.037549407114624504 0.16783216783216784
0 0.15118577075098813 0.8146853146853147 0.04150197628458498 0.16783216783216784
0 0.13241106719367587 0.736013986013986 0.03952569169960474 0.11538461538461539
0 0.18774703557312253 0.6276223776223776 0.03952569169960474 0.12937062937062938
0 0.10276679841897232 0.6346153846153846 0.023715415019762844 0.11538461538461539
0 0.07608695652173912 0.6468531468531469 0.02569169960474308 0.06993006993006994
0 0.11857707509881422 0.5926573426573427 0.02766798418972332 0.11538461538461539
0 0.16798418972332016 0.5034965034965035 0.02766798418972332 0.0979020979020979
0 0.19169960474308298 0.541958041958042 0.03162055335968379 0.1048951048951049
0 0.5681818181818181 0.46153846153846156 0.021739130434782608 0.0979020979020979
0 0.5849802371541502 0.5262237762237763 0.03162055335968379 0.07342657342657342
0 0.6996047430830039 0.9073426573426573 0.05138339920948616 0.15734265734265734
4 0.7203557312252964 0.5926573426573427 0.02569169960474308 0.11538461538461539
1 0.21442687747035571 0.8863636363636364 0.1126482213438735 0.1993006993006993
4 0.23320158102766797 0.7552447552447552 0.07509881422924901 0.13286713286713286
0 0.2351778656126482 0.6538461538461539 0.03162055335968379 0.08391608391608392
1 0.32707509881422925 0.6923076923076923 0.09683794466403162 0.1958041958041958
1 0.3942687747035573 0.8479020979020979 0.12055335968379446 0.17832167832167833
1 0.4911067193675889 0.777972027972028 0.10869565217391304 0.1853146853146853
1 0.6027667984189723 0.8811188811188811 0.16205533596837943 0.21678321678321677
1 0.26482213438735175 0.4493006993006993 0.04743083003952569 0.08741258741258741
1 0.38142292490118573 0.5209790209790209 0.07114624505928853 0.11888111888111888
1 0.44367588932806323 0.6625874125874126 0.09288537549407114 0.13636363636363635
1 0.45750988142292487 0.5804195804195804 0.06916996047430829 0.1258741258741259
1 0.42391304347826086 0.458041958041958 0.0533596837944664 0.11188811188811189
1 0.18873517786561264 0.4125874125874126 0.04545454545454545 0.07692307692307693
2 0.2994071146245059 0.5437062937062938 0.08893280632411067 0.16433566433566432
1 0.5701581027667983 0.6328671328671329 0.06521739130434782 0.14685314685314685
2 0.6798418972332015 0.736013986013986 0.16205533596837943 0.3111888111888112
1 0.49407114624505927 0.3513986013986014 0.09486166007905138 0.07342657342657342
1 0.625494071146245 0.3304195804195804 0.05731225296442687 0.05944055944055944
