0 0.816875 0.952222 0.026250 0.091111
0 0.760000 0.911111 0.020000 0.084444
0 0.798750 0.882222 0.020000 0.093333
0 0.713750 0.861111 0.017500 0.095556
0 0.541250 0.757778 0.012500 0.066667
0 0.509375 0.786667 0.033750 0.071111
0 0.294375 0.837778 0.016250 0.075556
0 0.165000 0.881111 0.025000 0.095556
0 0.263125 0.820000 0.016250 0.071111
0 0.250000 0.780000 0.015000 0.071111
0 0.204375 0.800000 0.013750 0.062222
0 0.040000 0.918889 0.030000 0.108889
0 0.071250 0.930000 0.032500 0.100000
1 0.240625 0.937778 0.098750 0.124444
1 0.363750 0.758889 0.042500 0.100000
1 0.366250 0.928889 0.072500 0.137778
3 0.409375 0.782222 0.053750 0.151111
3 0.435000 0.700000 0.040000 0.106667
1 0.620625 0.698889 0.028750 0.051111
0 0.675625 0.765556 0.016250 0.068889
0 0.698750 0.765556 0.015000 0.064444
0 0.780000 0.825556 0.020000 0.064444
0 0.756250 0.858889 0.022500 0.077778
0 0.753750 0.798889 0.017500 0.060000
0 0.718125 0.750000 0.016250 0.060000
0 0.786875 0.797778 0.018750 0.071111
4 0.063750 0.844444 0.012500 0.084444
