1 0.120625 0.863333 0.143750 0.224444
1 0.263125 0.710000 0.101250 0.148889
1 0.331875 0.853333 0.111250 0.226667
0 0.263125 0.597778 0.041250 0.102222
4 0.315625 0.600000 0.028750 0.088889
0 0.362500 0.570000 0.050000 0.086667
0 0.412500 0.626667 0.042500 0.106667
1 0.609375 0.806667 0.103750 0.208889
0 0.740000 0.943333 0.065000 0.113333
0 0.775000 0.821111 0.042500 0.135556
0 0.877500 0.893333 0.055000 0.137778
0 0.893125 0.821111 0.053750 0.140000
0 0.963125 0.762222 0.071250 0.120000
0 0.877500 0.754444 0.040000 0.095556
0 0.833750 0.730000 0.040000 0.108889
0 0.910625 0.702222 0.041250 0.097778
0 0.795000 0.697778 0.035000 0.102222
0 0.700625 0.690000 0.038750 0.113333
0 0.738750 0.681111 0.035000 0.100000
0 0.635625 0.650000 0.028750 0.100000
0 0.593750 0.626667 0.035000 0.097778
0 0.546875 0.610000 0.033750 0.091111
0 0.548125 0.572222 0.036250 0.073333
0 0.521250 0.560000 0.037500 0.080000
0 0.573750 0.540000 0.032500 0.071111
0 0.682500 0.596667 0.027500 0.086667
0 0.715000 0.587778 0.030000 0.077778
0 0.746250 0.593333 0.025000 0.080000
0 0.778125 0.593333 0.028750 0.080000
0 0.774375 0.640000 0.026250 0.080000
0 0.808750 0.614444 0.040000 0.095556
0 0.828125 0.670000 0.028750 0.086667
3 0.628125 0.506667 0.073750 0.142222
0 0.569375 0.491111 0.028750 0.057778
0 0.443125 0.510000 0.033750 0.077778
0 0.373750 0.504444 0.037500 0.053333
