0 0.655000 0.942222 0.020000 0.102222
0 0.718750 0.923333 0.025000 0.100000
0 0.788750 0.948889 0.022500 0.084444
0 0.831875 0.958889 0.023750 0.077778
0 0.869375 0.941111 0.021250 0.095556
0 0.832500 0.852222 0.015000 0.077778
0 0.732500 0.786667 0.017500 0.057778
0 0.574375 0.777778 0.013750 0.066667
0 0.308750 0.771111 0.017500 0.066667
0 0.274375 0.785556 0.016250 0.068889
4 0.214375 0.840000 0.061250 0.106667
0 0.094375 0.933333 0.031250 0.102222
0 0.180000 0.805556 0.020000 0.082222
0 0.237500 0.774444 0.022500 0.060000
0 0.601250 0.742222 0.010000 0.057778
3 0.649375 0.796667 0.058750 0.140000
3 0.508125 0.738889 0.076250 0.113333
3 0.566875 0.673333 0.048750 0.088889
3 0.602500 0.665556 0.037500 0.091111
1 0.694375 0.743333 0.038750 0.060000
1 0.736875 0.872222 0.066250 0.104444
0 0.792500 0.880000 0.017500 0.075556
1 0.347500 0.857778 0.065000 0.133333
1 0.338125 0.695556 0.036250 0.066667
1 0.398750 0.671111 0.030000 0.053333
