1 0.131250 0.736667 0.095000 0.073333
1 0.361250 0.686667 0.080000 0.053333
1 0.602500 0.695556 0.027500 0.053333
3 0.661250 0.700000 0.035000 0.080000
2 0.647500 0.625556 0.052500 0.104444
1 0.655000 0.818889 0.065000 0.100000
1 0.628750 0.747778 0.037500 0.060000
1 0.725000 0.957778 0.092500 0.084444
1 0.854375 0.946667 0.108750 0.106667
2 0.492500 0.745556 0.077500 0.086667
4 0.508750 0.848889 0.015000 0.088889
0 0.401875 0.766667 0.036250 0.075556
0 0.763750 0.906667 0.022500 0.088889
0 0.733125 0.846667 0.018750 0.080000
0 0.817500 0.868889 0.020000 0.066667
0 0.895625 0.886667 0.018750 0.066667
0 0.120000 0.794444 0.020000 0.068889
0 0.228125 0.732222 0.036250 0.060000
1 0.324375 0.724444 0.056250 0.053333
0 0.303750 0.734444 0.032500 0.055556
0 0.421250 0.723333 0.025000 0.055556
0 0.569375 0.696667 0.016250 0.051111
1 0.728750 0.768889 0.040000 0.066667
