0 0.558750 0.706667 0.040000 0.115556
0 0.674375 0.800000 0.036250 0.124444
0 0.795625 0.895556 0.041250 0.137778
0 0.723125 0.790000 0.033750 0.144444
0 0.793750 0.791111 0.030000 0.120000
0 0.752500 0.741111 0.037500 0.122222
0 0.853750 0.826667 0.050000 0.151111
0 0.918750 0.875556 0.050000 0.151111
0 0.885625 0.790000 0.041250 0.144444
0 0.826875 0.680000 0.033750 0.115556
0 0.675000 0.684444 0.032500 0.102222
0 0.706875 0.687778 0.041250 0.108889
0 0.651875 0.643333 0.033750 0.091111
0 0.811875 0.637778 0.028750 0.084444
0 0.765000 0.645556 0.032500 0.100000
0 0.700000 0.623333 0.032500 0.082222
1 0.580000 0.560000 0.067500 0.097778
1 0.615625 0.515556 0.051250 0.075556
0 0.695000 0.565556 0.025000 0.077778
0 0.675625 0.584444 0.023750 0.075556
