0 0.165000 0.801111 0.017500 0.073333
0 0.216250 0.777778 0.015000 0.071111
0 0.663750 0.815556 0.015000 0.071111
0 0.779375 0.848889 0.021250 0.084444
4 0.736250 0.856667 0.015000 0.091111
1 0.720625 0.968889 0.096250 0.062222
1 0.761875 0.813333 0.061250 0.075556
1 0.521875 0.708889 0.036250 0.062222
1 0.573125 0.731111 0.031250 0.053333
3 0.563125 0.674444 0.033750 0.073333
3 0.582500 0.864444 0.077500 0.200000
1 0.681875 0.774444 0.053750 0.073333
1 0.661875 0.701111 0.031250 0.051111
0 0.323750 0.746667 0.010000 0.057778
1 0.094375 0.698889 0.056250 0.055556
