3 0.435000 0.710000 0.092500 0.100000
1 0.633750 0.788889 0.052500 0.088889
1 0.276875 0.948889 0.088750 0.102222
1 0.343750 0.798889 0.047500 0.091111
1 0.726875 0.961111 0.088750 0.073333
1 0.649375 0.718889 0.033750 0.051111
1 0.601875 0.706667 0.036250 0.066667
0 0.732500 0.828889 0.015000 0.088889
0 0.753125 0.825556 0.016250 0.073333
0 0.720625 0.758889 0.011250 0.068889
0 0.565625 0.851111 0.016250 0.084444
0 0.264375 0.801111 0.016250 0.082222
0 0.219375 0.818889 0.021250 0.091111
0 0.123750 0.928889 0.032500 0.111111
0 0.325625 0.700000 0.026250 0.048889
0 0.356250 0.687778 0.022500 0.051111
3 0.559375 0.646667 0.026250 0.066667
