3 0.609375 0.750000 0.061250 0.117778
3 0.446875 0.676667 0.033750 0.086667
1 0.679375 0.894444 0.078750 0.131111
1 0.333750 0.778889 0.057500 0.095556
1 0.363125 0.907778 0.088750 0.148889
0 0.821875 0.952222 0.031250 0.095556
0 0.831875 0.864444 0.018750 0.084444
0 0.886875 0.961111 0.043750 0.077778
0 0.753750 0.861111 0.022500 0.086667
0 0.687500 0.787778 0.032500 0.064444
0 0.738750 0.790000 0.020000 0.064444
0 0.597500 0.914444 0.035000 0.091111
0 0.586875 0.835556 0.018750 0.084444
0 0.546250 0.807778 0.020000 0.077778
0 0.390000 0.746667 0.015000 0.057778
0 0.253125 0.755556 0.018750 0.071111
0 0.180000 0.846667 0.025000 0.088889
0 0.126875 0.738889 0.021250 0.060000
1 0.633750 0.688889 0.032500 0.062222
