0 0.736719 0.558099 0.063021 0.059859
0 0.886458 0.492371 0.035417 0.097418
0 0.940625 0.590376 0.027083 0.089202
0 0.755990 0.339202 0.018229 0.046948
1 0.771875 0.720070 0.096875 0.245305
1 0.675260 0.349178 0.063021 0.102113
1 0.788542 0.417840 0.080208 0.136150
1 0.631510 0.525235 0.097396 0.160798
1 0.900260 0.728873 0.104688 0.237089
1 0.782813 0.430164 0.077083 0.125587
1 0.802344 0.331573 0.059896 0.088028
1 0.752344 0.266432 0.054688 0.070423
1 0.716667 0.190141 0.058333 0.072770
3 0.825521 0.235915 0.067708 0.105634
