0 0.231250 0.766667 0.017500 0.071111
0 0.191250 0.710000 0.032500 0.046667
0 0.151875 0.832222 0.026250 0.064444
0 0.053750 0.968889 0.027500 0.057778
0 0.543125 0.801111 0.023750 0.077778
0 0.606875 0.810000 0.021250 0.073333
0 0.816250 0.902222 0.020000 0.088889
0 0.835000 0.878889 0.017500 0.091111
0 0.765625 0.811111 0.016250 0.057778
0 0.734375 0.808889 0.016250 0.071111
0 0.699375 0.778889 0.018750 0.060000
0 0.851875 0.960000 0.021250 0.066667
1 0.767500 0.916667 0.075000 0.104444
1 0.351875 0.860000 0.058750 0.102222
1 0.654375 0.808889 0.053750 0.080000
1 0.393125 0.727778 0.033750 0.068889
1 0.308125 0.796667 0.058750 0.113333
1 0.146875 0.930000 0.121250 0.140000
1 0.660000 0.695556 0.030000 0.053333
3 0.603750 0.711111 0.055000 0.097778
3 0.510000 0.738889 0.075000 0.113333
