3 0.328125 0.920000 0.123750 0.160000
3 0.281875 0.837778 0.088750 0.182222
3 0.616250 0.718889 0.052500 0.091111
1 0.636250 0.837778 0.060000 0.093333
1 0.710625 0.956667 0.093750 0.086667
1 0.348125 0.775556 0.048750 0.093333
1 0.180000 0.948889 0.117500 0.102222
1 0.403750 0.796667 0.050000 0.113333
1 0.448750 0.692222 0.027500 0.064444
1 0.585000 0.976667 0.075000 0.037778
1 0.376875 0.707778 0.041250 0.060000
0 0.770000 0.925556 0.020000 0.104444
0 0.703750 0.810000 0.020000 0.068889
0 0.837500 0.895556 0.025000 0.075556
0 0.809375 0.933333 0.026250 0.088889
0 0.743750 0.875556 0.020000 0.075556
0 0.801875 0.814444 0.018750 0.068889
0 0.530625 0.754444 0.013750 0.064444
0 0.573125 0.750000 0.016250 0.060000
0 0.471250 0.776667 0.040000 0.055556
0 0.239375 0.804444 0.016250 0.080000
0 0.176875 0.826667 0.021250 0.071111
0 0.147500 0.890000 0.025000 0.077778
0 0.110000 0.873333 0.025000 0.075556
0 0.115000 0.964444 0.022500 0.071111
0 0.183750 0.867778 0.017500 0.055556
0 0.751250 0.802222 0.020000 0.062222
0 0.766875 0.853333 0.016250 0.075556
0 0.779375 0.771111 0.016250 0.066667
4 0.865000 0.854444 0.015000 0.077778
