0 0.758125 0.856667 0.013750 0.086667
0 0.807500 0.873333 0.017500 0.088889
0 0.691875 0.804444 0.013750 0.080000
0 0.723750 0.802222 0.012500 0.080000
0 0.381875 0.807778 0.026250 0.086667
0 0.301875 0.888889 0.033750 0.111111
0 0.239375 0.847778 0.041250 0.104444
0 0.336875 0.732222 0.038750 0.068889
4 0.113125 0.905556 0.021250 0.108889
4 0.092500 0.846667 0.022500 0.088889
1 0.229375 0.720000 0.086250 0.062222
2 0.326875 0.688889 0.086250 0.071111
2 0.525000 0.714444 0.050000 0.095556
1 0.573125 0.871111 0.066250 0.124444
1 0.545000 0.790000 0.055000 0.082222
1 0.640625 0.754444 0.046250 0.082222
1 0.668750 0.700000 0.032500 0.057778
1 0.707500 0.952222 0.087500 0.095556
1 0.198750 0.702222 0.065000 0.057778
