0 0.679296875 0.35694444444444445 0.025781250000000002 0.08333333333333334
0 0.692578125 0.29444444444444445 0.022656250000000003 0.05277777777777778
0 0.142578125 0.6805555555555556 0.03828125 0.17500000000000002
0 0.212890625 0.4840277777777778 0.02890625 0.1125
0 0.319140625 0.3284722222222222 0.01953125 0.06805555555555556
0 0.33906250000000004 0.2520833333333333 0.0140625 0.051388888888888894
1 0.58046875 0.24861111111111112 0.037500000000000006 0.05277777777777778
1 0.626953125 0.39513888888888893 0.08359375000000001 0.12361111111111112
0 0.9140625 0.4527777777777778 0.0328125 0.08055555555555556
3 0.7972656250000001 0.2652777777777778 0.10703125000000001 0.09722222222222222
