0 0.542500 0.848889 0.020000 0.080000
0 0.588750 0.958889 0.030000 0.068889
0 0.824375 0.848889 0.023750 0.080000
0 0.931875 0.930000 0.028750 0.100000
0 0.766250 0.828889 0.022500 0.071111
0 0.741875 0.848889 0.021250 0.071111
0 0.620000 0.760000 0.020000 0.057778
0 0.577500 0.718889 0.012500 0.060000
0 0.211250 0.818889 0.020000 0.068889
0 0.180625 0.815556 0.016250 0.080000
0 0.126250 0.810000 0.022500 0.060000
0 0.481250 0.781111 0.035000 0.042222
3 0.689375 0.877778 0.091250 0.173333
1 0.669375 0.768889 0.046250 0.080000
1 0.358750 0.875556 0.065000 0.133333
1 0.328125 0.777778 0.056250 0.075556
1 0.435000 0.712222 0.042500 0.077778
1 0.541875 0.648889 0.058750 0.040000
1 0.395000 0.667778 0.030000 0.060000
1 0.655000 0.711111 0.040000 0.053333
3 0.628750 0.652222 0.040000 0.082222
0 0.752500 0.761111 0.012500 0.060000
0 0.713750 0.771111 0.010000 0.057778
