0 0.742500 0.878889 0.027500 0.100000
0 0.696250 0.827778 0.015000 0.077778
0 0.730625 0.828889 0.018750 0.080000
0 0.532500 0.808889 0.020000 0.080000
0 0.135625 0.928889 0.028750 0.111111
0 0.304375 0.848889 0.018750 0.080000
0 0.544375 0.738889 0.028750 0.060000
0 0.727500 0.778889 0.020000 0.068889
4 0.783125 0.828889 0.051250 0.120000
1 0.218750 0.848889 0.082500 0.111111
1 0.406250 0.817778 0.047500 0.093333
1 0.664375 0.888889 0.068750 0.120000
3 0.288125 0.945556 0.138750 0.108889
3 0.625000 0.740000 0.050000 0.111111
3 0.422500 0.727778 0.047500 0.113333
0 0.140000 0.846667 0.022500 0.097778
0 0.271250 0.841111 0.015000 0.073333
0 0.348750 0.805556 0.012500 0.073333
0 0.370000 0.768889 0.015000 0.071111
0 0.166875 0.742222 0.036250 0.044444
3 0.301875 0.747778 0.036250 0.077778
0 0.697500 0.781111 0.012500 0.055556
