0 0.729948 0.347418 0.023438 0.082160
0 0.245573 0.465376 0.027604 0.083333
0 0.897135 0.642606 0.028646 0.097418
0 0.917969 0.834507 0.033854 0.129108
0 0.968229 0.734155 0.031250 0.125587
0 0.871354 0.371479 0.029167 0.080986
0 0.943750 0.471831 0.021875 0.079812
1 0.881771 0.476526 0.083333 0.117371
1 0.781250 0.403756 0.063542 0.140845
1 0.778906 0.611502 0.094271 0.227700
1 0.178125 0.814554 0.192708 0.241784
1 0.149479 0.465376 0.089583 0.116197
1 0.644531 0.270540 0.055729 0.083333
1 0.696354 0.320423 0.066667 0.084507
1 0.746354 0.248239 0.039583 0.052817
3 0.209375 0.254108 0.104167 0.123239
3 0.803646 0.282277 0.046875 0.106808
