0 0.199375 0.904444 0.018750 0.102222
0 0.150000 0.974444 0.030000 0.051111
0 0.238125 0.836667 0.016250 0.086667
0 0.218125 0.806667 0.016250 0.080000
0 0.293750 0.764444 0.012500 0.066667
0 0.733125 0.832222 0.016250 0.077778
0 0.764375 0.823333 0.016250 0.064444
0 0.783125 0.874444 0.018750 0.082222
0 0.815625 0.932222 0.023750 0.091111
0 0.780000 0.950000 0.020000 0.095556
0 0.826250 0.894444 0.020000 0.082222
0 0.789375 0.808889 0.016250 0.071111
1 0.623750 0.814444 0.060000 0.086667
1 0.680000 0.782222 0.055000 0.084444
1 0.705000 0.953333 0.092500 0.093333
1 0.405000 0.768889 0.055000 0.102222
1 0.344375 0.760000 0.051250 0.075556
0 0.516250 0.731111 0.030000 0.057778
3 0.635000 0.706667 0.050000 0.106667
1 0.523750 0.682222 0.055000 0.053333
1 0.588125 0.666667 0.023750 0.048889
0 0.579375 0.696667 0.013750 0.046667
1 0.355000 0.691111 0.032500 0.066667
1 0.427500 0.685556 0.032500 0.064444
