0 0.111328125 0.6215277777777778 0.049218750000000006 0.15416666666666667
0 0.24531250000000002 0.4104166666666667 0.029687500000000002 0.09861111111111112
0 0.312109375 0.34097222222222223 0.017968750000000002 0.0763888888888889
0 0.3484375 0.2729166666666667 0.015625 0.05416666666666667
0 0.3875 0.27083333333333337 0.021875000000000002 0.0638888888888889
0 0.63984375 0.27708333333333335 0.018750000000000003 0.06527777777777778
0 0.594921875 0.2520833333333333 0.013281250000000001 0.04861111111111111
3 0.38125000000000003 0.49722222222222223 0.14375000000000002 0.325
3 0.43867187500000004 0.2701388888888889 0.06015625 0.1125
3 0.472265625 0.16597222222222222 0.03671875 0.059722222222222225
3 0.801953125 0.2659722222222222 0.11484375000000001 0.09583333333333334
