0 0.9258893280632411 0.15734265734265734 0.017786561264822132 0.07692307692307693
0 0.9634387351778656 0.11713286713286714 0.017786561264822132 0.07342657342657342
0 0.9347826086956521 0.10139860139860139 0.01976284584980237 0.055944055944055944
0 0.91699604743083 0.05244755244755245 0.015810276679841896 0.055944055944055944
0 0.28656126482213434 0.4230769230769231 0.07905138339920947 0.11888111888111888
1 0.75 0.4772727272727273 0.13636363636363635 0.2062937062937063
1 0.14328063241106717 0.25874125874125875 0.08498023715415019 0.11888111888111888
1 0.07213438735177866 0.28846153846153844 0.07707509881422925 0.11538461538461539
1 0.8418972332015809 0.13636363636363635 0.05533596837944664 0.07692307692307693
0 0.2519762845849802 0.15384615384615385 0.04940711462450593 0.07692307692307693
0 0.6205533596837944 0.1381118881118881 0.03162055335968379 0.05944055944055944
4 0.5790513833992095 0.13986013986013987 0.023715415019762844 0.09090909090909091
