0 0.4525 0.7788888888888889 0.0425 0.21555555555555556
0 0.509375 0.7633333333333333 0.04625 0.2111111111111111
0 0.68 0.8033333333333333 0.065 0.24222222222222223
0 0.82375 0.7122222222222222 0.0625 0.19333333333333333
0 0.70625 0.69 0.0425 0.18888888888888888
0 0.614375 0.6522222222222223 0.043750000000000004 0.18
0 0.5387500000000001 0.6466666666666666 0.0375 0.17333333333333334
0 0.466875 0.6211111111111111 0.03625 0.1622222222222222
0 0.4375 0.5466666666666666 0.03 0.13333333333333333
0 0.14 0.58 0.035 0.1511111111111111
1 0.24 0.5922222222222222 0.12 0.22
