0 0.17578125 0.6284722222222222 0.05 0.16527777777777777
0 0.051562500000000004 0.757638888888889 0.053125000000000006 0.1763888888888889
0 0.197265625 0.4604166666666667 0.03359375 0.10694444444444445
0 0.278125 0.3736111111111111 0.025 0.08055555555555556
0 0.259375 0.35694444444444445 0.028125 0.08333333333333334
0 0.32070312500000003 0.30972222222222223 0.01640625 0.05555555555555556
0 0.94296875 0.7444444444444445 0.078125 0.17500000000000002
3 0.453125 0.23819444444444446 0.0484375 0.09027777777777778
3 0.5691406250000001 0.18888888888888888 0.032031250000000004 0.08055555555555556
2 0.34375 0.5236111111111111 0.15937500000000002 0.4
2 0.38789062500000004 0.27083333333333337 0.047656250000000004 0.10555555555555556
