0 0.450000 0.822243 0.096875 0.114068
0 0.604167 0.812738 0.096875 0.110266
0 0.760938 0.774240 0.095833 0.111217
0 0.906771 0.803707 0.088542 0.111217
0 0.622917 0.710551 0.086458 0.094106
0 0.706510 0.614068 0.067187 0.087452
0 0.636719 0.563688 0.052604 0.064639
0 0.793490 0.561787 0.063021 0.077947
0 0.929688 0.575570 0.065625 0.073194
0 0.435417 0.676806 0.062500 0.087452
0 0.392448 0.633555 0.057813 0.078897
3 0.321615 0.319392 0.044271 0.087452
3 0.107813 0.691540 0.214583 0.175856
3 0.393229 0.295152 0.051042 0.130228
3 0.451302 0.298004 0.042188 0.105513
1 0.266927 0.644487 0.130729 0.110266
