1 0.585000 0.937778 0.067500 0.124444
1 0.621875 0.761111 0.036250 0.068889
1 0.675625 0.726667 0.043750 0.066667
1 0.615625 0.708889 0.033750 0.057778
1 0.545000 0.778889 0.075000 0.091111
1 0.449375 0.743333 0.071250 0.068889
3 0.166875 0.688889 0.111250 0.102222
3 0.398125 0.691111 0.086250 0.093333
3 0.359375 0.664444 0.086250 0.088889
0 0.099375 0.876667 0.021250 0.095556
0 0.383750 0.812222 0.027500 0.077778
0 0.527500 0.858889 0.020000 0.095556
0 0.811250 0.867778 0.020000 0.095556
0 0.127500 0.788889 0.025000 0.080000
0 0.249375 0.741111 0.026250 0.064444
0 0.315625 0.750000 0.031250 0.060000
