0 0.08750000000000001 0.7188888888888889 0.0425 0.11777777777777777
0 0.416875 0.8955555555555555 0.06375 0.1511111111111111
0 0.5325 0.8655555555555555 0.05 0.15333333333333332
0 0.48812500000000003 0.6977777777777778 0.03875 0.11555555555555555
0 0.558125 0.6755555555555556 0.04125 0.13333333333333333
0 0.369375 0.7555555555555555 0.04125 0.12
0 0.730625 0.8666666666666667 0.05625 0.16444444444444445
0 0.440625 0.6133333333333333 0.03125 0.10222222222222223
0 0.524375 0.5511111111111111 0.03375 0.09333333333333334
1 0.263125 0.6111111111111112 0.13375 0.2311111111111111
1 0.21937500000000001 0.3388888888888889 0.04625 0.06444444444444444
1 0.718125 0.6877777777777778 0.15875 0.23333333333333334
1 0.8768750000000001 0.7 0.18625 0.24444444444444444
1 0.636875 0.44555555555555554 0.09875 0.13555555555555557
1 0.49875 0.36333333333333334 0.055 0.09555555555555556
1 0.453125 0.31444444444444447 0.03375 0.06888888888888889
