0 0.18515625000000002 0.6041666666666667 0.053125000000000006 0.1527777777777778
0 0.1609375 0.5125000000000001 0.0328125 0.11666666666666667
0 0.22187500000000002 0.4756944444444445 0.0328125 0.10138888888888889
0 0.2921875 0.4027777777777778 0.029687500000000002 0.09166666666666667
0 0.27773437500000003 0.3493055555555556 0.01953125 0.07916666666666666
0 0.33828125000000003 0.29791666666666666 0.018750000000000003 0.0625
0 0.310546875 0.29375 0.01953125 0.05416666666666667
0 0.362109375 0.2569444444444445 0.014843750000000001 0.04166666666666667
3 0.46015625000000004 0.20208333333333334 0.037500000000000006 0.06527777777777778
3 0.58203125 0.2152777777777778 0.046875 0.09166666666666667
2 0.40664062500000003 0.33819444444444446 0.08671875000000001 0.19305555555555556
2 0.41523437500000004 0.2111111111111111 0.041406250000000006 0.0638888888888889
