0 0.16897233201581027 0.8793706293706294 0.04150197628458498 0.19230769230769232
0 0.1126482213438735 0.8321678321678322 0.03952569169960474 0.16083916083916083
0 0.0642292490118577 0.8111888111888111 0.04150197628458498 0.14685314685314685
0 0.02766798418972332 0.9020979020979021 0.043478260869565216 0.14685314685314685
0 0.21739130434782608 0.7412587412587412 0.043478260869565216 0.14685314685314685
0 0.14328063241106717 0.7045454545454546 0.029644268774703556 0.14335664335664336
0 0.09387351778656126 0.6765734265734266 0.03359683794466403 0.12937062937062938
0 0.2875494071146245 0.8269230769230769 0.04545454545454545 0.14335664335664336
0 0.35079051383399207 0.8776223776223776 0.04940711462450593 0.16083916083916083
0 0.32312252964426874 0.6730769230769231 0.03359683794466403 0.12237762237762238
0 0.4960474308300395 0.6555944055944056 0.03952569169960474 0.14335664335664336
0 0.3547430830039525 0.5384615384615384 0.02569169960474308 0.1048951048951049
0 0.26581027667984186 0.5244755244755245 0.02569169960474308 0.09090909090909091
0 0.03260869565217391 0.6223776223776224 0.029644268774703556 0.1258741258741259
0 0.11956521739130434 0.5961538461538461 0.021739130434782608 0.11538461538461539
0 0.14130434782608695 0.5576923076923077 0.021739130434782608 0.10139860139860139
0 0.17984189723320157 0.5472027972027972 0.023715415019762844 0.10139860139860139
0 0.22332015810276679 0.5472027972027972 0.023715415019762844 0.10839160839160839
0 0.6956521739130435 0.5472027972027972 0.03162055335968379 0.10839160839160839
1 0.4268774703557312 0.5384615384615384 0.05928853754940711 0.1048951048951049
1 0.36067193675889325 0.45104895104895104 0.05731225296442687 0.11888111888111888
1 0.33695652173913043 0.3916083916083916 0.04545454545454545 0.08391608391608392
1 0.38537549407114624 0.7237762237762237 0.0909090909090909 0.17482517482517482
1 0.6017786561264822 0.8513986013986014 0.1600790513833992 0.25524475524475526
1 0.28063241106719367 0.36538461538461536 0.035573122529644265 0.06643356643356643
2 0.40316205533596833 0.3548951048951049 0.04743083003952569 0.10139860139860139
2 0.49011857707509876 0.43006993006993005 0.13438735177865613 0.2517482517482518
4 0.06027667984189723 0.5262237762237763 0.03359683794466403 0.10139860139860139
