1 0.350625 0.765556 0.053750 0.091111
2 0.216875 0.812222 0.153750 0.246667
2 0.376250 0.681111 0.057500 0.117778
1 0.584375 0.697778 0.031250 0.057778
0 0.641875 0.831111 0.018750 0.084444
0 0.768750 0.906667 0.022500 0.093333
0 0.790625 0.948889 0.023750 0.102222
0 0.943125 0.961111 0.041250 0.077778
0 0.869375 0.965556 0.026250 0.068889
0 0.824375 0.925556 0.023750 0.091111
0 0.711875 0.808889 0.016250 0.071111
0 0.741250 0.805556 0.017500 0.068889
0 0.678750 0.780000 0.017500 0.062222
0 0.395000 0.926667 0.020000 0.111111
0 0.103125 0.890000 0.028750 0.100000
0 0.456250 0.766667 0.035000 0.057778
0 0.516875 0.758889 0.021250 0.077778
