0 0.84 0.8055555555555556 0.0725 0.24222222222222223
0 0.725625 0.87 0.07875 0.25555555555555554
0 0.46125 0.88 0.075 0.23555555555555555
0 0.28375 0.5811111111111111 0.03 0.14888888888888888
0 0.225 0.5655555555555556 0.0275 0.13111111111111112
0 0.505625 0.5966666666666667 0.05625 0.1711111111111111
0 0.604375 0.5966666666666667 0.043750000000000004 0.15333333333333332
0 0.5856250000000001 0.47333333333333333 0.02625 0.10222222222222223
0 0.4525 0.47555555555555556 0.025 0.09333333333333334
0 0.3925 0.45111111111111113 0.0225 0.09333333333333334
0 0.526875 0.4477777777777778 0.02125 0.10444444444444445
0 0.5543750000000001 0.43555555555555553 0.02625 0.10222222222222223
0 0.4875 0.4255555555555556 0.0225 0.09111111111111111
0 0.098125 0.4633333333333333 0.02625 0.10444444444444445
