0 0.523125 0.858889 0.041250 0.086667
0 0.836875 0.913333 0.021250 0.075556
0 0.780625 0.795556 0.018750 0.071111
0 0.174375 0.941111 0.026250 0.104444
0 0.130625 0.878889 0.023750 0.082222
0 0.213750 0.831111 0.022500 0.084444
0 0.020000 0.951111 0.032500 0.097778
0 0.103750 0.794444 0.025000 0.073333
1 0.385625 0.935556 0.071250 0.128889
1 0.280000 0.907778 0.087500 0.153333
1 0.293750 0.794444 0.062500 0.082222
1 0.368750 0.734444 0.042500 0.077778
1 0.331250 0.723333 0.042500 0.064444
1 0.585625 0.940000 0.063750 0.111111
1 0.722500 0.883333 0.085000 0.117778
1 0.684375 0.971111 0.073750 0.057778
3 0.402500 0.798889 0.055000 0.166667
