0 0.320625 0.918889 0.021250 0.100000
0 0.233750 0.962222 0.022500 0.071111
0 0.141875 0.956667 0.021250 0.086667
0 0.159375 0.856667 0.021250 0.077778
0 0.108125 0.858889 0.023750 0.091111
1 0.416250 0.776667 0.042500 0.073333
1 0.715625 0.771111 0.051250 0.075556
1 0.681250 0.711111 0.035000 0.057778
1 0.776250 0.905556 0.090000 0.126667
3 0.633750 0.835556 0.082500 0.142222
3 0.613750 0.957778 0.107500 0.084444
3 0.638125 0.730000 0.058750 0.064444
0 0.504375 0.762222 0.013750 0.071111
0 0.573750 0.745556 0.020000 0.051111
1 0.560000 0.693333 0.035000 0.040000
1 0.440625 0.716667 0.038750 0.060000
0 0.322500 0.818889 0.015000 0.068889
0 0.308125 0.811111 0.011250 0.080000
0 0.229375 0.810000 0.016250 0.064444
0 0.596875 0.873333 0.018750 0.066667
0 0.751875 0.808889 0.016250 0.062222
