0 0.160546875 0.5902777777777778 0.04453125 0.1527777777777778
0 0.76484375 0.5375 0.034375 0.11944444444444445
0 0.8464843750000001 0.6423611111111112 0.05078125 0.1513888888888889
0 0.91796875 0.6652777777777779 0.060937500000000006 0.15
0 0.8070312500000001 0.33194444444444443 0.034375 0.06944444444444445
0 0.6234375000000001 0.27361111111111114 0.0140625 0.05
0 0.64453125 0.26180555555555557 0.0140625 0.04861111111111111
0 0.38593750000000004 0.22430555555555556 0.009375000000000001 0.04583333333333334
0 0.373828125 0.2138888888888889 0.01171875 0.03888888888888889
1 0.55859375 0.19097222222222224 0.0234375 0.043055555555555555
1 0.576171875 0.2798611111111111 0.04296875 0.06805555555555556
1 0.673828125 0.5180555555555556 0.09140625000000001 0.14166666666666666
1 0.43984375000000003 0.1736111111111111 0.021875000000000002 0.036111111111111115
