0 0.7351562500000001 0.2916666666666667 0.0390625 0.05555555555555556
0 0.76875 0.4965277777777778 0.03125 0.09583333333333334
0 0.28359375000000003 0.4104166666666667 0.026562500000000003 0.08750000000000001
0 0.30507812500000003 0.3479166666666667 0.01953125 0.0625
0 0.36054687500000004 0.25833333333333336 0.01640625 0.05
0 0.649609375 0.2701388888888889 0.013281250000000001 0.051388888888888894
3 0.23789062500000002 0.7652777777777778 0.30078125 0.4666666666666667
1 0.6156250000000001 0.32916666666666666 0.05625 0.08888888888888889
1 0.75 0.6659722222222223 0.153125 0.2152777777777778
0 0.845703125 0.40625 0.03515625 0.07916666666666666
3 0.804296875 0.26458333333333334 0.10390625 0.09861111111111112
