3 0.162500 0.698889 0.102500 0.082222
3 0.591875 0.745556 0.048750 0.126667
1 0.708125 0.930000 0.091250 0.140000
0 0.777500 0.920000 0.017500 0.093333
0 0.811875 0.928889 0.028750 0.097778
0 0.787500 0.862222 0.017500 0.071111
0 0.713750 0.828889 0.017500 0.071111
0 0.673125 0.817778 0.018750 0.071111
0 0.621250 0.815556 0.020000 0.080000
0 0.536875 0.867778 0.021250 0.091111
0 0.826875 0.876667 0.021250 0.082222
1 0.651875 0.772222 0.036250 0.077778
1 0.525000 0.720000 0.035000 0.062222
2 0.701250 0.702222 0.067500 0.142222
0 0.758750 0.788889 0.012500 0.062222
0 0.375625 0.706667 0.026250 0.057778
0 0.325000 0.717778 0.025000 0.048889
1 0.396250 0.676667 0.057500 0.051111
1 0.461875 0.658889 0.046250 0.042222
1 0.638750 0.690000 0.032500 0.051111
0 0.805625 0.820000 0.016250 0.071111
0 0.695000 0.796667 0.012500 0.068889
