0 0.312109375 0.3493055555555556 0.02421875 0.05694444444444444
0 0.268359375 0.3354166666666667 0.01953125 0.059722222222222225
0 0.33203125 0.3027777777777778 0.018750000000000003 0.05555555555555556
0 0.371875 0.23819444444444446 0.0125 0.04027777777777778
0 0.8500000000000001 0.6409722222222223 0.043750000000000004 0.12638888888888888
0 0.7742187500000001 0.2986111111111111 0.034375 0.06666666666666667
3 0.31757812500000004 0.6666666666666667 0.21796875000000002 0.6055555555555556
1 0.64765625 0.4027777777777778 0.07187500000000001 0.11944444444444445
1 0.5808593750000001 0.2576388888888889 0.03828125 0.059722222222222225
0 0.8093750000000001 0.3902777777777778 0.026562500000000003 0.07777777777777778
3 0.8050781250000001 0.26180555555555557 0.10703125000000001 0.09027777777777778
