0 0.45454545454545453 0.31993006993006995 0.06719367588932806 0.10139860139860139
0 0.8102766798418972 0.32167832167832167 0.023715415019762844 0.11188811188811189
0 0.8349802371541502 0.25 0.02569169960474308 0.0944055944055944
0 0.8577075098814229 0.3811188811188811 0.03162055335968379 0.11888111888111888
0 0.9209486166007904 0.28846153846153844 0.02766798418972332 0.10139860139860139
0 0.9456521739130435 0.34615384615384615 0.02569169960474308 0.1048951048951049
0 0.8833992094861659 0.20104895104895104 0.023715415019762844 0.08041958041958042
0 0.8932806324110671 0.1381118881118881 0.01976284584980237 0.05244755244755245
0 0.9298418972332015 0.11188811188811189 0.021739130434782608 0.055944055944055944
0 0.9614624505928853 0.09615384615384616 0.017786561264822132 0.038461538461538464
0 0.9762845849802371 0.12937062937062938 0.015810276679841896 0.07692307692307693
0 0.41897233201581024 0.7272727272727273 0.0909090909090909 0.21678321678321677
0 0.3102766798418972 0.5402097902097902 0.06719367588932806 0.16433566433566432
0 0.21739130434782608 0.5611888111888111 0.05928853754940711 0.17832167832167833
0 0.3577075098814229 0.3968531468531469 0.05533596837944664 0.13636363636363635
0 0.32411067193675885 0.3006993006993007 0.04743083003952569 0.1048951048951049
0 0.20948616600790512 0.40559440559440557 0.06324110671936758 0.13286713286713286
0 0.08399209486166008 0.4178321678321678 0.05731225296442687 0.14335664335664336
0 0.10177865612648221 0.3374125874125874 0.04150197628458498 0.11538461538461539
0 0.03952569169960474 0.36538461538461536 0.035573122529644265 0.08741258741258741
0 0.06818181818181818 0.3356643356643357 0.03359683794466403 0.09090909090909091
0 0.2519762845849802 0.1520979020979021 0.04940711462450593 0.06643356643356643
0 0.651185770750988 0.1590909090909091 0.02569169960474308 0.07342657342657342
0 0.7954545454545454 0.07167832167832168 0.01383399209486166 0.05244755244755245
1 0.8804347826086956 0.08391608391608392 0.029644268774703556 0.04895104895104895
1 0.8913043478260869 0.05244755244755245 0.035573122529644265 0.04895104895104895
1 0.9397233201581027 0.055944055944055944 0.03359683794466403 0.04895104895104895
1 0.15810276679841895 0.27797202797202797 0.13438735177865613 0.15034965034965034
1 0.06719367588932806 0.21328671328671328 0.043478260869565216 0.04895104895104895
