0 0.535625 0.923333 0.016250 0.100000
0 0.238125 0.884444 0.023750 0.080000
0 0.333125 0.797778 0.016250 0.071111
0 0.171875 0.928889 0.021250 0.115556
0 0.740000 0.748889 0.012500 0.057778
0 0.786250 0.790000 0.015000 0.055556
1 0.580000 0.904444 0.060000 0.093333
1 0.566875 0.820000 0.043750 0.066667
1 0.584375 0.787778 0.061250 0.077778
3 0.385625 0.863333 0.058750 0.131111
3 0.700000 0.906667 0.090000 0.186667
1 0.215625 0.964444 0.093750 0.071111
1 0.339375 0.970000 0.076250 0.060000
1 0.773750 0.894444 0.072500 0.122222
1 0.676875 0.773333 0.053750 0.075556
1 0.648125 0.688889 0.038750 0.048889
4 0.213125 0.841111 0.016250 0.091111
