0 0.294375 0.852222 0.023750 0.086667
0 0.259375 0.852222 0.018750 0.086667
0 0.216875 0.853333 0.018750 0.071111
0 0.168125 0.866667 0.018750 0.084444
0 0.119375 0.951111 0.026250 0.097778
0 0.596250 0.831111 0.017500 0.084444
0 0.556875 0.821111 0.028750 0.077778
0 0.752500 0.946667 0.025000 0.088889
0 0.760625 0.752222 0.021250 0.051111
0 0.080000 0.876667 0.020000 0.091111
1 0.186250 0.948889 0.105000 0.102222
1 0.279375 0.951111 0.088750 0.097778
1 0.376875 0.910000 0.073750 0.162222
1 0.420000 0.780000 0.060000 0.111111
1 0.383750 0.741111 0.045000 0.086667
1 0.326250 0.740000 0.052500 0.080000
1 0.751875 0.866667 0.063750 0.093333
1 0.585000 0.937778 0.062500 0.115556
3 0.680625 0.840000 0.081250 0.186667
3 0.623125 0.737778 0.056250 0.120000
1 0.673750 0.727778 0.040000 0.046667
3 0.445000 0.693333 0.040000 0.111111
