1 0.20500000000000002 0.5222222222222223 0.08750000000000001 0.13333333333333333
1 0.7993750000000001 0.6355555555555555 0.16125 0.19555555555555557
0 0.216875 0.7344444444444445 0.03875 0.19777777777777777
0 0.386875 0.7677777777777778 0.04875 0.20666666666666667
0 0.513125 0.7644444444444445 0.05375 0.20444444444444446
0 0.4025 0.6455555555555555 0.0425 0.15777777777777777
0 0.45125 0.5433333333333333 0.0325 0.11333333333333333
0 0.570625 0.6588888888888889 0.043750000000000004 0.1711111111111111
0 0.625 0.6377777777777778 0.0425 0.16444444444444445
0 0.731875 0.7044444444444444 0.051250000000000004 0.16444444444444445
0 0.68 0.7188888888888889 0.0425 0.13555555555555557
0 0.6225 0.8922222222222222 0.0625 0.19777777777777777
0 0.693125 0.8733333333333333 0.058750000000000004 0.2311111111111111
0 0.834375 0.8988888888888888 0.08125 0.19777777777777777
0 0.485 0.5088888888888888 0.0275 0.11555555555555555
0 0.354375 0.44333333333333336 0.02375 0.08666666666666667
0 0.400625 0.49444444444444446 0.02125 0.11777777777777777
0 0.42625 0.44555555555555554 0.0225 0.09111111111111111
0 0.541875 0.44 0.02375 0.08
0 0.604375 0.45222222222222225 0.02625 0.09111111111111111
0 0.57375 0.5366666666666666 0.035 0.12666666666666668
