1 0.142500 0.882222 0.170000 0.235556
0 0.278125 0.844444 0.048750 0.146667
0 0.327500 0.737778 0.035000 0.115556
0 0.060625 0.793333 0.043750 0.133333
1 0.609375 0.774444 0.093750 0.157778
1 0.702500 0.766667 0.097500 0.133333
0 0.784375 0.777778 0.038750 0.106667
0 0.143750 0.733333 0.037500 0.111111
0 0.206875 0.671111 0.031250 0.111111
0 0.148750 0.637778 0.030000 0.102222
0 0.158125 0.670000 0.031250 0.086667
1 0.276250 0.650000 0.090000 0.193333
3 0.399375 0.583333 0.071250 0.184444
0 0.336250 0.611111 0.030000 0.106667
1 0.565625 0.613333 0.058750 0.111111
1 0.646250 0.565556 0.050000 0.077778
0 0.601875 0.568889 0.026250 0.075556
0 0.828125 0.707778 0.038750 0.104444
0 0.786875 0.652222 0.028750 0.095556
0 0.703125 0.616667 0.023750 0.086667
0 0.673750 0.626667 0.022500 0.084444
0 0.750625 0.626667 0.028750 0.093333
0 0.780625 0.565556 0.023750 0.082222
0 0.686250 0.561111 0.020000 0.073333
0 0.701875 0.546667 0.021250 0.071111
0 0.511250 0.498889 0.022500 0.077778
0 0.568750 0.508889 0.030000 0.071111
0 0.193125 0.573333 0.028750 0.075556
0 0.959375 0.770000 0.063750 0.117778
0 0.333125 0.528889 0.026250 0.066667
0 0.228125 0.524444 0.031250 0.071111
