2 0.306875 0.696667 0.068750 0.126667
3 0.131250 0.840000 0.170000 0.288889
1 0.653750 0.800000 0.057500 0.106667
1 0.355000 0.850000 0.057500 0.131111
1 0.413125 0.785556 0.046250 0.077778
1 0.609375 0.728889 0.041250 0.062222
1 0.639375 0.698889 0.031250 0.060000
1 0.397500 0.687778 0.042500 0.068889
0 0.325000 0.780000 0.015000 0.080000
0 0.356250 0.745556 0.017500 0.068889
0 0.833125 0.927778 0.028750 0.095556
0 0.926250 0.935556 0.032500 0.093333
0 0.780625 0.848889 0.016250 0.088889
4 0.866250 0.805556 0.017500 0.068889
0 0.730625 0.770000 0.018750 0.060000
0 0.690625 0.757778 0.013750 0.062222
0 0.484375 0.750000 0.028750 0.055556
0 0.555625 0.705556 0.013750 0.055556
3 0.163750 0.956667 0.135000 0.086667
1 0.712500 0.967778 0.085000 0.055556
