1 0.318125 0.7766666666666666 0.16125 0.29555555555555557
1 0.685625 0.5155555555555555 0.11625 0.13777777777777778
0 0.5675 0.67 0.0475 0.18
0 0.696875 0.6155555555555555 0.04625 0.16
0 0.83375 0.8288888888888889 0.08 0.24
0 0.195625 0.7766666666666666 0.04625 0.2111111111111111
0 0.199375 0.6255555555555555 0.03625 0.13111111111111112
0 0.255 0.5233333333333333 0.03 0.10888888888888888
0 0.40375 0.5855555555555556 0.0325 0.14
0 0.49125 0.5755555555555556 0.04 0.1511111111111111
0 0.44 0.5066666666666667 0.03 0.12444444444444444
0 0.5875 0.5555555555555556 0.0375 0.14222222222222222
0 0.165 0.45111111111111113 0.02 0.09777777777777778
