0 0.531875 0.795556 0.018750 0.084444
0 0.750000 0.864444 0.017500 0.084444
0 0.791250 0.850000 0.017500 0.082222
0 0.751875 0.786667 0.018750 0.066667
0 0.816250 0.902222 0.025000 0.080000
0 0.115000 0.774444 0.030000 0.068889
1 0.590000 0.811111 0.047500 0.084444
1 0.667500 0.820000 0.057500 0.088889
1 0.700625 0.937778 0.093750 0.124444
1 0.579375 0.966667 0.061250 0.066667
1 0.645000 0.740000 0.040000 0.062222
3 0.706250 0.758889 0.042500 0.077778
3 0.456875 0.737778 0.141250 0.120000
2 0.315625 0.683333 0.091250 0.073333
