0 0.611719 0.882870 0.056771 0.213889
0 0.568229 0.665741 0.041667 0.187037
0 0.545312 0.527315 0.042708 0.145370
0 0.535677 0.433333 0.034896 0.111111
0 0.575000 0.323148 0.025000 0.098148
0 0.501563 0.324537 0.021875 0.104630
0 0.529948 0.276389 0.018229 0.093519
0 0.486458 0.260648 0.019792 0.082407
4 0.903385 0.469444 0.027604 0.133333
4 0.866927 0.433333 0.020313 0.127778
4 0.812240 0.420833 0.023438 0.117593
4 0.784896 0.322222 0.020833 0.107407
4 0.782292 0.232407 0.016667 0.081481
1 0.672135 0.444444 0.130729 0.170370
1 0.342187 0.204630 0.056250 0.074074
1 0.300521 0.103241 0.048958 0.078704
1 0.363021 0.070370 0.036458 0.053704
2 0.634635 0.111111 0.060937 0.129630
2 0.693750 0.251389 0.098958 0.230556
4 0.785417 0.538426 0.096875 0.193519
