0 0.301875 0.928889 0.026250 0.102222
0 0.245625 0.768889 0.018750 0.080000
0 0.140625 0.763333 0.021250 0.064444
0 0.580625 0.884444 0.018750 0.075556
0 0.778750 0.864444 0.020000 0.075556
0 0.869375 0.928889 0.026250 0.084444
0 0.793125 0.960000 0.028750 0.080000
0 0.755625 0.755556 0.013750 0.057778
0 0.713125 0.746667 0.016250 0.057778
0 0.685625 0.738889 0.013750 0.051111
0 0.561875 0.842222 0.018750 0.080000
0 0.515625 0.791111 0.023750 0.066667
0 0.544375 0.667778 0.011250 0.055556
0 0.481250 0.756667 0.020000 0.051111
1 0.702500 0.946667 0.090000 0.106667
1 0.361875 0.732222 0.043750 0.077778
1 0.393125 0.808889 0.063750 0.097778
1 0.132500 0.684444 0.082500 0.062222
3 0.631875 0.786667 0.081250 0.137778
1 0.641875 0.702222 0.041250 0.053333
3 0.456250 0.653333 0.030000 0.080000
