3 0.353750 0.911111 0.092500 0.177778
3 0.670625 0.837778 0.068750 0.164444
2 0.791875 0.870000 0.103750 0.162222
1 0.704375 0.771111 0.048750 0.080000
1 0.650000 0.708889 0.035000 0.057778
1 0.553125 0.798889 0.051250 0.068889
1 0.579375 0.857778 0.051250 0.071111
1 0.520625 0.751111 0.066250 0.057778
3 0.535000 0.637778 0.070000 0.071111
1 0.192500 0.712222 0.067500 0.046667
4 0.270625 0.837778 0.011250 0.120000
0 0.318125 0.862222 0.021250 0.088889
0 0.346875 0.808889 0.016250 0.080000
0 0.386875 0.820000 0.021250 0.071111
0 0.246875 0.818889 0.026250 0.077778
0 0.210625 0.962222 0.031250 0.071111
0 0.527500 0.841111 0.017500 0.068889
2 0.587500 0.946667 0.080000 0.106667
