0 0.558073 0.700117 0.031771 0.125587
0 0.740104 0.481808 0.020833 0.083333
0 0.787760 0.505869 0.022396 0.082160
0 0.820312 0.375587 0.014583 0.053991
0 0.758594 0.325704 0.024479 0.064554
0 0.756510 0.262911 0.016146 0.063380
0 0.792188 0.275822 0.021875 0.065728
0 0.833333 0.286385 0.016667 0.065728
0 0.867188 0.364437 0.018750 0.066901
0 0.900521 0.281690 0.014583 0.056338
0 0.803385 0.218310 0.013021 0.042254
0 0.773177 0.218897 0.017188 0.052817
1 0.724479 0.224178 0.047917 0.063380
2 0.295833 0.659038 0.146875 0.430751
2 0.911719 0.563380 0.127604 0.302817
1 0.848958 0.204812 0.048958 0.041080
