0 0.0859683794466403 0.9248251748251748 0.04150197628458498 0.12937062937062938
0 0.2351778656126482 0.8846153846153846 0.04743083003952569 0.18181818181818182
0 0.16699604743083002 0.6590909090909091 0.04150197628458498 0.12937062937062938
0 0.15316205533596836 0.763986013986014 0.04150197628458498 0.12937062937062938
0 0.15118577075098813 0.8793706293706294 0.04150197628458498 0.17832167832167833
0 0.09486166007905138 0.8199300699300699 0.035573122529644265 0.12237762237762238
0 0.11363636363636363 0.6905594405594405 0.04150197628458498 0.12937062937062938
0 0.10177865612648221 0.6101398601398601 0.029644268774703556 0.0944055944055944
0 0.18774703557312253 0.9125874125874126 0.043478260869565216 0.13986013986013987
0 0.21541501976284583 0.7657342657342657 0.043478260869565216 0.13986013986013987
0 0.2025691699604743 0.6730769230769231 0.029644268774703556 0.11538461538461539
0 0.21739130434782608 0.5979020979020979 0.023715415019762844 0.11188811188811189
0 0.1492094861660079 0.5314685314685315 0.02569169960474308 0.0979020979020979
0 0.18873517786561264 0.513986013986014 0.02569169960474308 0.0979020979020979
0 0.5039525691699605 0.534965034965035 0.03162055335968379 0.11888111888111888
0 0.5592885375494071 0.5332167832167832 0.03952569169960474 0.10839160839160839
0 0.7994071146245059 0.9230769230769231 0.05731225296442687 0.11888111888111888
0 0.7470355731225296 0.8496503496503497 0.05533596837944664 0.20279720279720279
0 0.6314229249011857 0.7045454545454546 0.04940711462450593 0.16433566433566432
0 0.8181818181818181 0.666083916083916 0.03162055335968379 0.11538461538461539
4 0.6274703557312252 0.5402097902097902 0.029644268774703556 0.10139860139860139
4 0.6788537549407114 0.5472027972027972 0.07312252964426877 0.13636363636363635
2 0.21541501976284583 0.4230769230769231 0.05138339920948616 0.1258741258741259
1 0.3063241106719367 0.715034965034965 0.09881422924901186 0.2062937062937063
1 0.3181818181818182 0.6118881118881119 0.07905138339920947 0.1258741258741259
1 0.4496047430830039 0.5926573426573427 0.08893280632411067 0.15734265734265734
1 0.4911067193675889 0.7027972027972028 0.09683794466403162 0.16783216783216784
1 0.30039525691699603 0.534965034965035 0.07509881422924901 0.1258741258741259
1 0.3804347826086956 0.47027972027972026 0.061264822134387345 0.0944055944055944
1 0.44664031620553357 0.43006993006993005 0.05928853754940711 0.09090909090909091
1 0.40909090909090906 0.3811188811188811 0.05928853754940711 0.09090909090909091
1 0.6116600790513833 0.8986013986013986 0.18379446640316205 0.17482517482517482
2 0.22628458498023715 0.2534965034965035 0.03359683794466403 0.06643356643356643
