0 0.528125 0.936667 0.016250 0.104444
0 0.800000 0.862222 0.017500 0.084444
0 0.820625 0.937778 0.023750 0.097778
0 0.703750 0.768889 0.012500 0.062222
0 0.374375 0.741111 0.016250 0.060000
1 0.584375 0.934444 0.061250 0.126667
1 0.745000 0.881111 0.065000 0.086667
1 0.612500 0.730000 0.030000 0.073333
1 0.665625 0.704444 0.028750 0.053333
3 0.646875 0.773333 0.066250 0.124444
3 0.720625 0.727778 0.048750 0.100000
1 0.642500 0.875556 0.072500 0.102222
1 0.258750 0.721111 0.100000 0.068889
