3 0.425000 0.734444 0.045000 0.077778
3 0.745000 0.955556 0.105000 0.088889
1 0.805625 0.867778 0.103750 0.104444
1 0.815000 0.952222 0.077500 0.091111
1 0.685625 0.866667 0.073750 0.071111
1 0.661250 0.944444 0.065000 0.111111
1 0.581250 0.922222 0.057500 0.106667
1 0.322500 0.953333 0.075000 0.093333
1 0.403125 0.797778 0.048750 0.102222
1 0.348750 0.760000 0.052500 0.075556
1 0.218125 0.961111 0.093750 0.077778
0 0.243125 0.860000 0.023750 0.093333
0 0.179375 0.862222 0.023750 0.093333
4 0.115000 0.848889 0.020000 0.093333
0 0.260000 0.786667 0.020000 0.071111
0 0.945000 0.952222 0.030000 0.091111
