4 0.6561264822134387 0.1520979020979021 0.015810276679841896 0.06643356643356643
0 0.9160079051383399 0.13636363636363635 0.017786561264822132 0.06993006993006994
0 0.8715415019762845 0.14160839160839161 0.01976284584980237 0.05944055944055944
0 0.9634387351778656 0.08741258741258741 0.01383399209486166 0.04195804195804196
0 0.9476284584980237 0.06993006993006994 0.009881422924901184 0.04195804195804196
0 0.4476284584980237 0.6713286713286714 0.08498023715415019 0.20279720279720279
0 0.36067193675889325 0.5594405594405595 0.08102766798418971 0.17482517482517482
0 0.11363636363636363 0.42132867132867136 0.04940711462450593 0.13636363636363635
0 0.5553359683794467 0.25 0.04743083003952569 0.10139860139860139
0 0.20652173913043476 0.28496503496503495 0.029644268774703556 0.06643356643356643
0 0.04644268774703557 0.31993006993006995 0.037549407114624504 0.08741258741258741
0 0.25494071146245056 0.14685314685314685 0.04743083003952569 0.06293706293706294
1 0.34881422924901184 0.3339160839160839 0.16798418972332016 0.15734265734265734
1 0.20355731225296442 0.38461538461538464 0.16205533596837943 0.17482517482517482
1 0.11166007905138339 0.2534965034965035 0.11660079051383399 0.10139860139860139
1 0.9061264822134387 0.043706293706293704 0.029644268774703556 0.038461538461538464
