0 0.828125 0.794601 0.051042 0.138498
0 0.844010 0.667840 0.035937 0.136150
0 0.802344 0.625000 0.031771 0.137324
0 0.859896 0.527582 0.029167 0.102113
0 0.883594 0.484155 0.024479 0.088028
0 0.950260 0.514085 0.032813 0.119718
0 0.925000 0.666667 0.031250 0.138498
0 0.967969 0.740610 0.034896 0.124413
0 0.713802 0.491197 0.023438 0.095070
0 0.706510 0.367958 0.023438 0.076291
0 0.205469 0.487089 0.022396 0.098592
0 0.116667 0.447770 0.032292 0.078638
1 0.731510 0.223005 0.028646 0.039906
2 0.662500 0.288146 0.110417 0.172535
2 0.866927 0.270540 0.083854 0.200704
3 0.775000 0.357981 0.076042 0.201878
