0 0.029644268774703556 0.916083916083916 0.04743083003952569 0.13986013986013987
0 0.07806324110671936 0.798951048951049 0.037549407114624504 0.16433566433566432
0 0.12055335968379446 0.6520979020979021 0.03162055335968379 0.10839160839160839
0 0.12252964426877469 0.7412587412587412 0.03162055335968379 0.11888111888111888
0 0.18478260869565216 0.6695804195804196 0.03359683794466403 0.10839160839160839
0 0.2618577075098814 0.7377622377622378 0.037549407114624504 0.15384615384615385
0 0.19960474308300394 0.5664335664335665 0.035573122529644265 0.09090909090909091
0 0.15810276679841895 0.9248251748251748 0.035573122529644265 0.12237762237762238
0 0.19960474308300394 0.9090909090909091 0.03952569169960474 0.15384615384615385
0 0.2519762845849802 0.9073426573426573 0.061264822134387345 0.15734265734265734
0 0.5039525691699605 0.9230769230769231 0.05138339920948616 0.1258741258741259
0 0.1541501976284585 0.486013986013986 0.02766798418972332 0.0979020979020979
0 0.20059288537549405 0.486013986013986 0.02569169960474308 0.09090909090909091
4 0.7391304347826086 0.5926573426573427 0.02766798418972332 0.10139860139860139
1 0.6175889328063241 0.9335664335664335 0.15217391304347824 0.1048951048951049
1 0.5494071146245059 0.8269230769230769 0.13043478260869565 0.1993006993006993
1 0.4051383399209486 0.8391608391608392 0.11067193675889328 0.1958041958041958
1 0.34486166007905134 0.722027972027972 0.10869565217391304 0.21328671328671328
1 0.4703557312252964 0.6713286713286714 0.1067193675889328 0.17482517482517482
1 0.5533596837944663 0.6153846153846154 0.0909090909090909 0.13986013986013987
1 0.31324110671936756 0.5734265734265734 0.07312252964426877 0.09090909090909091
1 0.30039525691699603 0.5157342657342657 0.05533596837944664 0.08741258741258741
1 0.41897233201581024 0.5856643356643356 0.07905138339920947 0.12237762237762238
1 0.41996047430830036 0.5104895104895105 0.08498023715415019 0.1048951048951049
1 0.2816205533596838 0.4493006993006993 0.0533596837944664 0.10139860139860139
1 0.33695652173913043 0.3968531468531469 0.04545454545454545 0.07342657342657342
2 0.49011857707509876 0.44405594405594406 0.12252964426877469 0.1958041958041958
4 0.0800395256916996 0.5157342657342657 0.021739130434782608 0.10139860139860139
