1 0.6640316205533596 0.4090909090909091 0.13043478260869565 0.1888111888111888
1 0.8685770750988142 0.3041958041958042 0.08893280632411067 0.13986013986013987
1 0.8517786561264822 0.20104895104895104 0.07114624505928853 0.08041958041958042
1 0.9031620553359683 0.11363636363636363 0.043478260869565216 0.07342657342657342
1 0.8972332015810276 0.05419580419580419 0.03162055335968379 0.05244755244755245
1 0.9278656126482213 0.07342657342657342 0.03359683794466403 0.04895104895104895
0 0.9555335968379446 0.07867132867132867 0.01383399209486166 0.045454545454545456
0 0.967391304347826 0.06993006993006994 0.01383399209486166 0.04195804195804196
0 0.08201581027667984 0.5786713286713286 0.05731225296442687 0.17832167832167833
0 0.1067193675889328 0.3513986013986014 0.04743083003952569 0.10839160839160839
0 0.09881422924901186 0.29895104895104896 0.05138339920948616 0.08041958041958042
0 0.024703557312252964 0.3583916083916084 0.03359683794466403 0.12237762237762238
1 0.11067193675889328 0.25524475524475526 0.13438735177865613 0.11888111888111888
0 0.24999999999999997 0.15384615384615385 0.04545454545454545 0.06293706293706294
0 0.7786561264822134 0.5192307692307693 0.043478260869565216 0.15734265734265734
0 0.8774703557312252 0.6975524475524475 0.06719367588932806 0.1993006993006993
