1 0.701875 0.934444 0.078750 0.113333
1 0.623125 0.748889 0.041250 0.075556
1 0.330000 0.818889 0.060000 0.086667
1 0.366250 0.947778 0.077500 0.104444
1 0.568125 0.783333 0.051250 0.091111
1 0.360625 0.721111 0.038750 0.077778
1 0.105000 0.947778 0.130000 0.104444
3 0.396875 0.800000 0.063750 0.173333
3 0.242500 0.827778 0.052500 0.100000
3 0.590000 0.667778 0.035000 0.082222
0 0.769375 0.954444 0.021250 0.091111
0 0.791875 0.845556 0.023750 0.082222
0 0.761250 0.815556 0.015000 0.080000
0 0.728125 0.818889 0.018750 0.073333
0 0.509375 0.786667 0.026250 0.066667
0 0.273125 0.945556 0.028750 0.108889
0 0.263750 0.890000 0.027500 0.091111
0 0.183125 0.895556 0.026250 0.097778
0 0.125625 0.846667 0.023750 0.084444
0 0.073125 0.907778 0.028750 0.082222
0 0.172500 0.821111 0.017500 0.086667
0 0.213750 0.813333 0.020000 0.075556
3 0.440625 0.693333 0.038750 0.093333
