1 0.326823 0.850939 0.196354 0.152582
0 0.797135 0.411385 0.024479 0.064554
0 0.810677 0.340962 0.024479 0.052817
1 0.541146 0.490023 0.107292 0.167840
1 0.680469 0.311033 0.050521 0.105634
0 0.342448 0.664319 0.030729 0.124413
0 0.284635 0.570423 0.030729 0.124413
0 0.195052 0.582160 0.030729 0.124413
0 0.167448 0.772300 0.030729 0.124413
1 0.757552 0.324531 0.049479 0.080986
2 0.692708 0.441901 0.088542 0.163146
1 0.756771 0.587441 0.087500 0.137324
1 0.595573 0.760563 0.115104 0.230047
1 0.200781 0.499413 0.091146 0.104460
1 0.806771 0.838028 0.114583 0.159624
4 0.964323 0.546362 0.071354 0.139671
3 0.614844 0.292254 0.077604 0.089202
