0 0.15019762845849802 0.8951048951048951 0.043478260869565216 0.16783216783216784
0 0.12648221343873517 0.8024475524475524 0.043478260869565216 0.13636363636363635
0 0.10375494071146245 0.5646853146853147 0.021739130434782608 0.10139860139860139
0 0.4535573122529644 0.7692307692307693 0.04150197628458498 0.16083916083916083
0 0.35079051383399207 0.5629370629370629 0.02569169960474308 0.11888111888111888
0 0.40316205533596833 0.5559440559440559 0.035573122529644265 0.11888111888111888
0 0.5197628458498024 0.4965034965034965 0.01976284584980237 0.09090909090909091
0 0.5869565217391304 0.4527972027972028 0.023715415019762844 0.08041958041958042
0 0.5187747035573123 0.4178321678321678 0.029644268774703556 0.07342657342657342
0 0.18478260869565216 0.583916083916084 0.02569169960474308 0.1048951048951049
0 0.19466403162055335 0.5297202797202797 0.037549407114624504 0.08041958041958042
0 0.3043478260869565 0.42657342657342656 0.015810276679841896 0.08391608391608392
0 0.2875494071146245 0.46853146853146854 0.021739130434782608 0.07692307692307693
0 0.12747035573122528 0.45454545454545453 0.04940711462450593 0.08391608391608392
0 0.18379446640316205 0.4562937062937063 0.02766798418972332 0.08041958041958042
0 0.4130434782608695 0.3811188811188811 0.023715415019762844 0.06293706293706294
0 0.20948616600790512 0.4318181818181818 0.015810276679841896 0.06643356643356643
0 0.1867588932806324 0.3951048951048951 0.02569169960474308 0.06293706293706294
0 0.26778656126482214 0.38461538461538464 0.017786561264822132 0.06993006993006994
0 0.24505928853754938 0.3986013986013986 0.023715415019762844 0.06993006993006994
1 0.23418972332015808 0.7307692307692307 0.09288537549407114 0.18181818181818182
1 0.2628458498023715 0.5314685314685315 0.06719367588932806 0.1258741258741259
1 0.4328063241106719 0.458041958041958 0.07114624505928853 0.1048951048951049
1 0.38241106719367585 0.3374125874125874 0.04150197628458498 0.05944055944055944
1 0.2598814229249012 0.3339160839160839 0.037549407114624504 0.05244755244755245
1 0.2401185770750988 0.291958041958042 0.03359683794466403 0.05244755244755245
3 0.3330039525691699 0.3618881118881119 0.061264822134387345 0.12937062937062938
3 0.7737154150197628 0.8269230769230769 0.23913043478260868 0.3181818181818182
4 0.733201581027668 0.5297202797202797 0.01976284584980237 0.10139860139860139
