2 0.7418750000000001 0.68 0.22125 0.35555555555555557
1 0.19875 0.5288888888888889 0.0825 0.14666666666666667
1 0.195625 0.39444444444444443 0.05375 0.09111111111111111
0 0.07125000000000001 0.59 0.0375 0.14888888888888888
0 0.364375 0.7711111111111111 0.051250000000000004 0.21777777777777776
0 0.43125 0.6955555555555556 0.04 0.18666666666666668
0 0.484375 0.68 0.03625 0.18222222222222223
0 0.41250000000000003 0.5955555555555555 0.0375 0.13333333333333333
0 0.5075000000000001 0.5666666666666667 0.0375 0.14666666666666667
0 0.5675 0.49666666666666665 0.035 0.07333333333333333
0 0.5725 0.5966666666666667 0.035 0.15777777777777777
0 0.650625 0.4688888888888889 0.02375 0.10222222222222223
0 0.409375 0.4677777777777778 0.02625 0.11333333333333333
0 0.4575 0.4622222222222222 0.0275 0.10222222222222223
0 0.519375 0.4588888888888889 0.02375 0.10444444444444445
0 0.36375 0.41555555555555557 0.02 0.08888888888888889
0 0.471875 0.42444444444444446 0.02625 0.09777777777777778
