0 0.742708 0.400822 0.027083 0.083333
0 0.646875 0.753521 0.027083 0.147887
0 0.266146 0.544601 0.026042 0.084507
0 0.168490 0.444836 0.020313 0.093897
0 0.142969 0.379108 0.021354 0.042254
0 0.883073 0.784038 0.042188 0.129108
0 0.956250 0.813967 0.035417 0.113850
0 0.954427 0.651408 0.031771 0.117371
0 0.879427 0.284624 0.011979 0.052817
1 0.599479 0.643779 0.100000 0.156103
2 0.459896 0.579225 0.094792 0.151408
1 0.827865 0.356221 0.055729 0.099765
1 0.781771 0.590962 0.070833 0.167840
1 0.830729 0.265258 0.040625 0.068075
3 0.907031 0.435446 0.081771 0.197183
3 0.720052 0.280516 0.071354 0.131455
3 0.827083 0.180164 0.056250 0.080986
3 0.891406 0.189554 0.047396 0.090376
3 0.315625 0.239437 0.088542 0.117371
