0 0.294531 0.464789 0.036979 0.075117
2 0.181771 0.774061 0.195833 0.322770
0 0.972656 0.479460 0.026562 0.080986
1 0.545833 0.417840 0.088542 0.136150
1 0.184635 0.571009 0.066146 0.109155
1 0.133333 0.434272 0.101042 0.107981
1 0.600000 0.301643 0.053125 0.093897
1 0.680208 0.281103 0.064583 0.090376
1 0.823438 0.854460 0.121875 0.138498
1 0.905208 0.414906 0.059375 0.132629
3 0.663021 0.503521 0.114583 0.258216
3 0.504167 0.775822 0.190625 0.333333
3 0.808073 0.509390 0.089063 0.237089
3 0.741667 0.352700 0.083333 0.177230
3 0.854167 0.300469 0.057292 0.140845
