0 0.633125 0.917778 0.016250 0.088889
0 0.849375 0.897778 0.018750 0.071111
0 0.800000 0.868889 0.017500 0.080000
0 0.763750 0.828889 0.015000 0.071111
0 0.477500 0.747778 0.025000 0.055556
0 0.446875 0.726667 0.018750 0.057778
0 0.288750 0.857778 0.020000 0.088889
0 0.271250 0.815556 0.015000 0.084444
0 0.234375 0.918889 0.031250 0.108889
0 0.187500 0.918889 0.025000 0.100000
0 0.131250 0.938889 0.022500 0.108889
0 0.053125 0.948889 0.031250 0.088889
0 0.111875 0.898889 0.021250 0.100000
0 0.153125 0.865556 0.018750 0.086667
0 0.198125 0.807778 0.013750 0.082222
0 0.223750 0.838889 0.015000 0.091111
1 0.353750 0.826667 0.055000 0.088889
1 0.572500 0.927778 0.062500 0.117778
1 0.530000 0.668889 0.022500 0.048889
1 0.560000 0.710000 0.030000 0.060000
1 0.396875 0.676667 0.031250 0.055556
3 0.700625 0.858889 0.093750 0.228889
3 0.645625 0.778889 0.038750 0.100000
1 0.613750 0.677778 0.022500 0.044444
1 0.634375 0.735556 0.046250 0.080000
3 0.782500 0.958889 0.132500 0.082222
3 0.920625 0.965556 0.151250 0.068889
2 0.582500 0.785556 0.057500 0.126667
4 0.133125 0.703333 0.011250 0.055556
