0 0.649740 0.524648 0.027604 0.086854
0 0.728906 0.579812 0.025521 0.093897
0 0.659896 0.453638 0.016667 0.076291
0 0.684375 0.425469 0.014583 0.083333
0 0.705729 0.455986 0.013542 0.080986
0 0.913021 0.635563 0.016667 0.106808
0 0.939583 0.798122 0.027083 0.122066
0 0.885417 0.589202 0.013542 0.086854
0 0.965104 0.696596 0.022917 0.116197
0 0.890625 0.502347 0.013542 0.068075
0 0.796354 0.404343 0.020833 0.064554
2 0.707552 0.187793 0.073438 0.115023
1 0.601562 0.282277 0.061458 0.095070
1 0.412760 0.581573 0.135937 0.170188
1 0.808854 0.616784 0.073958 0.184272
1 0.522396 0.664906 0.115625 0.196009
1 0.177083 0.761737 0.115625 0.262911
1 0.770052 0.850352 0.096354 0.139671
1 0.848698 0.437793 0.061979 0.093897
1 0.592448 0.423122 0.090104 0.139671
