0 0.034375 0.834444 0.063750 0.157778
1 0.197500 0.562222 0.092500 0.111111
0 0.560000 0.691111 0.047500 0.120000
0 0.650000 0.747778 0.035000 0.131111
0 0.758750 0.773333 0.032500 0.111111
0 0.836875 0.915556 0.046250 0.164444
0 0.946875 0.935556 0.063750 0.120000
0 0.915000 0.848889 0.047500 0.106667
0 0.839375 0.821111 0.048750 0.113333
0 0.850625 0.775556 0.048750 0.106667
0 0.778750 0.733333 0.045000 0.102222
0 0.721875 0.708889 0.038750 0.111111
0 0.926875 0.715556 0.036250 0.102222
0 0.832500 0.650000 0.032500 0.100000
0 0.806875 0.662222 0.031250 0.102222
0 0.789375 0.681111 0.033750 0.095556
0 0.771875 0.617778 0.033750 0.097778
0 0.734375 0.612222 0.023750 0.082222
0 0.704375 0.626667 0.028750 0.097778
0 0.664375 0.603333 0.028750 0.095556
4 0.521875 0.601111 0.036250 0.082222
3 0.580000 0.544444 0.070000 0.142222
0 0.640625 0.566667 0.031250 0.080000
1 0.639375 0.528889 0.046250 0.075556
0 0.698750 0.567778 0.022500 0.077778
0 0.440000 0.525556 0.042500 0.068889
0 0.399375 0.503333 0.046250 0.064444
