0 0.502344 0.565141 0.044271 0.090376
0 0.248177 0.464202 0.028646 0.090376
0 0.201563 0.433099 0.028125 0.068075
0 0.185677 0.387911 0.027604 0.057512
0 0.754167 0.720070 0.042708 0.151408
1 0.160417 0.785798 0.184375 0.282864
0 0.901042 0.654343 0.030208 0.160798
0 0.928385 0.805751 0.030729 0.146714
0 0.964844 0.512911 0.025521 0.110329
0 0.903125 0.477113 0.031250 0.118545
0 0.843229 0.553404 0.033333 0.123239
0 0.783073 0.512324 0.021354 0.088028
0 0.878906 0.345070 0.034896 0.100939
0 0.881771 0.279343 0.017708 0.072770
0 0.885938 0.237089 0.016667 0.075117
0 0.829427 0.179577 0.020313 0.075117
1 0.788281 0.229460 0.039062 0.078638
1 0.810417 0.339789 0.061458 0.090376
1 0.649740 0.374413 0.063021 0.091549
1 0.189323 0.531103 0.076563 0.109155
