0 0.546875 0.757778 0.018750 0.057778
0 0.775000 0.952222 0.027500 0.086667
0 0.766250 0.837778 0.020000 0.053333
0 0.729375 0.842222 0.018750 0.075556
0 0.470000 0.756667 0.022500 0.055556
0 0.134375 0.942222 0.026250 0.102222
0 0.139375 0.856667 0.018750 0.086667
0 0.233125 0.777778 0.018750 0.062222
1 0.386875 0.766667 0.041250 0.084444
1 0.675000 0.906667 0.070000 0.106667
1 0.418750 0.690000 0.032500 0.068889
1 0.640000 0.788889 0.052500 0.080000
1 0.678750 0.743333 0.040000 0.064444
3 0.614375 0.957778 0.103750 0.084444
2 0.309375 0.842222 0.096250 0.257778
0 0.808750 0.882222 0.017500 0.080000
