0 0.19664031620553357 0.7167832167832168 0.04545454545454545 0.16083916083916083
0 0.26482213438735175 0.5384615384615384 0.043478260869565216 0.11888111888111888
0 0.16699604743083002 0.5629370629370629 0.04150197628458498 0.11888111888111888
0 0.6768774703557312 0.6835664335664335 0.0533596837944664 0.16433566433566432
0 0.17984189723320157 0.9055944055944056 0.05928853754940711 0.16083916083916083
0 0.10276679841897232 0.9458041958041958 0.03952569169960474 0.08741258741258741
0 0.33893280632411066 0.6048951048951049 0.04545454545454545 0.16083916083916083
0 0.21739130434782608 0.548951048951049 0.043478260869565216 0.11888111888111888
0 0.13142292490118576 0.493006993006993 0.029644268774703556 0.09090909090909091
0 0.18280632411067194 0.4405594405594406 0.029644268774703556 0.09090909090909091
0 0.39624505928853754 0.44755244755244755 0.029644268774703556 0.09090909090909091
0 0.6017786561264822 0.4230769230769231 0.029644268774703556 0.09090909090909091
0 0.5306324110671936 0.46853146853146854 0.029644268774703556 0.09090909090909091
0 0.7865612648221343 0.6625874125874126 0.03162055335968379 0.12937062937062938
0 0.8231225296442687 0.6643356643356644 0.04940711462450593 0.13286713286713286
4 0.03260869565217391 0.6730769230769231 0.037549407114624504 0.14335664335664336
4 0.6946640316205533 0.5437062937062938 0.021739130434782608 0.08741258741258741
4 0.6719367588932806 0.541958041958042 0.023715415019762844 0.11188811188811189
4 0.08498023715415019 0.5034965034965035 0.02766798418972332 0.11188811188811189
0 0.5662055335968379 0.36363636363636365 0.021739130434782608 0.055944055944055944
1 0.4841897233201581 0.6818181818181818 0.07905138339920947 0.16083916083916083
1 0.5009881422924901 0.3479020979020979 0.08102766798418971 0.06643356643356643
1 0.341897233201581 0.3968531468531469 0.05138339920948616 0.08041958041958042
1 0.45454545454545453 0.479020979020979 0.07114624505928853 0.1258741258741259
1 0.341897233201581 0.46853146853146854 0.05138339920948616 0.09090909090909091
1 0.5385375494071146 0.5681818181818182 0.09288537549407114 0.15034965034965034
1 0.5662055335968379 0.8461538461538461 0.17984189723320157 0.27972027972027974
1 0.24901185770750986 0.40384615384615385 0.043478260869565216 0.07342657342657342
2 0.28557312252964423 0.263986013986014 0.0533596837944664 0.11538461538461539
2 0.633399209486166 0.3094405594405594 0.1284584980237154 0.11538461538461539
