0 0.656875 0.826667 0.041250 0.075556
0 0.720625 0.868889 0.018750 0.080000
0 0.755000 0.916667 0.020000 0.095556
0 0.814375 0.940000 0.021250 0.097778
0 0.895625 0.910000 0.023750 0.082222
0 0.855000 0.938889 0.020000 0.091111
0 0.781250 0.897778 0.022500 0.093333
0 0.735625 0.825556 0.018750 0.068889
0 0.760625 0.817778 0.018750 0.075556
0 0.751250 0.757778 0.017500 0.053333
0 0.728750 0.768889 0.020000 0.071111
0 0.625625 0.680000 0.011250 0.048889
0 0.650625 0.710000 0.011250 0.051111
1 0.631250 0.768889 0.045000 0.071111
0 0.510625 0.778889 0.023750 0.068889
0 0.479375 0.750000 0.026250 0.055556
1 0.435000 0.716667 0.037500 0.082222
1 0.367500 0.738889 0.042500 0.091111
1 0.293125 0.756667 0.046250 0.068889
1 0.588750 0.970000 0.072500 0.060000
1 0.509375 0.637778 0.063750 0.057778
1 0.445000 0.650000 0.027500 0.046667
0 0.208125 0.846667 0.026250 0.088889
0 0.250625 0.718889 0.018750 0.060000
0 0.100000 0.748889 0.037500 0.057778
0 0.135625 0.730000 0.031250 0.060000
1 0.595625 0.662222 0.028750 0.053333
2 0.636250 0.628889 0.040000 0.080000
