1 0.818125 0.904444 0.093750 0.124444
1 0.390000 0.681111 0.067500 0.046667
1 0.156875 0.734444 0.088750 0.068889
1 0.251875 0.720000 0.066250 0.053333
1 0.700000 0.918889 0.080000 0.126667
1 0.620625 0.728889 0.038750 0.066667
2 0.468125 0.740000 0.083750 0.084444
2 0.638125 0.613333 0.046250 0.088889
3 0.651875 0.690000 0.033750 0.077778
1 0.643125 0.793333 0.053750 0.097778
0 0.345625 0.786667 0.028750 0.075556
0 0.131875 0.843333 0.021250 0.086667
4 0.508750 0.847778 0.015000 0.095556
0 0.739375 0.845556 0.016250 0.082222
0 0.763125 0.932222 0.021250 0.104444
0 0.711250 0.804444 0.017500 0.084444
0 0.538750 0.707778 0.030000 0.046667
0 0.337500 0.733333 0.030000 0.048889
0 0.755625 0.765556 0.016250 0.073333
