1 0.87125 0.6922222222222222 0.18 0.2288888888888889
0 0.7468750000000001 0.6888888888888889 0.051250000000000004 0.19555555555555557
0 0.716875 0.83 0.06875 0.20222222222222222
0 0.59 0.8666666666666667 0.065 0.26222222222222225
0 0.455625 0.7466666666666667 0.04625 0.20444444444444446
0 0.38125000000000003 0.6044444444444445 0.0325 0.16444444444444445
0 0.47750000000000004 0.61 0.0275 0.1622222222222222
0 0.5231250000000001 0.5922222222222222 0.03375 0.15777777777777777
0 0.618125 0.6233333333333333 0.04875 0.1711111111111111
0 0.65375 0.6133333333333333 0.04 0.15555555555555556
0 0.7075 0.5177777777777778 0.035 0.11555555555555555
0 0.58375 0.47444444444444445 0.0275 0.10888888888888888
0 0.545 0.5055555555555555 0.025 0.11333333333333333
0 0.499375 0.5255555555555556 0.02875 0.12222222222222222
0 0.43 0.48444444444444446 0.03 0.1111111111111111
0 0.463125 0.3877777777777778 0.01625 0.08666666666666667
0 0.52125 0.44666666666666666 0.025 0.09777777777777778
0 0.405625 0.43222222222222223 0.01875 0.09111111111111111
