4 0.803750 0.857778 0.017500 0.088889
1 0.260625 0.928889 0.101250 0.142222
1 0.605000 0.717778 0.040000 0.071111
1 0.376875 0.867778 0.061250 0.117778
1 0.315625 0.815556 0.066250 0.111111
1 0.548750 0.702222 0.035000 0.066667
1 0.414375 0.736667 0.048750 0.086667
3 0.649375 0.808889 0.068750 0.151111
3 0.454375 0.670000 0.036250 0.100000
2 0.286875 0.720000 0.133750 0.208889
0 0.750000 0.892222 0.020000 0.086667
0 0.780625 0.885556 0.021250 0.082222
0 0.767500 0.837778 0.022500 0.071111
0 0.719375 0.831111 0.013750 0.071111
0 0.158125 0.897778 0.021250 0.106667
0 0.063750 0.910000 0.035000 0.108889
0 0.176875 0.838889 0.013750 0.077778
0 0.361250 0.811111 0.015000 0.066667
0 0.455625 0.777778 0.043750 0.057778
0 0.165625 0.805556 0.018750 0.077778
3 0.397500 0.688889 0.045000 0.088889
