0 0.11067193675889328 0.7727272727272727 0.035573122529644265 0.17482517482517482
0 0.16897233201581027 0.7867132867132867 0.04545454545454545 0.16783216783216784
0 0.23715415019762845 0.8898601398601399 0.06324110671936758 0.1853146853146853
0 0.1758893280632411 0.6608391608391608 0.043478260869565216 0.13986013986013987
0 0.1551383399209486 0.6031468531468531 0.03359683794466403 0.0944055944055944
0 0.22332015810276679 0.6486013986013986 0.035573122529644265 0.12237762237762238
0 0.19268774703557312 0.5856643356643356 0.021739130434782608 0.10139860139860139
0 0.24308300395256915 0.5541958041958042 0.02766798418972332 0.10839160839160839
0 0.5474308300395256 0.9318181818181818 0.08695652173913043 0.10839160839160839
0 0.4278656126482213 0.4370629370629371 0.02569169960474308 0.09090909090909091
0 0.2075098814229249 0.5122377622377622 0.01976284584980237 0.08741258741258741
0 0.18083003952569168 0.486013986013986 0.021739130434782608 0.06993006993006994
0 0.13833992094861658 0.5104895104895105 0.02766798418972332 0.09090909090909091
0 0.23814229249011856 0.45454545454545453 0.017786561264822132 0.06293706293706294
0 0.5355731225296443 0.3916083916083916 0.02766798418972332 0.06993006993006994
1 0.31126482213438733 0.6101398601398601 0.09288537549407114 0.15034965034965034
1 0.2954545454545454 0.47202797202797203 0.06521739130434782 0.0979020979020979
1 0.4871541501976284 0.7027972027972028 0.13636363636363635 0.2097902097902098
2 0.5207509881422925 0.5314685314685315 0.10474308300395256 0.1888111888111888
1 0.36166007905138337 0.42657342657342656 0.05928853754940711 0.11188811188811189
3 0.28656126482213434 0.3339160839160839 0.05533596837944664 0.12237762237762238
