3 0.340625 0.842222 0.068750 0.195556
3 0.588750 0.891111 0.075000 0.213333
1 0.705625 0.928889 0.068750 0.106667
1 0.774375 0.887778 0.086250 0.117778
1 0.242500 0.832222 0.080000 0.126667
0 0.118750 0.962222 0.035000 0.071111
0 0.415625 0.791111 0.033750 0.066667
0 0.519375 0.771111 0.023750 0.075556
0 0.470625 0.752222 0.021250 0.064444
0 0.648750 0.848889 0.017500 0.075556
0 0.714375 0.787778 0.013750 0.073333
0 0.888125 0.908889 0.026250 0.080000
0 0.397500 0.731111 0.030000 0.048889
1 0.541875 0.681111 0.033750 0.051111
