1 0.585 0.4255555555555556 0.085 0.1
0 0.1475 0.4688888888888889 0.0275 0.11555555555555555
0 0.216875 0.5433333333333333 0.03625 0.14444444444444443
0 0.380625 0.6211111111111111 0.03375 0.16666666666666666
0 0.42562500000000003 0.5366666666666666 0.02875 0.12666666666666668
0 0.47125 0.48444444444444446 0.03 0.12
0 0.4925 0.5866666666666667 0.0325 0.15555555555555556
0 0.4575 0.6433333333333333 0.0375 0.18
0 0.575625 0.6155555555555555 0.04875 0.16
0 0.62 0.7566666666666667 0.055 0.1622222222222222
0 0.625 0.8933333333333333 0.07 0.2088888888888889
0 0.85875 0.8644444444444445 0.085 0.24444444444444444
0 0.94125 0.8644444444444445 0.085 0.2577777777777778
