1 0.6975 0.5444444444444444 0.135 0.18666666666666668
1 0.355625 0.86 0.20125 0.27555555555555555
1 0.185 0.4122222222222222 0.055 0.08666666666666667
2 0.508125 0.39555555555555555 0.07625 0.13333333333333333
0 0.2325 0.59 0.0375 0.14444444444444443
0 0.480625 0.6544444444444445 0.03625 0.16666666666666666
0 0.21937500000000001 0.47888888888888886 0.02375 0.1
0 0.128125 0.42333333333333334 0.02625 0.09555555555555556
0 0.395625 0.5377777777777778 0.02625 0.12
0 0.451875 0.56 0.03125 0.14222222222222222
0 0.505625 0.5566666666666666 0.03125 0.14
0 0.5493750000000001 0.5411111111111111 0.03875 0.14444444444444443
0 0.48875 0.47 0.03 0.10444444444444445
0 0.413125 0.45666666666666667 0.02375 0.10444444444444445
0 0.37625000000000003 0.44 0.02 0.10222222222222223
0 0.57375 0.38222222222222224 0.0225 0.08444444444444445
