1 0.287500 0.834444 0.095000 0.100000
1 0.609375 0.947778 0.081250 0.104444
1 0.562500 0.778889 0.037500 0.064444
1 0.668125 0.793333 0.048750 0.053333
3 0.694375 0.718889 0.051250 0.091111
3 0.704375 0.913333 0.088750 0.173333
3 0.608750 0.818889 0.047500 0.144444
2 0.746250 0.826667 0.077500 0.142222
1 0.813750 0.963333 0.077500 0.073333
1 0.493750 0.695556 0.057500 0.057778
0 0.393750 0.734444 0.032500 0.051111
2 0.261250 0.693333 0.077500 0.062222
4 0.510625 0.842222 0.016250 0.102222
0 0.803125 0.876667 0.018750 0.091111
