0 0.465365 0.723592 0.047396 0.151408
0 0.297396 0.730047 0.034375 0.117371
0 0.174479 0.471244 0.035417 0.083333
0 0.116927 0.447183 0.032813 0.070423
0 0.131771 0.851526 0.062500 0.142019
0 0.874219 0.762324 0.031771 0.142019
0 0.915365 0.700117 0.029687 0.118545
0 0.948177 0.859155 0.035937 0.129108
0 0.858333 0.563967 0.028125 0.109155
0 0.977083 0.688967 0.033333 0.126761
0 0.844271 0.502347 0.025000 0.098592
0 0.819531 0.452465 0.020313 0.095070
0 0.956250 0.556925 0.028125 0.097418
1 0.757812 0.805751 0.100000 0.235915
1 0.774740 0.512911 0.059896 0.131455
1 0.615625 0.554577 0.087500 0.144366
1 0.582292 0.382042 0.070833 0.092723
1 0.624219 0.282864 0.054688 0.084507
4 0.652865 0.309859 0.027604 0.075117
1 0.858333 0.390845 0.044792 0.084507
1 0.921354 0.460094 0.058333 0.105634
1 0.365885 0.235915 0.075521 0.089202
3 0.695573 0.318662 0.067187 0.134977
3 0.754948 0.361502 0.074479 0.119718
3 0.607031 0.820423 0.153646 0.248826
3 0.435417 0.515845 0.158333 0.315728
3 0.211198 0.267019 0.098437 0.125587
