0 0.0266798418972332 0.9248251748251748 0.04545454545454545 0.12237762237762238
0 0.0800395256916996 0.9300699300699301 0.0533596837944664 0.1048951048951049
0 0.07509881422924901 0.8286713286713286 0.05138339920948616 0.1048951048951049
0 0.13833992094861658 0.8513986013986014 0.06719367588932806 0.15034965034965034
0 0.266798418972332 0.8618881118881119 0.043478260869565216 0.13636363636363635
0 0.3043478260869565 0.7517482517482518 0.03952569169960474 0.14685314685314685
0 0.08794466403162055 0.7027972027972028 0.04150197628458498 0.13986013986013987
0 0.09189723320158102 0.6188811188811189 0.037549407114624504 0.07692307692307693
0 0.6472332015810276 0.6241258741258742 0.037549407114624504 0.12937062937062938
0 0.826086956521739 0.8811188811188811 0.05928853754940711 0.16083916083916083
0 0.5602766798418972 0.5367132867132867 0.029644268774703556 0.10139860139860139
0 0.48320158102766797 0.46678321678321677 0.02569169960474308 0.06643356643356643
0 0.24407114624505927 0.5769230769230769 0.02569169960474308 0.1048951048951049
0 0.26778656126482214 0.6171328671328671 0.029644268774703556 0.10839160839160839
0 0.20059288537549405 0.6293706293706294 0.029644268774703556 0.06293706293706294
0 0.2559288537549407 0.6765734265734266 0.03359683794466403 0.08741258741258741
0 0.17391304347826086 0.7587412587412588 0.035573122529644265 0.11888111888111888
0 0.24703557312252963 0.46853146853146854 0.01976284584980237 0.07692307692307693
0 0.1768774703557312 0.5576923076923077 0.021739130434782608 0.07342657342657342
1 0.38142292490118573 0.798951048951049 0.11067193675889328 0.1993006993006993
1 0.3409090909090909 0.6206293706293706 0.08893280632411067 0.17132867132867133
1 0.30138339920948615 0.5034965034965035 0.06916996047430829 0.1048951048951049
1 0.2124505928853755 0.49475524475524474 0.04940711462450593 0.0944055944055944
1 0.2776679841897233 0.4125874125874126 0.04940711462450593 0.0979020979020979
1 0.33695652173913043 0.40734265734265734 0.04545454545454545 0.08041958041958042
1 0.38142292490118573 0.48951048951048953 0.043478260869565216 0.1048951048951049
1 0.41798418972332013 0.34965034965034963 0.06521739130434782 0.06293706293706294
1 0.6057312252964426 0.3723776223776224 0.06521739130434782 0.07342657342657342
1 0.5731225296442687 0.3374125874125874 0.06719367588932806 0.05244755244755245
2 0.28557312252964423 0.2762237762237762 0.0533596837944664 0.0979020979020979
3 0.4486166007905138 0.5786713286713286 0.09486166007905138 0.24125874125874125
3 0.5662055335968379 0.7867132867132867 0.14822134387351776 0.32867132867132864
0 0.14525691699604742 0.5804195804195804 0.02569169960474308 0.06993006993006994
0 0.1768774703557312 0.3793706293706294 0.017786561264822132 0.05944055944055944
0 0.21640316205533594 0.38286713286713286 0.02569169960474308 0.05944055944055944
4 0.6877470355731224 0.5227272727272727 0.02766798418972332 0.10139860139860139
