0 0.245 0.5566666666666666 0.0325 0.13111111111111112
0 0.47750000000000004 0.51 0.025 0.10888888888888888
0 0.54875 0.5266666666666666 0.03 0.12444444444444444
0 0.63875 0.5155555555555555 0.0325 0.12
0 0.6825 0.6644444444444444 0.05 0.1688888888888889
0 0.7781250000000001 0.6833333333333333 0.05375 0.19333333333333333
0 0.721875 0.7833333333333333 0.06625 0.20222222222222222
0 0.4025 0.44555555555555554 0.025 0.09555555555555556
0 0.555 0.4311111111111111 0.0175 0.08888888888888889
0 0.585 0.4077777777777778 0.0275 0.08222222222222222
0 0.4625 0.4111111111111111 0.0275 0.09333333333333334
1 0.38125000000000003 0.8588888888888889 0.225 0.2777777777777778
1 0.1925 0.41333333333333333 0.0525 0.09333333333333334
