0 0.246354 0.628521 0.028125 0.099765
0 0.167708 0.642606 0.025000 0.097418
0 0.196615 0.526408 0.023438 0.076291
0 0.520833 0.757042 0.033333 0.124413
0 0.570573 0.529343 0.016146 0.084507
0 0.635417 0.371479 0.009375 0.069249
0 0.555729 0.383803 0.017708 0.070423
0 0.668750 0.296948 0.013542 0.058685
0 0.774479 0.306338 0.014583 0.075117
0 0.761719 0.294601 0.015104 0.072770
0 0.802604 0.344484 0.018750 0.066901
0 0.831250 0.345070 0.018750 0.070423
0 0.852344 0.419014 0.021354 0.079812
0 0.855208 0.511150 0.022917 0.069249
0 0.843229 0.620305 0.018750 0.085681
0 0.880469 0.696596 0.026562 0.106808
0 0.843490 0.721244 0.028646 0.104460
0 0.888281 0.847418 0.038021 0.133803
0 0.750000 0.455986 0.018750 0.088028
0 0.724219 0.313967 0.013021 0.059859
0 0.698698 0.278756 0.017188 0.059859
1 0.289583 0.879108 0.137500 0.110329
1 0.758073 0.751761 0.111979 0.219484
1 0.784375 0.517606 0.056250 0.126761
1 0.714063 0.414319 0.059375 0.115023
1 0.634115 0.558685 0.082812 0.131455
1 0.604688 0.347418 0.044792 0.084507
1 0.873958 0.336854 0.036458 0.077465
1 0.927865 0.443662 0.077604 0.147887
1 0.932031 0.632629 0.088021 0.187793
1 0.483073 0.562793 0.101562 0.139671
2 0.676823 0.240023 0.056771 0.090376
3 0.779687 0.177817 0.041667 0.085681
