0 0.408125 0.8388888888888889 0.06125 0.24666666666666667
0 0.5325 0.8033333333333333 0.06 0.21555555555555556
0 0.6125 0.7211111111111111 0.045 0.18444444444444444
0 0.5775 0.5911111111111111 0.0325 0.1511111111111111
0 0.515625 0.5377777777777778 0.03125 0.13777777777777778
0 0.431875 0.6077777777777778 0.03625 0.15777777777777777
0 0.4525 0.5033333333333333 0.0275 0.11777777777777777
0 0.205625 0.46555555555555556 0.02375 0.08666666666666667
1 0.584375 0.42 0.08125 0.12
2 0.731875 0.6311111111111111 0.18125 0.3288888888888889
1 0.4825 0.39666666666666667 0.0525 0.07333333333333333
