0 0.187500 0.510000 0.050000 0.060000
0 0.233750 0.496667 0.037500 0.068889
0 0.351250 0.490000 0.045000 0.060000
0 0.302500 0.465556 0.042500 0.068889
1 0.385000 0.467778 0.087500 0.068889
0 0.633125 0.727778 0.036250 0.117778
0 0.851875 0.835556 0.063750 0.120000
0 0.943750 0.888889 0.052500 0.151111
0 0.919375 0.928889 0.058750 0.137778
0 0.808750 0.738889 0.045000 0.117778
0 0.858750 0.721111 0.052500 0.104444
1 0.733750 0.827778 0.130000 0.193333
1 0.573125 0.664444 0.076250 0.142222
1 0.670625 0.632222 0.066250 0.108889
0 0.718750 0.615556 0.027500 0.097778
0 0.763750 0.656667 0.035000 0.095556
0 0.798125 0.651111 0.026250 0.084444
0 0.830625 0.616667 0.023750 0.077778
0 0.626875 0.523333 0.028750 0.068889
0 0.670625 0.538889 0.018750 0.077778
0 0.733125 0.556667 0.021250 0.086667
0 0.761875 0.555556 0.026250 0.075556
0 0.506875 0.552222 0.056250 0.077778
