3 0.651875 0.750000 0.051250 0.122222
3 0.669375 0.690000 0.046250 0.122222
3 0.620625 0.687778 0.048750 0.126667
1 0.718125 0.925556 0.091250 0.148889
1 0.422500 0.750000 0.045000 0.077778
1 0.288750 0.966667 0.087500 0.066667
1 0.453750 0.692222 0.032500 0.051111
1 0.396875 0.697778 0.036250 0.066667
1 0.360000 0.688889 0.032500 0.062222
1 0.288125 0.787778 0.063750 0.108889
1 0.122500 0.692222 0.062500 0.055556
4 0.113125 0.756667 0.013750 0.068889
0 0.106250 0.890000 0.025000 0.091111
0 0.199375 0.898889 0.018750 0.100000
0 0.184375 0.868889 0.013750 0.088889
0 0.226250 0.840000 0.015000 0.093333
0 0.198750 0.782222 0.017500 0.080000
0 0.065000 0.942222 0.035000 0.106667
0 0.611250 0.847778 0.022500 0.091111
0 0.550000 0.796667 0.020000 0.073333
0 0.781875 0.917778 0.021250 0.097778
0 0.821250 0.907778 0.025000 0.095556
0 0.870000 0.876667 0.020000 0.091111
0 0.719375 0.734444 0.016250 0.055556
0 0.698750 0.740000 0.015000 0.071111
1 0.550625 0.710000 0.033750 0.055556
2 0.569375 0.662222 0.033750 0.071111
