0 0.09584980237154149 0.8688811188811189 0.0533596837944664 0.21328671328671328
0 0.07905138339920947 0.6433566433566433 0.043478260869565216 0.11888111888111888
0 0.16304347826086957 0.5646853146853147 0.029644268774703556 0.11538461538461539
0 0.22233201581027667 0.5804195804195804 0.029644268774703556 0.1048951048951049
0 0.19664031620553357 0.5367132867132867 0.029644268774703556 0.10839160839160839
0 0.2124505928853755 0.41083916083916083 0.021739130434782608 0.07342657342657342
0 0.5039525691699605 0.6923076923076923 0.035573122529644265 0.15384615384615385
0 0.5790513833992095 0.7115384615384616 0.035573122529644265 0.15034965034965034
1 0.2727272727272727 0.7727272727272727 0.09486166007905138 0.2097902097902098
1 0.4100790513833992 0.9178321678321678 0.13241106719367587 0.13636363636363635
1 0.4634387351778656 0.506993006993007 0.08102766798418971 0.1048951048951049
1 0.31126482213438733 0.3409090909090909 0.04150197628458498 0.08041958041958042
2 0.24308300395256915 0.3181818181818182 0.04743083003952569 0.0979020979020979
