1 0.735625 0.5744444444444444 0.14625 0.17555555555555555
1 0.585 0.42 0.0775 0.10666666666666666
1 0.529375 0.3655555555555556 0.06375 0.09555555555555556
0 0.31125 0.5588888888888889 0.035 0.12666666666666668
0 0.434375 0.5555555555555556 0.03125 0.13777777777777778
0 0.404375 0.6688888888888889 0.03375 0.16444444444444445
0 0.466875 0.8266666666666667 0.06125 0.20444444444444446
0 0.601875 0.8811111111111111 0.07625 0.23333333333333334
0 0.5806250000000001 0.7111111111111111 0.04625 0.17333333333333334
0 0.539375 0.6444444444444445 0.04125 0.16444444444444445
0 0.520625 0.5177777777777778 0.03125 0.11555555555555555
0 0.659375 0.72 0.051250000000000004 0.19555555555555557
0 0.7312500000000001 0.6944444444444444 0.0525 0.19777777777777777
0 0.864375 0.8866666666666667 0.08875 0.2222222222222222
0 0.2025 0.39111111111111113 0.025 0.08444444444444445
