0 0.097500 0.906667 0.077500 0.146667
0 0.190000 0.814444 0.045000 0.144444
0 0.123750 0.797778 0.040000 0.142222
0 0.271250 0.730000 0.040000 0.122222
0 0.350000 0.700000 0.047500 0.115556
0 0.086250 0.744444 0.030000 0.115556
0 0.053750 0.718889 0.040000 0.117778
0 0.138750 0.652222 0.035000 0.095556
0 0.188125 0.680000 0.033750 0.111111
0 0.172500 0.585556 0.032500 0.091111
0 0.218125 0.627778 0.028750 0.082222
0 0.256875 0.602222 0.028750 0.080000
0 0.213750 0.580000 0.032500 0.075556
1 0.316875 0.612222 0.066250 0.140000
0 0.379375 0.596667 0.028750 0.086667
0 0.424375 0.530000 0.028750 0.060000
0 0.554375 0.761111 0.051250 0.117778
0 0.765000 0.913333 0.042500 0.146667
0 0.852500 0.924444 0.040000 0.142222
0 0.909375 0.920000 0.063750 0.146667
0 0.758750 0.747778 0.032500 0.095556
0 0.796250 0.760000 0.032500 0.106667
0 0.871875 0.780000 0.036250 0.106667
0 0.904375 0.732222 0.041250 0.100000
0 0.682500 0.662222 0.030000 0.102222
0 0.732500 0.678889 0.025000 0.100000
0 0.660000 0.636667 0.027500 0.082222
0 0.705000 0.615556 0.022500 0.080000
0 0.728125 0.616667 0.026250 0.068889
0 0.774375 0.647778 0.021250 0.086667
0 0.816875 0.715556 0.033750 0.102222
0 0.830000 0.670000 0.025000 0.086667
0 0.813750 0.633333 0.030000 0.084444
0 0.788125 0.580000 0.031250 0.080000
0 0.708750 0.551111 0.025000 0.071111
1 0.593125 0.597778 0.053750 0.102222
1 0.636250 0.555556 0.060000 0.084444
1 0.555000 0.532222 0.042500 0.077778
