1 0.393750 0.818889 0.045000 0.108889
1 0.303750 0.848889 0.070000 0.128889
1 0.217500 0.858889 0.087500 0.108889
1 0.168750 0.958889 0.112500 0.082222
1 0.585000 0.937778 0.062500 0.115556
1 0.673125 0.796667 0.066250 0.077778
1 0.863125 0.951111 0.136250 0.093333
1 0.593125 0.752222 0.046250 0.064444
1 0.642500 0.731111 0.042500 0.057778
1 0.361875 0.738889 0.046250 0.077778
3 0.413125 0.761111 0.046250 0.082222
3 0.348125 0.907778 0.093750 0.184444
3 0.254375 0.758889 0.051250 0.068889
0 0.158125 0.858889 0.021250 0.082222
0 0.107500 0.896667 0.025000 0.095556
0 0.040625 0.930000 0.028750 0.108889
0 0.838750 0.840000 0.020000 0.066667
1 0.723125 0.970000 0.091250 0.060000
