4 0.505625 0.846667 0.021250 0.084444
0 0.621250 0.891111 0.022500 0.097778
0 0.661250 0.860000 0.017500 0.088889
0 0.578750 0.732222 0.012500 0.055556
0 0.816875 0.924444 0.021250 0.102222
0 0.881250 0.895556 0.037500 0.097778
0 0.796250 0.852222 0.017500 0.064444
1 0.734375 0.950000 0.093750 0.100000
1 0.617500 0.732222 0.042500 0.055556
1 0.626875 0.694444 0.031250 0.060000
1 0.541875 0.791111 0.053750 0.075556
1 0.388125 0.774444 0.106250 0.091111
1 0.349375 0.691111 0.073750 0.053333
1 0.510625 0.657778 0.033750 0.040000
3 0.540000 0.618889 0.027500 0.073333
3 0.730625 0.832222 0.078750 0.135556
3 0.424375 0.661111 0.068750 0.068889
1 0.228125 0.708889 0.083750 0.062222
0 0.315625 0.720000 0.031250 0.048889
0 0.247500 0.732222 0.032500 0.060000
0 0.200625 0.732222 0.041250 0.055556
2 0.698125 0.704444 0.081250 0.160000
2 0.565625 0.862222 0.056250 0.128889
1 0.483125 0.736667 0.078750 0.064444
1 0.645000 0.785556 0.047500 0.068889
0 0.140000 0.732222 0.030000 0.055556
