0 0.02075098814229249 0.9283216783216783 0.029644268774703556 0.11538461538461539
0 0.06324110671936758 0.8968531468531469 0.03162055335968379 0.15034965034965034
0 0.08102766798418971 0.9388111888111889 0.04743083003952569 0.0944055944055944
0 0.05533596837944664 0.7937062937062938 0.043478260869565216 0.13286713286713286
0 0.11462450592885375 0.9143356643356644 0.03162055335968379 0.14335664335664336
0 0.18280632411067194 0.9090909090909091 0.04545454545454545 0.14685314685314685
0 0.14723320158102765 0.9370629370629371 0.037549407114624504 0.1048951048951049
0 0.23418972332015808 0.9283216783216783 0.04150197628458498 0.11538461538461539
0 0.2974308300395257 0.9055944055944056 0.04940711462450593 0.16083916083916083
0 0.10177865612648221 0.8269230769230769 0.04150197628458498 0.11538461538461539
0 0.14031620553359683 0.8006993006993007 0.03952569169960474 0.14685314685314685
0 0.17984189723320157 0.8041958041958042 0.043478260869565216 0.13286713286713286
0 0.10869565217391304 0.7202797202797203 0.035573122529644265 0.11188811188811189
0 0.07608695652173912 0.6520979020979021 0.037549407114624504 0.12937062937062938
0 0.11956521739130434 0.6520979020979021 0.02569169960474308 0.08741258741258741
0 0.1442687747035573 0.6853146853146853 0.02766798418972332 0.11188811188811189
0 0.17885375494071146 0.6923076923076923 0.037549407114624504 0.1048951048951049
0 0.208498023715415 0.7587412587412588 0.037549407114624504 0.13986013986013987
0 0.1551383399209486 0.5681818181818182 0.02569169960474308 0.10139860139860139
0 0.18577075098814227 0.5996503496503497 0.03162055335968379 0.08741258741258741
0 0.22332015810276679 0.6433566433566433 0.03162055335968379 0.13286713286713286
0 0.09189723320158102 0.5716783216783217 0.03359683794466403 0.10139860139860139
0 0.7065217391304347 0.7255244755244755 0.0533596837944664 0.13636363636363635
0 0.6521739130434783 0.5786713286713286 0.035573122529644265 0.10839160839160839
0 0.5948616600790514 0.42482517482517484 0.02766798418972332 0.08041958041958042
0 0.7391304347826086 0.6206293706293706 0.05138339920948616 0.11538461538461539
1 0.6245059288537549 0.8863636363636364 0.17786561264822134 0.1993006993006993
3 0.5069169960474308 0.6870629370629371 0.16403162055335968 0.3531468531468531
2 0.4496047430830039 0.513986013986014 0.1442687747035573 0.3076923076923077
1 0.2845849802371541 0.784965034965035 0.1067193675889328 0.23426573426573427
1 0.2628458498023715 0.5681818181818182 0.06719367588932806 0.10139860139860139
1 0.2845849802371541 0.6468531468531469 0.07905138339920947 0.1048951048951049
1 0.2875494071146245 0.513986013986014 0.06916996047430829 0.11188811188811189
1 0.2776679841897233 0.4458041958041958 0.0533596837944664 0.08741258741258741
1 0.26383399209486164 0.3741258741258741 0.04545454545454545 0.06993006993006994
1 0.35968379446640314 0.4597902097902098 0.05138339920948616 0.11538461538461539
1 0.5543478260869564 0.5314685314685315 0.06521739130434782 0.11888111888111888
