2 0.704375 0.925556 0.116250 0.148889
2 0.276875 0.800000 0.161250 0.284444
1 0.638750 0.800000 0.047500 0.071111
3 0.599375 0.687778 0.041250 0.104444
3 0.241250 0.661111 0.125000 0.131111
0 0.403750 0.794444 0.020000 0.086667
0 0.483750 0.770000 0.020000 0.068889
0 0.823750 0.920000 0.020000 0.097778
0 0.811250 0.873333 0.022500 0.093333
0 0.746250 0.865556 0.017500 0.073333
4 0.771250 0.850000 0.015000 0.077778
4 0.594375 0.872222 0.026250 0.104444
4 0.846250 0.844444 0.012500 0.080000
0 0.690000 0.795556 0.012500 0.066667
0 0.728125 0.808889 0.016250 0.062222
0 0.550625 0.702222 0.016250 0.053333
0 0.448750 0.693333 0.020000 0.057778
0 0.111875 0.830000 0.018750 0.091111
0 0.166875 0.780000 0.018750 0.071111
0 0.660000 0.757778 0.015000 0.057778
