4 0.288750 0.812222 0.022500 0.082222
0 0.268125 0.955556 0.031250 0.088889
0 0.630625 0.880000 0.013750 0.093333
0 0.810625 0.928889 0.018750 0.102222
0 0.843750 0.890000 0.020000 0.100000
0 0.814375 0.840000 0.018750 0.080000
0 0.753125 0.828889 0.013750 0.080000
0 0.711875 0.778889 0.008750 0.068889
0 0.582500 0.807778 0.015000 0.086667
1 0.673125 0.830000 0.053750 0.091111
1 0.623125 0.678889 0.028750 0.051111
1 0.615000 0.726667 0.040000 0.057778
1 0.566875 0.867778 0.051250 0.091111
1 0.551250 0.775556 0.087500 0.080000
1 0.613125 0.970000 0.071250 0.060000
1 0.719375 0.978889 0.081250 0.042222
1 0.370000 0.723333 0.085000 0.073333
0 0.439375 0.727778 0.028750 0.051111
0 0.265000 0.748889 0.020000 0.053333
3 0.194375 0.694444 0.096250 0.086667
3 0.109375 0.711111 0.113750 0.102222
0 0.150000 0.755556 0.035000 0.048889
