0 0.787760 0.902778 0.066146 0.181481
0 0.863802 0.579630 0.034896 0.159259
0 0.849740 0.464352 0.032813 0.125000
0 0.653385 0.350926 0.026562 0.109259
4 0.916146 0.471296 0.027083 0.137037
4 0.806771 0.418519 0.028125 0.122222
4 0.708073 0.326389 0.022396 0.108333
4 0.776823 0.247222 0.020313 0.094444
4 0.821875 0.324074 0.022917 0.112963
4 0.866667 0.414815 0.019792 0.118519
4 0.900000 0.377778 0.022917 0.111111
2 0.542188 0.357407 0.160417 0.311111
2 0.615625 0.156944 0.094792 0.180556
3 0.268490 0.239815 0.148438 0.285185
3 0.273438 0.650463 0.322917 0.699074
