0 0.07114624505928853 0.9318181818181818 0.05533596837944664 0.10839160839160839
0 0.06521739130434782 0.8094405594405595 0.05138339920948616 0.15034965034965034
0 0.1126482213438735 0.8426573426573427 0.03952569169960474 0.20279720279720279
0 0.15019762845849802 0.8881118881118881 0.043478260869565216 0.17482517482517482
0 0.21541501976284583 0.8933566433566433 0.043478260869565216 0.16433566433566432
0 0.26581027667984186 0.9143356643356644 0.04150197628458498 0.15034965034965034
0 0.44367588932806323 0.6888111888111889 0.04150197628458498 0.14685314685314685
0 0.4960474308300395 0.5332167832167832 0.02766798418972332 0.10139860139860139
0 0.5484189723320158 0.5297202797202797 0.029644268774703556 0.10839160839160839
0 0.5830039525691699 0.5716783216783217 0.02766798418972332 0.10839160839160839
0 0.6264822134387351 0.48426573426573427 0.03952569169960474 0.0944055944055944
0 0.10177865612648221 0.6590909090909091 0.03359683794466403 0.0944055944055944
1 0.34881422924901184 0.6223776223776224 0.10079051383399208 0.18181818181818182
1 0.4140316205533597 0.5437062937062938 0.08498023715415019 0.11538461538461539
1 0.37055335968379444 0.4562937062937063 0.06521739130434782 0.10139860139860139
1 0.4486166007905138 0.4458041958041958 0.05928853754940711 0.10139860139860139
1 0.4051383399209486 0.3793706293706294 0.05138339920948616 0.08041958041958042
1 0.7618577075098814 0.8846153846153846 0.21146245059288535 0.20279720279720279
3 0.30138339920948615 0.4755244755244755 0.08102766798418971 0.1958041958041958
2 0.20158102766798416 0.5734265734265734 0.1067193675889328 0.2867132867132867
0 0.11363636363636363 0.5559440559440559 0.03359683794466403 0.1048951048951049
0 0.6284584980237153 0.3531468531468531 0.02766798418972332 0.06293706293706294
