0 0.184115 0.410798 0.039062 0.084507
0 0.298958 0.471831 0.037500 0.079812
0 0.322656 0.566901 0.039062 0.117371
0 0.623437 0.545188 0.028125 0.099765
0 0.869010 0.616784 0.030729 0.109155
0 0.898438 0.777582 0.033333 0.142019
0 0.866667 0.878521 0.052083 0.104460
0 0.955990 0.654930 0.025521 0.143192
0 0.985417 0.581573 0.029167 0.132629
0 0.886719 0.446596 0.025521 0.090376
0 0.937760 0.470657 0.030729 0.110329
0 0.921354 0.419014 0.028125 0.089202
0 0.861719 0.354460 0.030729 0.079812
0 0.846094 0.420775 0.023438 0.085681
0 0.760417 0.375000 0.017708 0.071596
0 0.699479 0.336854 0.015625 0.086854
0 0.710677 0.245892 0.021354 0.041080
1 0.224219 0.603286 0.066146 0.124413
1 0.590885 0.755869 0.142187 0.208920
1 0.769010 0.694836 0.093229 0.230047
1 0.801823 0.504695 0.088021 0.154930
1 0.692187 0.450117 0.062500 0.120892
1 0.735417 0.337441 0.052083 0.097418
1 0.758854 0.268779 0.040625 0.077465
1 0.810677 0.336854 0.055729 0.091549
1 0.824479 0.279930 0.044792 0.064554
1 0.854167 0.250587 0.047917 0.066901
1 0.878125 0.308099 0.052083 0.090376
1 0.783854 0.231221 0.029167 0.053991
3 0.637760 0.319836 0.091146 0.151408
