0 0.8695652173913043 0.243006993006993 0.01976284584980237 0.08741258741258741
0 0.9239130434782608 0.18706293706293706 0.017786561264822132 0.07342657342657342
0 0.9476284584980237 0.2062937062937063 0.017786561264822132 0.08391608391608392
0 0.061264822134387345 0.3916083916083916 0.05138339920948616 0.1258741258741259
1 0.1660079051383399 0.3688811188811189 0.13043478260869565 0.14335664335664336
2 0.26778656126482214 0.28846153846153844 0.17984189723320157 0.2062937062937063
1 0.8280632411067194 0.17132867132867133 0.05533596837944664 0.06993006993006994
1 0.9041501976284584 0.13286713286713286 0.04545454545454545 0.06293706293706294
1 0.8794466403162055 0.06993006993006994 0.035573122529644265 0.04895104895104895
1 0.9268774703557312 0.06293706293706294 0.02766798418972332 0.03496503496503497
0 0.24703557312252963 0.1555944055944056 0.02766798418972332 0.045454545454545456
