1 0.666250 0.742222 0.045000 0.066667
1 0.663125 0.804444 0.053750 0.066667
1 0.585000 0.940000 0.060000 0.120000
1 0.403750 0.736667 0.035000 0.064444
1 0.348750 0.726667 0.035000 0.062222
1 0.110625 0.717778 0.093750 0.062222
1 0.540000 0.725556 0.035000 0.060000
1 0.664375 0.905556 0.068750 0.113333
3 0.600000 0.712222 0.050000 0.104444
0 0.516875 0.861111 0.023750 0.091111
0 0.725000 0.886667 0.020000 0.093333
0 0.766250 0.900000 0.020000 0.093333
0 0.512500 0.725556 0.015000 0.064444
0 0.411250 0.785556 0.020000 0.073333
0 0.280000 0.864444 0.022500 0.088889
0 0.215625 0.876667 0.023750 0.095556
0 0.156875 0.906667 0.028750 0.106667
0 0.309375 0.772222 0.016250 0.077778
0 0.243750 0.827778 0.020000 0.082222
