0 0.7527343750000001 0.4763888888888889 0.03515625 0.09722222222222222
0 0.27265625 0.4361111111111111 0.028125 0.1
0 0.2984375 0.3541666666666667 0.021875000000000002 0.06666666666666667
0 0.3046875 0.2916666666666667 0.015625 0.05555555555555556
0 0.35859375000000004 0.26805555555555555 0.0140625 0.04722222222222222
0 0.7253906250000001 0.2881944444444445 0.03671875 0.051388888888888894
0 0.6515625 0.26805555555555555 0.0140625 0.04722222222222222
3 0.215234375 0.7805555555555556 0.33828125000000003 0.4361111111111111
1 0.601171875 0.30972222222222223 0.055468750000000004 0.08055555555555556
1 0.72578125 0.6118055555555556 0.1328125 0.19583333333333333
0 0.8519531250000001 0.4076388888888889 0.03671875 0.07916666666666666
3 0.802734375 0.2590277777777778 0.11171875 0.08750000000000001
