0 0.5464426877470355 0.6171328671328671 0.08102766798418971 0.1853146853146853
0 0.33794466403162055 0.7062937062937062 0.0909090909090909 0.20279720279720279
0 0.30138339920948615 0.5367132867132867 0.06521739130434782 0.15034965034965034
0 0.14822134387351776 0.46678321678321677 0.06324110671936758 0.15034965034965034
0 0.19071146245059287 0.4353146853146853 0.061264822134387345 0.13636363636363635
0 0.9466403162055336 0.1258741258741259 0.015810276679841896 0.04895104895104895
0 0.9802371541501975 0.12412587412587413 0.015810276679841896 0.05244755244755245
0 0.9604743083003952 0.07867132867132867 0.015810276679841896 0.045454545454545456
0 0.9466403162055336 0.6643356643356644 0.08695652173913043 0.13986013986013987
4 0.6017786561264822 0.20104895104895104 0.017786561264822132 0.08041958041958042
4 0.6205533596837944 0.20104895104895104 0.015810276679841896 0.07342657342657342
1 0.5968379446640316 0.32517482517482516 0.13833992094861658 0.1048951048951049
1 0.8705533596837944 0.21853146853146854 0.06521739130434782 0.08741258741258741
1 0.9278656126482213 0.8391608391608392 0.1284584980237154 0.2937062937062937
1 0.3181818181818182 0.4178321678321678 0.18577075098814227 0.21328671328671328
1 0.1758893280632411 0.28321678321678323 0.13043478260869565 0.1258741258741259
4 0.28063241106719367 0.270979020979021 0.02766798418972332 0.07342657342657342
