0 0.8494791666666667 0.3626760563380282 0.016666666666666666 0.07746478873239437
0 0.9549479166666667 0.4812206572769953 0.022395833333333334 0.12206572769953052
0 0.9268229166666666 0.4325117370892019 0.022395833333333334 0.08333333333333333
0 0.8705729166666667 0.31514084507042256 0.01614583333333333 0.06690140845070423
0 0.9776041666666666 0.6907276995305165 0.028125 0.13732394366197184
0 0.9388020833333334 0.784037558685446 0.044270833333333336 0.14084507042253522
0 0.11796875 0.8603286384976526 0.0453125 0.13849765258215962
3 0.20651041666666667 0.5176056338028169 0.10885416666666667 0.2323943661971831
3 0.6625 0.267018779342723 0.046875 0.13732394366197184
3 0.7921875 0.4847417840375587 0.06354166666666666 0.19014084507042253
4 0.89140625 0.5234741784037559 0.057812499999999996 0.11502347417840376
1 0.6611979166666666 0.39906103286384975 0.0515625 0.08685446009389672
1 0.7466145833333333 0.8186619718309859 0.11510416666666666 0.20539906103286384
1 0.8419270833333333 0.2347417840375587 0.0546875 0.07511737089201878
1 0.7822916666666666 0.32981220657276994 0.058333333333333334 0.06572769953051644
1 0.8489583333333334 0.18309859154929578 0.036458333333333336 0.04929577464788733
