0 0.526823 0.593310 0.030729 0.130282
0 0.477604 0.576878 0.036458 0.118545
0 0.305469 0.556925 0.043229 0.097418
0 0.257292 0.583333 0.032292 0.119718
0 0.255469 0.430164 0.031771 0.088028
0 0.625781 0.373239 0.024479 0.086854
0 0.811458 0.728873 0.039583 0.140845
0 0.895833 0.805751 0.041667 0.149061
0 0.872917 0.645540 0.038542 0.112676
0 0.921615 0.629108 0.027604 0.129108
0 0.969271 0.637324 0.042708 0.129108
0 0.800781 0.507629 0.033854 0.088028
0 0.859635 0.458333 0.030729 0.099765
0 0.895833 0.455986 0.029167 0.106808
0 0.924740 0.481808 0.025521 0.116197
0 0.634896 0.296948 0.027083 0.079812
1 0.609635 0.659624 0.114062 0.187793
1 0.622656 0.886737 0.113021 0.092723
1 0.176823 0.830986 0.153646 0.199531
1 0.207031 0.492371 0.080729 0.109155
1 0.727865 0.518779 0.082812 0.103286
1 0.764844 0.407864 0.064062 0.111502
1 0.583854 0.369131 0.044792 0.092723
3 0.739062 0.270540 0.071875 0.156103
3 0.689323 0.346831 0.056771 0.149061
3 0.834896 0.312207 0.077083 0.117371
