0 0.898958 0.644366 0.020833 0.112676
0 0.956771 0.743545 0.037500 0.130282
0 0.950000 0.582746 0.021875 0.099765
0 0.913281 0.483568 0.020313 0.084507
0 0.932031 0.455399 0.018229 0.075117
0 0.983333 0.526995 0.027083 0.086854
0 0.866927 0.376174 0.017188 0.071596
0 0.853125 0.345070 0.013542 0.056338
0 0.885677 0.559859 0.022396 0.089202
0 0.791146 0.317488 0.015625 0.066901
0 0.818750 0.319836 0.018750 0.069249
0 0.884635 0.492958 0.021354 0.089202
0 0.888281 0.426056 0.021354 0.075117
1 0.193750 0.600939 0.091667 0.103286
1 0.359115 0.801056 0.125521 0.242958
1 0.132031 0.464789 0.096354 0.086854
1 0.153906 0.853873 0.181771 0.144366
1 0.621094 0.294601 0.065104 0.077465
1 0.787240 0.232394 0.042188 0.049296
1 0.749740 0.182512 0.041146 0.052817
1 0.807552 0.548122 0.089063 0.157277
1 0.814323 0.410798 0.059896 0.096244
1 0.814583 0.814554 0.111458 0.215962
3 0.729688 0.297535 0.066667 0.153756
3 0.796875 0.136150 0.042708 0.079812
