0 0.344010 0.715962 0.043229 0.136150
0 0.516406 0.710094 0.043229 0.136150
0 0.948438 0.471244 0.031250 0.095070
0 0.761198 0.356808 0.024479 0.082160
1 0.130729 0.482394 0.094792 0.112676
1 0.163021 0.299296 0.094792 0.112676
1 0.932292 0.650822 0.092708 0.193662
1 0.702604 0.346244 0.067708 0.091549
1 0.540365 0.412559 0.057813 0.109155
1 0.516927 0.542254 0.079687 0.119718
3 0.880208 0.294601 0.067708 0.178404
3 0.799479 0.561620 0.114583 0.266432
3 0.667708 0.441315 0.075000 0.185446
3 0.642448 0.300469 0.055729 0.157277
3 0.608333 0.772300 0.168750 0.248826
