0 0.67125 0.83 0.0625 0.2777777777777778
0 0.6475 0.6633333333333333 0.05 0.1622222222222222
0 0.48562500000000003 0.7966666666666666 0.051250000000000004 0.2288888888888889
0 0.315 0.7044444444444444 0.0475 0.20444444444444446
0 0.40625 0.59 0.04 0.16666666666666666
0 0.495 0.6266666666666667 0.035 0.19111111111111112
0 0.54 0.5288888888888889 0.035 0.13333333333333333
0 0.586875 0.49666666666666665 0.02625 0.11777777777777777
0 0.26375 0.5122222222222222 0.035 0.12222222222222222
0 0.375625 0.4955555555555556 0.02625 0.10666666666666666
0 0.40625 0.4411111111111111 0.0225 0.09555555555555556
0 0.468125 0.4255555555555556 0.02375 0.08666666666666667
1 0.864375 0.7055555555555556 0.19875 0.25555555555555554
1 0.6375000000000001 0.4711111111111111 0.1 0.13333333333333333
1 0.548125 0.3844444444444444 0.06375 0.09333333333333334
1 0.505625 0.3377777777777778 0.05375 0.08
