0 0.09387351778656126 0.8706293706293706 0.037549407114624504 0.17482517482517482
0 0.09980237154150197 0.743006993006993 0.037549407114624504 0.12937062937062938
0 0.16106719367588931 0.7954545454545454 0.04545454545454545 0.17132867132867133
0 0.23221343873517786 0.7867132867132867 0.04150197628458498 0.17482517482517482
0 0.14031620553359683 0.6520979020979021 0.02766798418972332 0.12237762237762238
0 0.1126482213438735 0.5926573426573427 0.03162055335968379 0.12237762237762238
0 0.14229249011857706 0.5437062937062938 0.03162055335968379 0.0944055944055944
0 0.17786561264822134 0.5576923076923077 0.023715415019762844 0.10139860139860139
0 0.20158102766798416 0.5804195804195804 0.023715415019762844 0.1048951048951049
0 0.21146245059288535 0.6398601398601399 0.02766798418972332 0.11188811188811189
0 0.23221343873517786 0.47202797202797203 0.029644268774703556 0.08391608391608392
0 0.39229249011857703 0.9073426573426573 0.037549407114624504 0.14335664335664336
4 0.8112648221343873 0.7290209790209791 0.037549407114624504 0.15034965034965034
1 0.4130434782608695 0.5244755244755245 0.07114624505928853 0.1258741258741259
1 0.3913043478260869 0.784965034965035 0.11462450592885375 0.1993006993006993
1 0.5296442687747035 0.7867132867132867 0.11857707509881422 0.2097902097902098
1 0.3290513833992095 0.3776223776223776 0.04150197628458498 0.07692307692307693
2 0.3102766798418972 0.541958041958042 0.1067193675889328 0.2517482517482518
2 0.24308300395256915 0.32517482517482516 0.035573122529644265 0.08391608391608392
2 0.4644268774703557 0.41083916083916083 0.14624505928853754 0.22727272727272727
0 0.5563241106719368 0.3776223776223776 0.021739130434782608 0.07692307692307693
