4 0.668750 0.845556 0.022500 0.082222
4 0.530625 0.843333 0.021250 0.095556
4 0.772500 0.874444 0.020000 0.077778
0 0.820000 0.912222 0.017500 0.095556
0 0.873750 0.955556 0.022500 0.084444
0 0.573125 0.811111 0.018750 0.080000
0 0.801250 0.826667 0.017500 0.084444
0 0.730000 0.773333 0.015000 0.062222
0 0.711250 0.765556 0.020000 0.060000
1 0.605625 0.752222 0.056250 0.073333
1 0.440000 0.710000 0.077500 0.068889
1 0.607500 0.680000 0.030000 0.048889
3 0.743750 0.897778 0.122500 0.204444
2 0.201875 0.780000 0.118750 0.186667
0 0.258125 0.833333 0.021250 0.093333
0 0.294375 0.780000 0.013750 0.080000
0 0.316875 0.743333 0.013750 0.073333
0 0.366250 0.742222 0.030000 0.066667
3 0.529375 0.641111 0.071250 0.073333
