0 0.9027343750000001 0.7312500000000001 0.06015625 0.16805555555555557
0 0.25234375000000003 0.3541666666666667 0.021875000000000002 0.08055555555555556
0 0.32539062500000004 0.3277777777777778 0.01953125 0.0638888888888889
0 0.34023437500000003 0.2881944444444445 0.017968750000000002 0.04861111111111111
0 0.80078125 0.3104166666666667 0.035937500000000004 0.059722222222222225
3 0.354296875 0.5604166666666667 0.16953125000000002 0.4513888888888889
1 0.666015625 0.4527777777777778 0.08828125 0.13055555555555556
1 0.586328125 0.2659722222222222 0.047656250000000004 0.0625
0 0.7937500000000001 0.37986111111111115 0.026562500000000003 0.07916666666666666
3 0.805859375 0.2611111111111111 0.10546875 0.10555555555555556
