1 0.425625 0.740000 0.043750 0.084444
1 0.380625 0.708889 0.036250 0.066667
1 0.738125 0.937778 0.083750 0.120000
1 0.585000 0.935556 0.062500 0.115556
1 0.681875 0.960000 0.078750 0.080000
1 0.363750 0.860000 0.057500 0.111111
1 0.319375 0.830000 0.053750 0.100000
3 0.329375 0.942222 0.098750 0.115556
0 0.553750 0.786667 0.020000 0.071111
0 0.740000 0.823333 0.017500 0.077778
0 0.227500 0.916667 0.022500 0.104444
0 0.211875 0.857778 0.018750 0.084444
0 0.081250 0.921111 0.025000 0.091111
0 0.277500 0.733333 0.015000 0.066667
0 0.317500 0.742222 0.010000 0.062222
0 0.408750 0.907778 0.022500 0.095556
0 0.121875 0.761111 0.033750 0.051111
