0 0.178125 0.936667 0.028750 0.117778
0 0.123750 0.965556 0.025000 0.064444
0 0.095000 0.950000 0.027500 0.100000
0 0.190000 0.820000 0.017500 0.080000
0 0.120000 0.887778 0.022500 0.091111
0 0.146875 0.828889 0.021250 0.080000
0 0.586250 0.778889 0.015000 0.060000
0 0.648750 0.880000 0.027500 0.088889
0 0.761875 0.820000 0.018750 0.066667
0 0.785000 0.805556 0.015000 0.068889
0 0.842500 0.840000 0.017500 0.071111
0 0.567500 0.745556 0.017500 0.064444
0 0.245625 0.800000 0.016250 0.080000
0 0.216875 0.788889 0.016250 0.071111
1 0.346250 0.831111 0.062500 0.093333
1 0.408750 0.775556 0.042500 0.097778
1 0.291875 0.815556 0.056250 0.097778
1 0.239375 0.925556 0.088750 0.148889
1 0.585000 0.937778 0.062500 0.120000
1 0.445000 0.718889 0.037500 0.082222
1 0.402500 0.696667 0.032500 0.068889
1 0.361250 0.691111 0.032500 0.062222
1 0.709375 0.791111 0.048750 0.066667
3 0.721875 0.905556 0.111250 0.188889
3 0.649375 0.792222 0.066250 0.148889
