0 0.20652173913043476 0.7097902097902098 0.037549407114624504 0.13986013986013987
0 0.16304347826086957 0.6258741258741258 0.03359683794466403 0.1258741258741259
0 0.1600790513833992 0.5367132867132867 0.02766798418972332 0.08741258741258741
0 0.2292490118577075 0.5664335664335665 0.035573122529644265 0.11888111888111888
0 0.25494071146245056 0.6520979020979021 0.03162055335968379 0.12937062937062938
0 0.3537549407114624 0.5769230769230769 0.02766798418972332 0.11188811188811189
0 0.18478260869565216 0.4772727272727273 0.017786561264822132 0.08741258741258741
0 0.15019762845849802 0.4353146853146853 0.05138339920948616 0.08041958041958042
0 0.5227272727272727 0.3811188811188811 0.021739130434782608 0.06993006993006994
0 0.35079051383399207 0.35664335664335667 0.017786561264822132 0.06293706293706294
0 0.23221343873517786 0.4318181818181818 0.02569169960474308 0.08741258741258741
0 0.20454545454545453 0.40034965034965037 0.01383399209486166 0.06643356643356643
0 0.18873517786561264 0.39335664335664333 0.021739130434782608 0.06643356643356643
1 0.36166007905138337 0.8076923076923077 0.11462450592885375 0.2517482517482518
1 0.39723320158102765 0.5506993006993007 0.06719367588932806 0.12237762237762238
1 0.266798418972332 0.47377622377622375 0.05533596837944664 0.0944055944055944
1 0.49901185770750983 0.5017482517482518 0.07312252964426877 0.12237762237762238
1 0.24604743083003952 0.32517482517482516 0.04150197628458498 0.07692307692307693
2 0.3181818181818182 0.3531468531468531 0.04743083003952569 0.11188811188811189
2 0.49407114624505927 0.6940559440559441 0.14624505928853754 0.2762237762237762
