0 0.496250 0.758889 0.020000 0.068889
0 0.435625 0.728889 0.026250 0.048889
0 0.165625 0.827778 0.023750 0.082222
0 0.607500 0.960000 0.022500 0.080000
0 0.709375 0.870000 0.013750 0.068889
0 0.740625 0.878889 0.013750 0.091111
0 0.740625 0.817778 0.013750 0.040000
0 0.715000 0.787778 0.012500 0.060000
1 0.805625 0.911111 0.086250 0.111111
1 0.650000 0.801111 0.055000 0.082222
1 0.704375 0.951111 0.076250 0.097778
1 0.568125 0.876667 0.053750 0.095556
1 0.566875 0.740000 0.041250 0.062222
1 0.630000 0.737778 0.040000 0.057778
3 0.665625 0.702222 0.031250 0.066667
3 0.345000 0.748889 0.147500 0.128889
3 0.130000 0.693333 0.110000 0.093333
1 0.087500 0.766667 0.080000 0.075556
2 0.412500 0.658889 0.075000 0.064444
