0 0.391250 0.840000 0.017500 0.097778
0 0.298125 0.841111 0.021250 0.073333
0 0.135625 0.872222 0.028750 0.086667
0 0.091875 0.964444 0.021250 0.057778
0 0.578750 0.753333 0.017500 0.057778
0 0.238750 0.768889 0.020000 0.071111
4 0.209375 0.855556 0.056250 0.115556
0 0.721250 0.813333 0.015000 0.066667
0 0.752500 0.818889 0.015000 0.073333
0 0.930625 0.948889 0.031250 0.093333
0 0.673750 0.776667 0.017500 0.068889
1 0.689375 0.911111 0.078750 0.124444
2 0.809375 0.912222 0.108750 0.148889
1 0.631875 0.771111 0.051250 0.080000
3 0.617500 0.956667 0.107500 0.086667
1 0.321875 0.922222 0.088750 0.155556
3 0.408125 0.705556 0.048750 0.122222
0 0.305000 0.784444 0.015000 0.062222
3 0.546250 0.668889 0.032500 0.080000
