2 0.581875 0.934444 0.076250 0.131111
2 0.742500 0.801111 0.077500 0.126667
1 0.733125 0.946667 0.096250 0.106667
1 0.656875 0.807778 0.061250 0.153333
1 0.575625 0.838889 0.051250 0.064444
1 0.528750 0.786667 0.067500 0.075556
1 0.250000 0.706667 0.057500 0.053333
4 0.298125 0.835556 0.021250 0.111111
3 0.342500 0.937778 0.105000 0.124444
1 0.480625 0.743333 0.068750 0.068889
0 0.321875 0.853333 0.018750 0.080000
0 0.243125 0.947778 0.036250 0.104444
0 0.156875 0.877778 0.031250 0.106667
0 0.784375 0.910000 0.018750 0.108889
0 0.832500 0.951111 0.030000 0.097778
0 0.851250 0.870000 0.022500 0.100000
0 0.367500 0.753333 0.040000 0.062222
0 0.528750 0.817778 0.015000 0.066667
