0 0.615625 0.803333 0.016250 0.086667
0 0.811250 0.950000 0.015000 0.077778
0 0.768125 0.853333 0.016250 0.080000
0 0.802500 0.836667 0.020000 0.077778
0 0.786250 0.794444 0.017500 0.077778
0 0.732500 0.841111 0.020000 0.077778
0 0.712500 0.794444 0.015000 0.064444
0 0.684375 0.784444 0.016250 0.062222
0 0.415625 0.851111 0.036250 0.084444
0 0.387500 0.708889 0.027500 0.057778
1 0.571250 0.816667 0.047500 0.095556
1 0.526250 0.714444 0.035000 0.064444
1 0.650625 0.765556 0.041250 0.077778
1 0.632500 0.677778 0.030000 0.053333
0 0.635625 0.694444 0.013750 0.037778
2 0.693750 0.692222 0.065000 0.131111
1 0.418750 0.674444 0.055000 0.042222
0 0.419375 0.690000 0.018750 0.046667
0 0.453750 0.703333 0.020000 0.051111
3 0.115000 0.701111 0.100000 0.082222
3 0.589375 0.736667 0.053750 0.100000
