0 0.741250 0.857778 0.017500 0.084444
0 0.703125 0.797778 0.013750 0.075556
0 0.731250 0.787778 0.020000 0.064444
0 0.696250 0.748889 0.012500 0.071111
0 0.453125 0.770000 0.041250 0.060000
0 0.218125 0.835556 0.018750 0.084444
0 0.130000 0.878889 0.025000 0.100000
0 0.173125 0.946667 0.031250 0.088889
0 0.200000 0.788889 0.012500 0.071111
0 0.296250 0.740000 0.015000 0.053333
0 0.334375 0.748889 0.016250 0.040000
0 0.240625 0.752222 0.013750 0.051111
2 0.286250 0.885556 0.142500 0.228889
2 0.894375 0.935556 0.201250 0.128889
1 0.375000 0.754444 0.045000 0.091111
1 0.641875 0.764444 0.046250 0.080000
1 0.539375 0.645556 0.058750 0.060000
1 0.458750 0.654444 0.045000 0.046667
