1 0.586875 0.935556 0.061250 0.120000
1 0.713125 0.897778 0.076250 0.128889
1 0.703125 0.760000 0.041250 0.062222
1 0.643750 0.786667 0.055000 0.088889
1 0.539375 0.780000 0.076250 0.097778
1 0.383125 0.727778 0.073750 0.068889
1 0.228750 0.705556 0.070000 0.060000
3 0.307500 0.688889 0.095000 0.080000
3 0.616250 0.697778 0.040000 0.088889
3 0.661250 0.667778 0.035000 0.082222
2 0.411875 0.678889 0.083750 0.077778
4 0.542500 0.932222 0.012500 0.091111
0 0.839375 0.937778 0.018750 0.097778
0 0.763125 0.848889 0.016250 0.080000
0 0.786875 0.834444 0.013750 0.073333
0 0.381875 0.805556 0.018750 0.077778
0 0.432500 0.750000 0.027500 0.060000
