0 0.6843750000000001 0.45 0.0234375 0.1
0 0.7289062500000001 0.4076388888888889 0.03125 0.07083333333333333
0 0.16171875000000002 0.6472222222222223 0.046875 0.15
0 0.191796875 0.525 0.04609375 0.1
0 0.30703125000000003 0.3277777777777778 0.026562500000000003 0.06666666666666667
0 0.34609375000000003 0.275 0.0171875 0.05
0 0.37734375000000003 0.24305555555555555 0.0140625 0.04722222222222222
0 0.6082031250000001 0.25 0.014843750000000001 0.04722222222222222
0 0.626953125 0.2548611111111111 0.01171875 0.04583333333333334
3 0.44765625000000003 0.26666666666666666 0.060937500000000006 0.12222222222222223
