0 0.315 0.6322222222222222 0.0425 0.15777777777777777
0 0.14 0.47888888888888886 0.025 0.11333333333333333
0 0.419375 0.7977777777777778 0.06125 0.2
0 0.545625 0.7377777777777778 0.051250000000000004 0.18666666666666668
0 0.474375 0.7066666666666667 0.03875 0.16
0 0.73 0.7244444444444444 0.0575 0.16444444444444445
0 0.6062500000000001 0.6044444444444445 0.04 0.15555555555555556
0 0.6950000000000001 0.6044444444444445 0.0375 0.13333333333333333
0 0.47375 0.5088888888888888 0.03 0.1111111111111111
0 0.5 0.48444444444444446 0.0275 0.12
0 0.539375 0.47888888888888886 0.03125 0.10444444444444445
0 0.599375 0.4822222222222222 0.03875 0.09333333333333334
1 0.541875 0.36333333333333334 0.04875 0.08222222222222222
1 0.205625 0.5 0.07875 0.11555555555555555
