0 0.220625 0.751111 0.043750 0.128889
0 0.138750 0.768889 0.045000 0.106667
0 0.050625 0.763333 0.043750 0.122222
0 0.129375 0.685556 0.041250 0.100000
0 0.172500 0.610000 0.035000 0.095556
0 0.210000 0.626667 0.027500 0.093333
0 0.262500 0.591111 0.027500 0.093333
0 0.230000 0.577778 0.032500 0.080000
1 0.350625 0.636667 0.086250 0.117778
1 0.360000 0.524444 0.060000 0.115556
0 0.297500 0.530000 0.032500 0.091111
0 0.555000 0.672222 0.035000 0.104444
0 0.593750 0.714444 0.040000 0.117778
0 0.657500 0.794444 0.040000 0.135556
0 0.740000 0.877778 0.045000 0.137778
0 0.784375 0.860000 0.041250 0.146667
0 0.843125 0.808889 0.043750 0.120000
0 0.689375 0.725556 0.036250 0.113333
0 0.558750 0.605556 0.030000 0.082222
1 0.588750 0.574444 0.060000 0.100000
1 0.660000 0.581111 0.050000 0.086667
0 0.632500 0.614444 0.030000 0.086667
0 0.778125 0.736667 0.038750 0.095556
0 0.911875 0.772222 0.063750 0.113333
0 0.786250 0.690000 0.037500 0.091111
0 0.712500 0.682222 0.032500 0.097778
0 0.523125 0.541111 0.026250 0.104444
