0 0.213750 0.822222 0.050000 0.146667
0 0.098125 0.832222 0.053750 0.148889
0 0.125000 0.734444 0.037500 0.122222
0 0.091875 0.678889 0.028750 0.095556
0 0.145000 0.612222 0.035000 0.100000
0 0.196250 0.680000 0.035000 0.106667
0 0.278750 0.656667 0.035000 0.113333
0 0.353125 0.633333 0.028750 0.097778
0 0.215625 0.578889 0.023750 0.082222
0 0.230625 0.597778 0.028750 0.084444
0 0.301250 0.557778 0.022500 0.066667
0 0.431250 0.564444 0.030000 0.071111
0 0.555625 0.647778 0.031250 0.104444
0 0.813125 0.768889 0.048750 0.120000
0 0.860625 0.926667 0.056250 0.128889
0 0.893750 0.864444 0.045000 0.128889
0 0.925625 0.825556 0.038750 0.135556
0 0.936875 0.722222 0.036250 0.097778
0 0.862500 0.692222 0.042500 0.104444
0 0.729375 0.702222 0.031250 0.102222
0 0.664375 0.613333 0.023750 0.088889
0 0.745625 0.645556 0.033750 0.073333
0 0.785000 0.623333 0.032500 0.086667
0 0.640625 0.570000 0.026250 0.068889
0 0.518125 0.550000 0.038750 0.064444
0 0.592500 0.531111 0.022500 0.066667
1 0.552500 0.506667 0.047500 0.071111
0 0.691875 0.601111 0.023750 0.073333
0 0.723125 0.583333 0.023750 0.073333
