2 0.503385 0.727113 0.204687 0.428404
0 0.834896 0.613263 0.034375 0.097418
0 0.883594 0.785798 0.033854 0.125587
0 0.887500 0.629695 0.034375 0.097418
0 0.963021 0.569836 0.021875 0.102113
0 0.196354 0.841549 0.042708 0.152582
1 0.636198 0.625000 0.088021 0.160798
1 0.764844 0.572183 0.089063 0.184272
1 0.855208 0.448357 0.065625 0.107981
1 0.623958 0.462441 0.087500 0.143192
2 0.564844 0.411972 0.077604 0.129108
1 0.613802 0.293427 0.053646 0.065728
1 0.195052 0.627934 0.085938 0.218310
1 0.892188 0.343310 0.064583 0.106808
3 0.809635 0.312207 0.064062 0.166667
3 0.711198 0.327465 0.064062 0.140845
