1 0.7887500000000001 0.6288888888888889 0.17500000000000002 0.19555555555555557
1 0.564375 0.3988888888888889 0.06875 0.09111111111111111
0 0.19 0.6133333333333333 0.035 0.1511111111111111
0 0.32375 0.7933333333333333 0.055 0.24
0 0.431875 0.7222222222222222 0.043750000000000004 0.19111111111111112
0 0.515625 0.8233333333333334 0.05375 0.22
0 0.595 0.76 0.0475 0.19555555555555557
0 0.54875 0.6411111111111111 0.04 0.1711111111111111
0 0.474375 0.5555555555555556 0.03125 0.1288888888888889
0 0.421875 0.5677777777777778 0.03375 0.15333333333333332
0 0.808125 0.8377777777777777 0.07875 0.24888888888888888
0 0.67125 0.6877777777777778 0.0425 0.18
0 0.6875 0.63 0.0425 0.18
0 0.615 0.5433333333333333 0.0425 0.14444444444444443
0 0.52 0.47555555555555556 0.0275 0.11555555555555555
0 0.48 0.4888888888888889 0.025 0.10222222222222223
0 0.43375 0.4444444444444444 0.0225 0.10222222222222223
0 0.393125 0.4311111111111111 0.01875 0.09777777777777778
