0 0.437500 0.731111 0.025000 0.066667
0 0.211875 0.938889 0.033750 0.122222
0 0.735625 0.814444 0.016250 0.077778
0 0.780000 0.841111 0.017500 0.073333
0 0.801250 0.876667 0.017500 0.082222
0 0.839375 0.937778 0.021250 0.093333
1 0.770625 0.936667 0.073750 0.117778
1 0.680625 0.731111 0.036250 0.066667
1 0.616875 0.747778 0.038750 0.073333
1 0.665625 0.917778 0.078750 0.115556
1 0.586250 0.936667 0.057500 0.122222
3 0.662500 0.795556 0.067500 0.133333
3 0.738750 0.752222 0.060000 0.117778
1 0.297500 0.718889 0.100000 0.073333
1 0.140625 0.718889 0.081250 0.060000
