3 0.490000 0.727778 0.080000 0.117778
3 0.561250 0.647778 0.035000 0.068889
3 0.618125 0.738889 0.051250 0.108889
1 0.623125 0.837778 0.063750 0.111111
1 0.402500 0.737778 0.040000 0.066667
1 0.695000 0.808889 0.052500 0.097778
1 0.775625 0.975556 0.083750 0.048889
0 0.257500 0.868889 0.035000 0.088889
0 0.195625 0.795556 0.021250 0.088889
0 0.218125 0.958889 0.031250 0.082222
0 0.136875 0.852222 0.021250 0.091111
0 0.063750 0.951111 0.032500 0.097778
0 0.768750 0.885556 0.022500 0.073333
0 0.805625 0.801111 0.018750 0.068889
0 0.764375 0.798889 0.018750 0.068889
0 0.825625 0.938889 0.023750 0.100000
0 0.860625 0.937778 0.028750 0.093333
0 0.328750 0.688889 0.015000 0.040000
0 0.277500 0.705556 0.027500 0.055556
1 0.407500 0.676667 0.035000 0.055556
