1 0.770573 0.715962 0.114062 0.262911
0 0.732292 0.553991 0.056250 0.082160
0 0.941146 0.583333 0.030208 0.072770
0 0.889583 0.492371 0.022917 0.085681
0 0.755208 0.336268 0.021875 0.062207
1 0.671615 0.348592 0.059896 0.117371
1 0.756510 0.273474 0.050521 0.063380
1 0.623958 0.519953 0.093750 0.154930
1 0.905208 0.720657 0.103125 0.211268
1 0.788802 0.417840 0.063021 0.105634
1 0.808073 0.330399 0.051562 0.069249
1 0.724740 0.196009 0.039062 0.068075
3 0.816667 0.232981 0.050000 0.111502
3 0.777344 0.192488 0.047396 0.093897
