1 0.35125 0.7822222222222223 0.19 0.28888888888888886
1 0.8975 0.7722222222222223 0.2025 0.2733333333333333
2 0.6575 0.48777777777777775 0.09 0.14444444444444443
0 0.5225 0.8388888888888889 0.05 0.26
0 0.61125 0.8722222222222222 0.055 0.24666666666666667
0 0.6950000000000001 0.7477777777777778 0.0525 0.22
0 0.781875 0.7488888888888889 0.05625 0.21333333333333332
0 0.586875 0.61 0.03375 0.1622222222222222
0 0.546875 0.6288888888888889 0.04125 0.17777777777777778
0 0.485 0.6577777777777778 0.04 0.16444444444444445
0 0.43625 0.6188888888888889 0.03 0.15777777777777777
0 0.39 0.5055555555555555 0.0325 0.12222222222222222
0 0.44125000000000003 0.46444444444444444 0.0225 0.09777777777777778
0 0.528125 0.43333333333333335 0.02375 0.10222222222222223
0 0.5593750000000001 0.5022222222222222 0.02875 0.12
0 0.4925 0.4911111111111111 0.025 0.11555555555555555
