0 0.185000 0.653333 0.047500 0.097778
0 0.286250 0.684444 0.060000 0.120000
1 0.163125 0.891111 0.173750 0.217778
4 0.385625 0.601111 0.036250 0.113333
1 0.580000 0.611111 0.065000 0.133333
0 0.517500 0.541111 0.030000 0.073333
0 0.665000 0.790000 0.050000 0.131111
0 0.759375 0.821111 0.051250 0.140000
0 0.807500 0.748889 0.040000 0.120000
0 0.959375 0.900000 0.058750 0.155556
1 0.869375 0.937778 0.148750 0.124444
0 0.853125 0.685556 0.036250 0.108889
0 0.681250 0.683333 0.042500 0.095556
0 0.746875 0.655556 0.028750 0.102222
0 0.693750 0.622222 0.037500 0.080000
0 0.800625 0.634444 0.028750 0.095556
0 0.618125 0.542222 0.023750 0.084444
0 0.580625 0.520000 0.023750 0.066667
0 0.666250 0.561111 0.025000 0.068889
0 0.698750 0.570000 0.025000 0.077778
0 0.739375 0.592222 0.023750 0.091111
0 0.457500 0.521111 0.027500 0.068889
0 0.560625 0.472222 0.018750 0.060000
0 0.223750 0.525556 0.055000 0.077778
3 0.608750 0.458889 0.050000 0.117778
