0 0.906510 0.660798 0.026562 0.122066
0 0.940885 0.865023 0.032813 0.119718
0 0.841146 0.585094 0.029167 0.102113
0 0.896094 0.534038 0.030729 0.096244
0 0.949479 0.609742 0.026042 0.127934
0 0.254948 0.803991 0.054688 0.131455
0 0.239063 0.445423 0.030208 0.071596
0 0.180208 0.420188 0.025000 0.061033
0 0.216667 0.355047 0.031250 0.055164
1 0.841146 0.408451 0.078125 0.129108
1 0.771094 0.470070 0.071354 0.156103
1 0.789583 0.717723 0.078125 0.181925
1 0.592708 0.819836 0.111458 0.207746
1 0.399479 0.861502 0.114583 0.136150
1 0.541927 0.547535 0.099479 0.181925
1 0.686458 0.425469 0.075000 0.099765
1 0.667708 0.340376 0.057292 0.082160
1 0.671354 0.235329 0.048958 0.048122
1 0.168490 0.498239 0.094271 0.113850
1 0.216146 0.650822 0.106250 0.167840
1 0.253646 0.242371 0.082292 0.104460
3 0.760677 0.245892 0.069271 0.132629
