0 0.720625 0.818889 0.018750 0.077778
0 0.753125 0.818889 0.018750 0.068889
0 0.800625 0.838889 0.016250 0.077778
0 0.819375 0.910000 0.023750 0.091111
0 0.873750 0.874444 0.027500 0.100000
4 0.864375 0.812222 0.011250 0.064444
4 0.106875 0.774444 0.016250 0.064444
0 0.480625 0.757778 0.028750 0.048889
0 0.540000 0.702222 0.015000 0.048889
0 0.693125 0.744444 0.011250 0.062222
1 0.681250 0.858889 0.072500 0.113333
1 0.626250 0.764444 0.045000 0.080000
1 0.650000 0.723333 0.032500 0.073333
1 0.426250 0.743333 0.040000 0.064444
1 0.406250 0.665556 0.032500 0.060000
1 0.371250 0.773333 0.042500 0.097778
3 0.220000 0.907778 0.152500 0.184444
3 0.199375 0.774444 0.136250 0.215556
2 0.325625 0.677778 0.061250 0.111111
