0 0.7125 0.7944444444444444 0.0625 0.1622222222222222
0 0.56375 0.6911111111111111 0.045 0.12444444444444444
0 0.609375 0.65 0.043750000000000004 0.12222222222222222
0 0.6431250000000001 0.6155555555555555 0.04125 0.10222222222222223
0 0.695625 0.5822222222222222 0.04125 0.10666666666666666
0 0.564375 0.5611111111111111 0.03375 0.08666666666666667
0 0.52875 0.5966666666666667 0.0325 0.10444444444444445
0 0.474375 0.6544444444444445 0.04125 0.11333333333333333
0 0.52375 0.7822222222222223 0.0475 0.12
0 0.093125 0.4666666666666667 0.02625 0.06666666666666667
0 0.425 0.5388888888888889 0.0275 0.08666666666666667
0 0.451875 0.5155555555555555 0.02875 0.07111111111111111
0 0.474375 0.4988888888888889 0.01875 0.07777777777777778
0 0.52 0.4211111111111111 0.025 0.06888888888888889
0 0.3975 0.45 0.025 0.06444444444444444
4 0.879375 0.43444444444444447 0.02375 0.08666666666666667
1 0.206875 0.5244444444444445 0.08625000000000001 0.1688888888888889
1 0.52125 0.3333333333333333 0.0475 0.07111111111111111
