1 0.5108695652173912 0.4755244755244755 0.20355731225296442 0.23076923076923078
1 0.14624505928853754 0.270979020979021 0.12648221343873517 0.12237762237762238
1 0.8992094861660078 0.12412587412587413 0.05138339920948616 0.07342657342657342
0 0.3181818181818182 0.3339160839160839 0.06324110671936758 0.10139860139860139
0 0.24901185770750986 0.3076923076923077 0.05928853754940711 0.0979020979020979
0 0.2964426877470355 0.4527972027972028 0.07114624505928853 0.13636363636363635
0 0.25889328063241107 0.5 0.06324110671936758 0.11888111888111888
0 0.2845849802371541 0.6293706293706294 0.07509881422924901 0.1958041958041958
0 0.44071146245059284 0.6835664335664335 0.0909090909090909 0.21328671328671328
0 0.05039525691699604 0.3916083916083916 0.04545454545454545 0.1048951048951049
0 0.06916996047430829 0.32167832167832167 0.043478260869565216 0.08391608391608392
0 0.24604743083003952 0.15734265734265734 0.03359683794466403 0.055944055944055944
