0 0.810000 0.924444 0.022500 0.102222
0 0.659375 0.851111 0.023750 0.084444
0 0.598125 0.841111 0.021250 0.073333
0 0.335000 0.957778 0.030000 0.084444
0 0.153750 0.887778 0.022500 0.095556
0 0.090000 0.908889 0.030000 0.102222
1 0.585625 0.938889 0.061250 0.122222
1 0.703125 0.935556 0.078750 0.128889
1 0.650625 0.784444 0.046250 0.075556
3 0.731250 0.812222 0.067500 0.135556
3 0.295000 0.781111 0.062500 0.144444
3 0.235000 0.936667 0.147500 0.126667
1 0.390000 0.876667 0.062500 0.122222
1 0.333750 0.842222 0.067500 0.120000
1 0.368750 0.748889 0.045000 0.088889
1 0.422500 0.785556 0.047500 0.077778
