0 0.676875 0.926667 0.023750 0.111111
0 0.825625 0.955556 0.031250 0.084444
0 0.883750 0.948889 0.050000 0.088889
0 0.819375 0.833333 0.026250 0.075556
0 0.765000 0.890000 0.025000 0.091111
0 0.723750 0.898889 0.030000 0.100000
0 0.682500 0.811111 0.020000 0.071111
0 0.713125 0.814444 0.018750 0.073333
0 0.759375 0.822222 0.023750 0.075556
0 0.731250 0.784444 0.017500 0.062222
0 0.650000 0.756667 0.017500 0.064444
0 0.478750 0.758889 0.032500 0.060000
0 0.308125 0.805556 0.028750 0.091111
0 0.236250 0.772222 0.022500 0.082222
0 0.276875 0.963333 0.033750 0.073333
0 0.196250 0.948889 0.035000 0.102222
0 0.153125 0.864444 0.023750 0.106667
0 0.076250 0.963333 0.035000 0.060000
1 0.634375 0.818889 0.058750 0.100000
1 0.382500 0.760000 0.045000 0.093333
1 0.612500 0.671111 0.032500 0.057778
1 0.566250 0.657778 0.047500 0.044444
0 0.626250 0.701111 0.012500 0.046667
2 0.674375 0.698889 0.066250 0.117778
1 0.393750 0.685556 0.030000 0.060000
