4 0.509375 0.845556 0.016250 0.082222
0 0.368750 0.827778 0.017500 0.095556
0 0.267500 0.877778 0.025000 0.088889
0 0.171875 0.957778 0.036250 0.084444
0 0.126875 0.958889 0.031250 0.082222
0 0.119375 0.828889 0.021250 0.071111
0 0.382500 0.750000 0.012500 0.068889
0 0.413750 0.746667 0.015000 0.066667
4 0.456875 0.740000 0.051250 0.062222
0 0.475625 0.782222 0.033750 0.040000
0 0.824375 0.867778 0.018750 0.077778
0 0.856875 0.858889 0.026250 0.082222
0 0.786875 0.868889 0.021250 0.080000
3 0.725000 0.811111 0.065000 0.137778
3 0.616250 0.818889 0.085000 0.180000
3 0.761250 0.940000 0.155000 0.120000
1 0.683125 0.751111 0.041250 0.062222
1 0.618125 0.712222 0.033750 0.033333
1 0.591250 0.948889 0.070000 0.102222
1 0.245625 0.731111 0.091250 0.062222
2 0.288750 0.705556 0.080000 0.064444
2 0.364375 0.648889 0.041250 0.128889
1 0.434375 0.682222 0.033750 0.057778
3 0.553750 0.647778 0.030000 0.073333
