0 0.525691699604743 0.3181818181818182 0.06719367588932806 0.1048951048951049
0 0.32707509881422925 0.42132867132867136 0.06521739130434782 0.12937062937062938
0 0.2559288537549407 0.46853146853146854 0.05731225296442687 0.14685314685314685
0 0.19367588932806323 0.45104895104895104 0.05138339920948616 0.13286713286713286
0 0.20355731225296442 0.5611888111888111 0.05533596837944664 0.17132867132867133
0 0.09288537549407114 0.45104895104895104 0.05533596837944664 0.13986013986013987
0 0.7213438735177865 0.9178321678321678 0.12252964426877469 0.13636363636363635
1 0.7519762845849802 0.7692307692307693 0.3181818181818182 0.4125874125874126
1 0.8250988142292489 0.6398601398601399 0.266798418972332 0.27972027972027974
1 0.06027667984189723 0.29895104895104896 0.0533596837944664 0.07342657342657342
