0 0.586875 0.77 0.04625 0.2111111111111111
0 0.395625 0.8244444444444444 0.05375 0.2222222222222222
0 0.3525 0.6333333333333333 0.0325 0.16444444444444445
0 0.45875 0.7 0.0375 0.19111111111111112
0 0.510625 0.6677777777777778 0.04625 0.17555555555555555
0 0.650625 0.7144444444444444 0.05625 0.19777777777777777
0 0.7025 0.68 0.05 0.20444444444444446
0 0.78625 0.7766666666666666 0.075 0.19777777777777777
0 0.61625 0.6077777777777778 0.04 0.14888888888888888
0 0.538125 0.5011111111111111 0.02375 0.10444444444444445
0 0.48875 0.47 0.025 0.11333333333333333
0 0.43875000000000003 0.4633333333333333 0.02 0.10444444444444445
0 0.410625 0.5111111111111111 0.02875 0.11555555555555555
0 0.3725 0.5133333333333333 0.0275 0.10222222222222223
