1 0.4258893280632411 0.7832167832167832 0.08498023715415019 0.20279720279720279
1 0.45454545454545453 0.6101398601398601 0.0909090909090909 0.13636363636363635
1 0.3181818181818182 0.38461538461538464 0.043478260869565216 0.08391608391608392
1 0.3774703557312253 0.45454545454545453 0.06324110671936758 0.0979020979020979
1 0.39328063241106714 0.5157342657342657 0.08300395256916995 0.14335664335664336
1 0.24802371541501975 0.6293706293706294 0.07312252964426877 0.14685314685314685
1 0.4614624505928853 0.9405594405594405 0.1442687747035573 0.0979020979020979
1 0.24110671936758893 0.9318181818181818 0.11462450592885375 0.10839160839160839
1 0.33695652173913043 0.31993006993006995 0.03359683794466403 0.05944055944055944
0 0.061264822134387345 0.9003496503496503 0.05138339920948616 0.17132867132867133
0 0.07213438735177866 0.7744755244755245 0.04940711462450593 0.15734265734265734
0 0.11956521739130434 0.9283216783216783 0.0533596837944664 0.10839160839160839
0 0.16996047430830039 0.8828671328671329 0.043478260869565216 0.2062937062937063
0 0.17885375494071146 0.7534965034965035 0.04545454545454545 0.12937062937062938
0 0.17984189723320157 0.6748251748251748 0.03952569169960474 0.0979020979020979
0 0.11363636363636363 0.6048951048951049 0.02569169960474308 0.11888111888111888
0 0.3043478260869565 0.6870629370629371 0.035573122529644265 0.15734265734265734
0 0.27865612648221344 0.8216783216783217 0.03952569169960474 0.16083916083916083
0 0.32312252964426874 0.8951048951048951 0.04150197628458498 0.18181818181818182
0 0.599802371541502 0.763986013986014 0.04150197628458498 0.17132867132867133
0 0.608695652173913 0.6643356643356644 0.03952569169960474 0.14685314685314685
0 0.5810276679841897 0.4772727272727273 0.03952569169960474 0.0944055944055944
0 0.6551383399209486 0.6643356643356644 0.04545454545454545 0.15384615384615385
0 0.7213438735177865 0.7762237762237763 0.05533596837944664 0.18181818181818182
0 0.6709486166007904 0.8793706293706294 0.08893280632411067 0.2062937062937063
0 0.7687747035573123 0.9405594405594405 0.05928853754940711 0.09090909090909091
0 0.1590909090909091 0.6048951048951049 0.029644268774703556 0.11888111888111888
0 0.15217391304347824 0.534965034965035 0.02766798418972332 0.07692307692307693
0 0.3191699604743083 0.513986013986014 0.029644268774703556 0.11888111888111888
0 0.2618577075098814 0.513986013986014 0.029644268774703556 0.0979020979020979
0 0.1976284584980237 0.5786713286713286 0.035573122529644265 0.12237762237762238
0 0.13043478260869565 0.45454545454545453 0.023715415019762844 0.08391608391608392
0 0.23913043478260868 0.4458041958041958 0.023715415019762844 0.08041958041958042
4 0.7816205533596837 0.6013986013986014 0.03359683794466403 0.1048951048951049
