2 0.351250 0.700000 0.055000 0.142222
1 0.665625 0.858889 0.063750 0.113333
1 0.707500 0.973333 0.080000 0.053333
1 0.718750 0.804444 0.057500 0.075556
3 0.615000 0.955556 0.097500 0.088889
0 0.355000 0.935556 0.020000 0.102222
0 0.240000 0.921111 0.025000 0.100000
0 0.168750 0.863333 0.017500 0.086667
0 0.105625 0.901111 0.028750 0.095556
0 0.187500 0.821111 0.020000 0.082222
0 0.471250 0.757778 0.020000 0.053333
0 0.550625 0.795556 0.028750 0.057778
0 0.574375 0.840000 0.013750 0.075556
0 0.712500 0.848889 0.017500 0.084444
0 0.756250 0.876667 0.020000 0.082222
0 0.803750 0.922222 0.020000 0.088889
0 0.769375 0.836667 0.016250 0.064444
1 0.413125 0.691111 0.031250 0.057778
