0 0.745 0.7044444444444444 0.0625 0.21333333333333332
0 0.668125 0.5188888888888888 0.03875 0.13111111111111112
0 0.49562500000000004 0.53 0.03625 0.12666666666666668
0 0.421875 0.5066666666666667 0.03125 0.1288888888888889
0 0.23500000000000001 0.5288888888888889 0.035 0.11555555555555555
0 0.173125 0.47333333333333333 0.02875 0.10666666666666666
0 0.32 0.7944444444444444 0.0525 0.2288888888888889
0 0.359375 0.42333333333333334 0.02125 0.09555555555555556
0 0.470625 0.45555555555555555 0.02625 0.10222222222222223
2 0.4925 0.35444444444444445 0.07 0.11333333333333333
