1 0.563125 0.818889 0.051250 0.077778
1 0.703125 0.930000 0.068750 0.122222
1 0.362500 0.800000 0.050000 0.080000
1 0.426250 0.717778 0.032500 0.057778
2 0.373125 0.698889 0.051250 0.100000
2 0.608125 0.735556 0.048750 0.080000
2 0.750625 0.815556 0.101250 0.173333
3 0.611875 0.957778 0.106250 0.084444
1 0.526250 0.691111 0.030000 0.057778
3 0.568750 0.691111 0.045000 0.102222
0 0.811250 0.852222 0.017500 0.077778
0 0.881250 0.877778 0.020000 0.084444
0 0.479375 0.758889 0.016250 0.064444
0 0.141250 0.966667 0.040000 0.066667
0 0.160625 0.838889 0.041250 0.077778
0 0.230000 0.852222 0.022500 0.068889
0 0.253750 0.774444 0.017500 0.068889
0 0.203750 0.766667 0.020000 0.071111
