1 0.340365 0.462441 0.078646 0.131455
0 0.192448 0.535798 0.028646 0.085681
0 0.246615 0.484742 0.031771 0.079812
0 0.136979 0.489437 0.036458 0.079812
0 0.208333 0.435446 0.013542 0.061033
0 0.241406 0.409624 0.023438 0.079812
0 0.688802 0.464202 0.023438 0.083333
0 0.745313 0.497653 0.020833 0.093897
0 0.736198 0.414319 0.026562 0.072770
0 0.791667 0.710681 0.033333 0.134977
0 0.864844 0.841549 0.038021 0.110329
0 0.949479 0.733568 0.026042 0.117371
0 0.959635 0.586268 0.017188 0.078638
0 0.938802 0.610329 0.022396 0.098592
0 0.869010 0.369131 0.015104 0.064554
0 0.934375 0.475352 0.019792 0.086854
0 0.971094 0.477700 0.022396 0.096244
1 0.380208 0.785211 0.163542 0.220657
1 0.195312 0.282277 0.083333 0.069249
1 0.135937 0.404930 0.087500 0.096244
1 0.811198 0.435446 0.054688 0.100939
1 0.805990 0.355634 0.051562 0.077465
1 0.828385 0.277582 0.044271 0.062207
1 0.791667 0.239437 0.046875 0.075117
3 0.900000 0.208333 0.042708 0.083333
2 0.858333 0.592136 0.106250 0.299296
3 0.625781 0.305751 0.051562 0.125587
2 0.732552 0.322183 0.080729 0.127934
2 0.675260 0.241784 0.067187 0.136150
3 0.824219 0.170775 0.048438 0.090376
