1 0.191875 0.664444 0.061250 0.053333
1 0.286875 0.696667 0.073750 0.055556
1 0.357500 0.702222 0.075000 0.048889
1 0.453750 0.680000 0.062500 0.044444
1 0.712500 0.784444 0.042500 0.075556
1 0.623750 0.733333 0.035000 0.066667
3 0.573750 0.710000 0.040000 0.113333
1 0.623125 0.681111 0.026250 0.051111
3 0.455000 0.643333 0.072500 0.064444
4 0.165000 0.732222 0.067500 0.064444
0 0.217500 0.718889 0.030000 0.046667
0 0.444375 0.784444 0.036250 0.057778
0 0.717500 0.887778 0.025000 0.086667
0 0.859375 0.950000 0.036250 0.100000
0 0.805000 0.856667 0.025000 0.082222
0 0.749375 0.866667 0.018750 0.084444
0 0.749375 0.770000 0.021250 0.064444
0 0.666250 0.736667 0.027500 0.064444
0 0.496875 0.731111 0.031250 0.053333
0 0.504375 0.781111 0.033750 0.060000
4 0.992500 0.924444 0.015000 0.097778
0 0.511250 0.684444 0.012500 0.053333
4 0.520000 0.833333 0.012500 0.071111
4 0.500625 0.832222 0.018750 0.073333
