0 0.405000 0.796667 0.025000 0.082222
0 0.262500 0.824444 0.020000 0.084444
0 0.190000 0.888889 0.025000 0.102222
0 0.127500 0.913333 0.025000 0.111111
0 0.055625 0.940000 0.033750 0.115556
0 0.188750 0.821111 0.020000 0.073333
0 0.231875 0.780000 0.021250 0.062222
0 0.664375 0.853333 0.021250 0.084444
0 0.647500 0.812222 0.015000 0.064444
0 0.881250 0.885556 0.027500 0.086667
0 0.871875 0.960000 0.033750 0.080000
0 0.758750 0.965556 0.032500 0.068889
0 0.345000 0.720000 0.015000 0.053333
1 0.308750 0.913333 0.082500 0.155556
2 0.755000 0.823333 0.120000 0.197778
1 0.622500 0.702222 0.032500 0.057778
1 0.520625 0.656667 0.061250 0.042222
1 0.568750 0.643333 0.055000 0.046667
1 0.405000 0.663333 0.030000 0.055556
0 0.661875 0.714444 0.013750 0.042222
