0 0.306250 0.858889 0.017500 0.091111
0 0.256250 0.933333 0.017500 0.111111
0 0.176875 0.910000 0.033750 0.100000
0 0.089375 0.933333 0.028750 0.111111
0 0.228750 0.836667 0.020000 0.095556
0 0.272500 0.790000 0.015000 0.077778
0 0.185000 0.827778 0.017500 0.068889
0 0.795000 0.928889 0.022500 0.097778
0 0.873750 0.892222 0.022500 0.091111
0 0.942500 0.952222 0.035000 0.095556
0 0.811875 0.854444 0.018750 0.077778
0 0.740625 0.831111 0.016250 0.080000
0 0.760000 0.808889 0.017500 0.088889
0 0.725625 0.756667 0.016250 0.068889
3 0.662500 0.846667 0.075000 0.177778
3 0.614375 0.665556 0.033750 0.086667
1 0.543750 0.667778 0.035000 0.051111
1 0.555625 0.707778 0.033750 0.051111
1 0.606250 0.782222 0.055000 0.080000
1 0.642500 0.707778 0.035000 0.068889
1 0.403750 0.762222 0.050000 0.093333
1 0.328125 0.794444 0.053750 0.104444
1 0.394375 0.712222 0.036250 0.060000
0 0.295625 0.772222 0.011250 0.077778
