1 0.366875 0.845556 0.058750 0.095556
1 0.388750 0.737778 0.040000 0.075556
1 0.646875 0.768889 0.051250 0.080000
1 0.561250 0.730000 0.032500 0.060000
3 0.699375 0.916667 0.081250 0.166667
3 0.613750 0.955556 0.107500 0.088889
3 0.070625 0.950000 0.138750 0.091111
3 0.270000 0.768889 0.077500 0.142222
2 0.217500 0.930000 0.127500 0.140000
2 0.702500 0.712222 0.057500 0.117778
1 0.739375 0.806667 0.058750 0.093333
1 0.639375 0.700000 0.036250 0.057778
1 0.525625 0.670000 0.023750 0.051111
0 0.467500 0.775556 0.030000 0.057778
0 0.607500 0.881111 0.022500 0.060000
0 0.803125 0.827778 0.016250 0.068889
0 0.151875 0.882222 0.023750 0.097778
0 0.190625 0.832222 0.016250 0.077778
0 0.111250 0.867778 0.020000 0.064444
0 0.141875 0.831111 0.021250 0.084444
0 0.188750 0.782222 0.017500 0.062222
0 0.322500 0.795556 0.015000 0.075556
