0 0.310625 0.6566666666666666 0.043750000000000004 0.1622222222222222
0 0.499375 0.7555555555555555 0.04875 0.20444444444444446
0 0.570625 0.8488888888888889 0.06125 0.24
0 0.666875 0.8411111111111111 0.07125000000000001 0.25555555555555554
0 0.7993750000000001 0.8444444444444444 0.06875 0.26222222222222225
0 0.60375 0.6688888888888889 0.05 0.17777777777777778
0 0.629375 0.6111111111111112 0.03625 0.15555555555555556
0 0.511875 0.6155555555555555 0.03625 0.1511111111111111
0 0.545 0.5766666666666667 0.035 0.14
0 0.578125 0.49333333333333335 0.03625 0.13333333333333333
0 0.464375 0.5355555555555556 0.02875 0.13777777777777778
0 0.5025000000000001 0.5 0.0325 0.12444444444444444
0 0.5225 0.4588888888888889 0.04 0.10444444444444445
0 0.43125 0.49666666666666665 0.02 0.11777777777777777
1 0.395 0.8533333333333333 0.225 0.28888888888888886
2 0.740625 0.5666666666666667 0.11875000000000001 0.19555555555555557
