0 0.200625 0.43555555555555553 0.02375 0.08444444444444445
0 0.17875 0.3788888888888889 0.02 0.07333333333333333
0 0.15687500000000001 0.4111111111111111 0.02125 0.07555555555555556
0 0.17250000000000001 0.48333333333333334 0.0225 0.10444444444444445
0 0.36375 0.7455555555555555 0.0475 0.20222222222222222
0 0.494375 0.8011111111111111 0.043750000000000004 0.20666666666666667
0 0.543125 0.7388888888888889 0.04625 0.22444444444444445
0 0.568125 0.6377777777777778 0.04125 0.17777777777777778
0 0.62 0.8655555555555555 0.065 0.2644444444444444
0 0.71625 0.7988888888888889 0.055 0.20222222222222222
0 0.766875 0.7 0.04875 0.2
0 0.868125 0.87 0.08625000000000001 0.2511111111111111
0 0.480625 0.6055555555555555 0.03375 0.15333333333333332
0 0.52 0.5088888888888888 0.0375 0.12444444444444444
0 0.4625 0.5211111111111111 0.0275 0.11333333333333333
0 0.433125 0.4866666666666667 0.02125 0.1111111111111111
0 0.390625 0.48444444444444446 0.02125 0.1111111111111111
1 0.63 0.5511111111111111 0.11 0.16444444444444445
1 0.9125 0.7922222222222223 0.17250000000000001 0.2911111111111111
1 0.58 0.4011111111111111 0.0775 0.09111111111111111
1 0.50625 0.41333333333333333 0.065 0.09333333333333334
