3 0.657500 0.790000 0.072500 0.140000
3 0.393125 0.807778 0.066250 0.197778
3 0.318125 0.787778 0.073750 0.153333
1 0.251250 0.896667 0.102500 0.144444
1 0.689375 0.958889 0.081250 0.068889
1 0.560000 0.730000 0.037500 0.060000
1 0.602500 0.718889 0.030000 0.060000
1 0.426875 0.720000 0.036250 0.080000
1 0.397500 0.677778 0.035000 0.048889
1 0.372500 0.730000 0.037500 0.068889
2 0.398750 0.618889 0.042500 0.100000
1 0.461250 0.658889 0.027500 0.051111
0 0.795625 0.960000 0.028750 0.071111
0 0.605000 0.911111 0.020000 0.097778
0 0.568125 0.810000 0.018750 0.077778
0 0.541250 0.781111 0.017500 0.068889
0 0.763125 0.898889 0.021250 0.091111
0 0.826875 0.916667 0.023750 0.086667
0 0.905625 0.935556 0.033750 0.097778
0 0.831875 0.851111 0.021250 0.071111
0 0.770625 0.850000 0.023750 0.086667
0 0.730000 0.811111 0.017500 0.071111
0 0.708125 0.782222 0.016250 0.062222
4 0.865000 0.855556 0.010000 0.075556
0 0.106875 0.927778 0.026250 0.100000
0 0.146250 0.965556 0.050000 0.068889
0 0.168750 0.871111 0.020000 0.097778
0 0.188125 0.887778 0.023750 0.086667
0 0.133750 0.935556 0.022500 0.084444
0 0.138750 0.837778 0.022500 0.088889
0 0.190000 0.807778 0.015000 0.051111
0 0.206250 0.817778 0.012500 0.066667
0 0.216875 0.775556 0.018750 0.066667
0 0.162500 0.725556 0.030000 0.051111
0 0.505625 0.717778 0.021250 0.048889
0 0.468750 0.780000 0.037500 0.053333
1 0.397500 0.676667 0.032500 0.055556
