0 0.321615 0.663146 0.028646 0.119718
0 0.243750 0.464202 0.042708 0.092723
0 0.180208 0.395540 0.029167 0.079812
0 0.209375 0.373239 0.040625 0.065728
0 0.699219 0.421948 0.017188 0.090376
0 0.686979 0.353286 0.016667 0.070423
0 0.876042 0.401408 0.026042 0.079812
0 0.915625 0.521714 0.028125 0.109155
0 0.879167 0.343897 0.020833 0.065728
0 0.878906 0.276408 0.020313 0.066901
0 0.758854 0.282864 0.017708 0.075117
0 0.684635 0.219484 0.015104 0.068075
1 0.209635 0.654930 0.092188 0.197183
1 0.144271 0.474765 0.093750 0.125587
1 0.165365 0.872066 0.161979 0.117371
1 0.623958 0.317488 0.063542 0.095070
1 0.792708 0.333333 0.057292 0.065728
1 0.789062 0.263498 0.036458 0.045775
1 0.742708 0.187793 0.028125 0.046948
3 0.486979 0.467136 0.122917 0.255869
3 0.813021 0.558099 0.106250 0.278169
