0 0.095625 0.790000 0.051250 0.126667
0 0.028125 0.831111 0.043750 0.142222
0 0.250000 0.766667 0.045000 0.133333
0 0.191875 0.715556 0.041250 0.120000
0 0.134375 0.644444 0.031250 0.093333
0 0.162500 0.651111 0.035000 0.093333
0 0.262500 0.658889 0.045000 0.108889
1 0.338125 0.586667 0.083750 0.137778
0 0.286875 0.591111 0.026250 0.088889
0 0.208750 0.650000 0.037500 0.082222
0 0.205625 0.584444 0.036250 0.075556
0 0.235000 0.601111 0.025000 0.082222
1 0.588750 0.810000 0.090000 0.157778
0 0.666875 0.806667 0.031250 0.128889
1 0.713750 0.757778 0.092500 0.160000
0 0.727500 0.912222 0.055000 0.157778
0 0.824375 0.873333 0.048750 0.146667
0 0.793750 0.767778 0.037500 0.117778
0 0.850000 0.748889 0.040000 0.115556
0 0.902500 0.731111 0.052500 0.111111
0 0.933750 0.708889 0.037500 0.102222
0 0.783750 0.658889 0.030000 0.100000
0 0.543750 0.566667 0.027500 0.084444
0 0.686875 0.614444 0.023750 0.082222
0 0.721875 0.604444 0.026250 0.080000
0 0.888125 0.613333 0.038750 0.093333
0 0.640000 0.535556 0.025000 0.071111
0 0.706875 0.557778 0.028750 0.066667
0 0.401250 0.525556 0.022500 0.077778
1 0.359375 0.498889 0.058750 0.095556
0 0.246250 0.523333 0.017500 0.068889
