0 0.689323 0.332746 0.021354 0.066901
0 0.711198 0.392606 0.016146 0.076291
0 0.620833 0.861502 0.050000 0.129108
0 0.717187 0.859155 0.043750 0.136150
0 0.979688 0.843310 0.040625 0.184272
0 0.269010 0.541080 0.030729 0.089202
0 0.928906 0.491197 0.024479 0.092723
1 0.717187 0.588615 0.085417 0.137324
1 0.848437 0.669014 0.092708 0.180751
1 0.860677 0.424296 0.072396 0.125587
1 0.774479 0.400822 0.056250 0.120892
1 0.823177 0.309272 0.049479 0.080986
1 0.755469 0.225939 0.047396 0.052817
1 0.694010 0.238263 0.043229 0.058685
3 0.842448 0.207746 0.057813 0.122066
3 0.449219 0.629695 0.161979 0.334507
3 0.170833 0.438967 0.102083 0.140845
