1 0.7984189723320158 0.7692307692307693 0.35968379446640314 0.42657342657342656
1 0.7648221343873517 0.5821678321678322 0.24901185770750986 0.22727272727272727
0 0.7213438735177865 0.9527972027972028 0.07114624505928853 0.06643356643356643
0 0.37549407114624506 0.5874125874125874 0.07905138339920947 0.18181818181818182
0 0.2302371541501976 0.5821678321678322 0.05731225296442687 0.17132867132867133
0 0.2075098814229249 0.4597902097902098 0.05138339920948616 0.11538461538461539
0 0.11956521739130434 0.4597902097902098 0.04940711462450593 0.13636363636363635
0 0.029644268774703556 0.3986013986013986 0.03952569169960474 0.08391608391608392
0 0.07312252964426877 0.3479020979020979 0.035573122529644265 0.08741258741258741
1 0.23616600790513834 0.3723776223776224 0.1719367588932806 0.1853146853146853
