0 0.605000 0.821111 0.020000 0.077778
0 0.536250 0.808889 0.017500 0.071111
0 0.866250 0.895556 0.022500 0.084444
0 0.252500 0.897778 0.022500 0.102222
0 0.183750 0.907778 0.030000 0.108889
0 0.112500 0.926667 0.032500 0.102222
0 0.286875 0.838889 0.016250 0.082222
0 0.239375 0.822222 0.013750 0.075556
0 0.270000 0.791111 0.020000 0.075556
0 0.312500 0.748889 0.015000 0.062222
0 0.427500 0.721111 0.012500 0.060000
4 0.509375 0.852222 0.011250 0.086667
3 0.688125 0.906667 0.111250 0.182222
3 0.790000 0.917778 0.097500 0.164444
3 0.545625 0.671111 0.033750 0.080000
2 0.351875 0.711111 0.083750 0.062222
1 0.626875 0.740000 0.041250 0.062222
1 0.681250 0.701111 0.040000 0.055556
1 0.720000 0.807778 0.055000 0.077778
1 0.613750 0.686667 0.032500 0.044444
1 0.241875 0.726667 0.093750 0.066667
0 0.149375 0.758889 0.013750 0.068889
0 0.113125 0.828889 0.016250 0.048889
4 0.533750 0.768889 0.055000 0.084444
