0 0.46875 0.5388888888888889 0.0325 0.13111111111111112
0 0.525 0.48777777777777775 0.0325 0.13111111111111112
0 0.579375 0.5366666666666666 0.02875 0.13111111111111112
0 0.64125 0.5566666666666666 0.0375 0.14
1 0.335625 0.7822222222222223 0.17625 0.28444444444444444
0 0.6075 0.8311111111111111 0.065 0.24444444444444444
0 0.680625 0.7022222222222222 0.04875 0.18222222222222223
0 0.738125 0.6111111111111112 0.04875 0.14666666666666667
0 0.8093750000000001 0.81 0.07375 0.21555555555555556
0 0.94875 0.8766666666666667 0.1 0.24222222222222223
0 0.4225 0.4444444444444444 0.0275 0.10666666666666666
1 0.196875 0.3988888888888889 0.058750000000000004 0.08666666666666667
