0 0.63359375 0.35035211267605637 0.0171875 0.05751173708920188
0 0.7291666666666666 0.4865023474178404 0.025 0.0903755868544601
0 0.7455729166666667 0.4477699530516432 0.027604166666666666 0.08333333333333333
0 0.8390624999999999 0.5862676056338029 0.026041666666666668 0.08568075117370892
0 0.8369791666666666 0.7517605633802817 0.05 0.1396713615023474
0 0.90703125 0.6971830985915494 0.0390625 0.10093896713615023
0 0.9244791666666666 0.5974178403755869 0.030208333333333334 0.09389671361502347
0 0.90703125 0.511737089201878 0.019270833333333334 0.07511737089201878
0 0.9244791666666666 0.4724178403755869 0.022916666666666665 0.0715962441314554
0 0.9786458333333333 0.5440140845070423 0.026041666666666668 0.09741784037558686
0 0.93046875 0.8562206572769954 0.03802083333333333 0.1255868544600939
0 0.2526041666666667 0.8392018779342724 0.042708333333333334 0.1596244131455399
0 0.13489583333333333 0.8550469483568075 0.053125 0.09976525821596244
0 0.19453125 0.7118544600938967 0.033854166666666664 0.06690140845070423
0 0.16848958333333333 0.44483568075117375 0.030729166666666665 0.08215962441314555
0 0.8783854166666667 0.4612676056338028 0.0171875 0.07276995305164319
0 0.8572916666666667 0.4906103286384977 0.01875 0.08450704225352113
0 0.8377604166666667 0.43838028169014087 0.019270833333333334 0.07629107981220658
0 0.859375 0.4166666666666667 0.010416666666666666 0.03990610328638498
1 0.7283854166666667 0.22065727699530516 0.0453125 0.04929577464788733
1 0.7481770833333333 0.6854460093896714 0.07239583333333333 0.1619718309859155
1 0.790625 0.42312206572769956 0.04583333333333333 0.09272300469483569
1 0.8046875 0.3456572769953052 0.051041666666666666 0.08333333333333333
1 0.61015625 0.3051643192488263 0.0546875 0.08685446009389672
3 0.6111979166666667 0.6895539906103286 0.12864583333333332 0.28286384976525825
3 0.7005208333333334 0.35563380281690143 0.075 0.12441314553990611
3 0.7669270833333334 0.24471830985915494 0.04114583333333333 0.07629107981220658
2 0.8520833333333333 0.2857981220657277 0.053125 0.09976525821596244
