0 0.346875 0.8288888888888889 0.04875 0.23555555555555555
0 0.49875 0.8533333333333333 0.0525 0.22666666666666666
0 0.44875 0.6844444444444444 0.0425 0.18666666666666668
0 0.37625000000000003 0.6133333333333333 0.0225 0.1511111111111111
0 0.508125 0.6188888888888889 0.03625 0.15777777777777777
0 0.5825 0.7544444444444445 0.045 0.2288888888888889
0 0.630625 0.6766666666666666 0.03875 0.18888888888888888
0 0.72875 0.7688888888888888 0.0525 0.21333333333333332
0 0.8250000000000001 0.76 0.0675 0.21777777777777776
0 0.69875 0.8922222222222222 0.0575 0.2111111111111111
0 0.80125 0.8955555555555555 0.085 0.20444444444444446
0 0.6431250000000001 0.5166666666666667 0.03375 0.12666666666666668
0 0.54875 0.5422222222222223 0.0325 0.13333333333333333
3 0.878125 0.6311111111111111 0.24125 0.36
1 0.20875 0.5344444444444444 0.095 0.14444444444444443
