0 0.21328125 0.45833333333333337 0.028125 0.09444444444444444
0 0.09648437500000001 0.5986111111111111 0.047656250000000004 0.14444444444444446
0 0.837109375 0.7875 0.06015625 0.17500000000000002
0 0.9300781250000001 0.7861111111111111 0.05859375 0.16666666666666669
0 0.8445312500000001 0.5743055555555556 0.0390625 0.10694444444444445
0 0.282421875 0.36319444444444443 0.01953125 0.0625
0 0.298828125 0.3104166666666667 0.017968750000000002 0.04861111111111111
3 0.44648437500000004 0.27083333333333337 0.05859375 0.11111111111111112
2 0.225390625 0.7486111111111111 0.31953125000000004 0.5
2 0.362890625 0.32222222222222224 0.06015625 0.13055555555555556
