3 0.740625 0.5122222222222222 0.16625 0.2644444444444444
1 0.19062500000000002 0.4766666666666667 0.07375 0.12222222222222222
0 0.369375 0.8522222222222222 0.051250000000000004 0.25555555555555554
0 0.3525 0.6255555555555555 0.03 0.1711111111111111
0 0.44 0.6277777777777778 0.0325 0.17555555555555555
0 0.5125 0.6777777777777778 0.045 0.18222222222222223
0 0.57125 0.6488888888888888 0.0375 0.17333333333333334
0 0.63625 0.8566666666666667 0.055 0.2288888888888889
0 0.675625 0.7766666666666666 0.05375 0.2288888888888889
0 0.730625 0.73 0.051250000000000004 0.15777777777777777
0 0.63125 0.6511111111111111 0.045 0.1688888888888889
0 0.75 0.89 0.08 0.21555555555555556
0 0.52625 0.49 0.025 0.11777777777777777
0 0.406875 0.5277777777777778 0.02875 0.14
0 0.35875 0.4911111111111111 0.025 0.12
0 0.564375 0.5155555555555555 0.02875 0.13333333333333333
0 0.6012500000000001 0.5011111111111111 0.0325 0.11777777777777777
