0 0.270573 0.549883 0.035937 0.099765
0 0.621875 0.861502 0.050000 0.138498
0 0.716927 0.855634 0.038021 0.117371
0 0.713021 0.400822 0.020833 0.078638
0 0.692187 0.330399 0.016667 0.069249
0 0.925000 0.481221 0.022917 0.096244
0 0.981510 0.834507 0.036979 0.173709
0 0.876563 0.272300 0.015625 0.058685
1 0.856510 0.423122 0.060937 0.130282
1 0.842448 0.665493 0.104688 0.208920
1 0.714844 0.587441 0.081771 0.160798
1 0.778646 0.399648 0.066667 0.104460
1 0.828906 0.311620 0.049479 0.062207
1 0.757292 0.220070 0.037500 0.064554
1 0.690885 0.234742 0.038021 0.056338
3 0.452083 0.627347 0.170833 0.329812
3 0.164583 0.436033 0.104167 0.144366
3 0.840365 0.204225 0.061979 0.119718
