4 0.160625 0.836667 0.023750 0.108889
0 0.098125 0.958889 0.033750 0.082222
0 0.213125 0.882222 0.018750 0.097778
0 0.295625 0.758889 0.013750 0.060000
1 0.299375 0.847778 0.063750 0.117778
1 0.378125 0.892222 0.068750 0.148889
1 0.584375 0.950000 0.073750 0.100000
1 0.572500 0.860000 0.050000 0.080000
1 0.630000 0.815556 0.070000 0.062222
1 0.696875 0.755556 0.058750 0.080000
1 0.751875 0.876667 0.081250 0.117778
3 0.725000 0.936667 0.115000 0.126667
3 0.403750 0.787778 0.055000 0.091111
1 0.520000 0.646667 0.060000 0.048889
3 0.448750 0.631111 0.040000 0.075556
0 0.793750 0.844444 0.017500 0.080000
0 0.826875 0.848889 0.016250 0.071111
